0.00158203230961362
0.0870617565242711
0.515775635820503
0.738023137949398
0.693310615925412
0.523666078236857
0.49999475130619
0.549967553725047
0.606515730025386
0.688050319442503
0.802461778681661
0.855064756015686
0.814297448165426
0.731447766848
0.674899578443018
0.635447357224294
0.647283023309754
0.70383120903378
0.778790440438712
0.856379830510264
0.88268132102958
0.840598936772579
0.772215068875916
0.709091505659252
0.673584504359397
0.670954356201044
0.723557321624455
0.785365812075987
0.849804458067275
0.874790873748189
0.832708490065045
0.763009548813116
0.718297024868221
0.678844800711701
0.686735245329203
0.734077915279642
0.786680886412384
0.857694905007826
0.874790873748189
0.843229085698979
0.787995960751758
0.735392989499914
0.707776431498424
0.702516134884831
0.736708063723171
0.80377685305681
0.861640128518445
0.88268132102958
0.845859234637338
0.787995960751758
0.744598509125169
0.709091505659252
0.69462569005357
0.736708063723171
0.793256258139074
0.852434607035505
0.883996395586955
0.844544160166663
0.794571332493355
0.753804028896212
0.706461357340572
0.706461357340572
0.740653286410776
0.793256258139074
0.855064756015686
0.885311470147315
0.853749681524107
0.807722076200164
0.759064325973725
0.726187470020406
0.713036728159551
0.743283434884063
0.801146704309488
0.853749681524107
0.883996395586955
0.855064756015686
0.801146704309488
0.763009548813116
0.722242247430941
0.70383120903378
0.743283434884063
0.784050737742575
0.855064756015686
0.886626544710666
0.857694905007826
0.816927596972413
0.773530143182512
0.736708063723171
0.719612099052824
0.739338212178602
0.794571332493355
0.852434607035505
0.890571768418681
0.870845650147871
0.818242671380389
0.786680886412384
0.748543731866334
0.720927173240398
0.752488954634273
0.801146704309488
0.855064756015686
0.889256693846356
0.874790873748189
0.826133117890876
0.785365812075987
0.739338212178602
0.716981950686602
0.739338212178602
0.786680886412384
0.843229085698979
0.880051171923824
0.866900426574468
0.828763266751587
0.78273566341214
0.743283434884063
0.718297024868221
0.734077915279642
0.784050737742575
0.837968787858117
0.886626544710666
0.88136624647521
0.837968787858117
0.794571332493355
0.752488954634273
0.723557321624455
0.738023137949398
0.786680886412384
0.837968787858117
0.883996395586955
0.878736097375423
0.841914011234294
0.795886406850613
0.759064325973725
0.732762841062332
0.738023137949398
0.781420589084675
0.832708490065045
0.88268132102958
0.883996395586955
0.843229085698979
0.802461778681661
0.765639697387599
0.734077915279642
0.739338212178602
0.777475366120193
0.828763266751587
0.880051171923824
0.885311470147315
0.855064756015686
0.809037150587251
0.773530143182512
0.740653286410776
0.743283434884063
0.778790440438712
0.828763266751587
0.883996395586955
0.887941619277015
0.857694905007826
0.815612522567427
0.776160291804658
0.736708063723171
0.738023137949398
0.773530143182512
0.828763266751587
0.876105948287609
0.890571768418681
0.856379830510264
0.820872820205281
0.777475366120193
0.743283434884063
0.736708063723171
0.7748452174921
0.822187894622203
0.872160724678324
0.89451699215364
0.859009979508379
0.824818043465001
0.789311035094116
0.752488954634273
0.739338212178602
0.773530143182512
0.82350296904211
0.876105948287609
0.89451699215364
0.869530575620409
0.834023564508833
0.79194118378777
0.755119103161121
0.741968360645927
0.770899994572297
0.822187894622203
0.869530575620409
0.899777290508808
0.878736097375423
0.827448192319736
0.7998316299403
0.763009548813116
0.745913583369244
0.76826984597399
0.809037150587251
0.865585352055973
0.901092365105086
0.876105948287609
0.843229085698979
0.802461778681661
0.766954771679302
0.748543731866334
0.764324623098865
0.812982373766403
0.868215501095946
0.899777290508808
0.887941619277015
0.851119532549895
0.809037150587251
0.770899994572297
0.745913583369244
0.763009548813116
0.80377685305681
0.857694905007826
0.901092365105086
0.889256693846356
0.848489383587641
0.815612522567427
0.7748452174921
0.755119103161121
0.766954771679302
0.807722076200164
0.864270277540477
0.890571768418681
0.889256693846356
0.856379830510264
0.812982373766403
0.772215068875916
0.752488954634273
0.763009548813116
0.805091927434944
0.853749681524107
0.895832066737938
0.895832066737938
0.853749681524107
0.818242671380389
0.78273566341214
0.756434177429014
0.763009548813116
0.797201481210863
0.849804458067275
0.89451699215364
0.890571768418681
0.865585352055973
0.824818043465001
0.785365812075987
0.755119103161121
0.755119103161121
0.794571332493355
0.848489383587641
0.889256693846356
0.898462215915529
0.861640128518445
0.826133117890876
0.789311035094116
0.753804028896212
0.761694474530337
0.793256258139074
0.841914011234294
0.890571768418681
0.897147141325235
0.876105948287609
0.831393415624234
0.789311035094116
0.760379400250542
0.757749251699877
0.786680886412384
0.836653713405369
0.88268132102958
0.897147141325235
0.869530575620409
0.831393415624234
0.797201481210863
0.764324623098865
0.757749251699877
0.785365812075987
0.835338638955605
0.878736097375423
0.895832066737938
0.869530575620409
0.830078341186422
0.797201481210863
0.761694474530337
0.753804028896212
0.780105514760209
0.824818043465001
0.874790873748189
0.89451699215364
0.877421022830021
0.840598936772579
0.80377685305681
0.769584920271654
0.756434177429014
0.778790440438712
0.822187894622203
0.878736097375423
0.901092365105086
0.88268132102958
0.841914011234294
0.815612522567427
0.769584920271654
0.753804028896212
0.773530143182512
0.819557745791336
0.869530575620409
0.895832066737938
0.88136624647521
0.845859234637338
0.807722076200164
0.7748452174921
0.753804028896212
0.772215068875916
0.816927596972413
0.866900426574468
0.901092365105086
0.886626544710666
0.848489383587641
0.818242671380389
0.778790440438712
0.756434177429014
0.7748452174921
0.818242671380389
0.866900426574468
0.891886842994012
0.891886842994012
0.856379830510264
0.818242671380389
0.78273566341214
0.761694474530337
0.777475366120193
0.810352224977322
0.856379830510264
0.890571768418681
0.899777290508808
0.857694905007826
0.828763266751587
0.790626109439458
0.76826984597399
0.7748452174921
0.805091927434944
0.857694905007826
0.899777290508808
0.895832066737938
0.865585352055973
0.830078341186422
0.79194118378777
0.764324623098865
0.763009548813116
0.801146704309488
0.855064756015686
0.895832066737938
0.903722514306622
0.870845650147871
0.835338638955605
0.7998316299403
0.765639697387599
0.766954771679302
0.806407001816069
0.849804458067275
0.895832066737938
0.897147141325235
0.874790873748189
0.839283862313856
0.7998316299403
0.776160291804658
0.770899994572297
0.802461778681661
0.849804458067275
0.889256693846356
0.901092365105086
0.880051171923824
0.843229085698979
0.806407001816069
0.769584920271654
0.770899994572297
0.802461778681661
0.841914011234294
0.891886842994012
0.902407439704362
0.880051171923824
0.847174309110997
0.801146704309488
0.770899994572297
0.765639697387599
0.79194118378777
0.837968787858117
0.88268132102958
0.906352663520138
0.886626544710666
0.847174309110997
0.819557745791336
0.778790440438712
0.766954771679302
0.790626109439458
0.827448192319736
0.88268132102958
0.905037588911881
0.885311470147315
0.856379830510264
0.816927596972413
0.78273566341214
0.76826984597399
0.787995960751758
0.834023564508833
0.877421022830021
0.902407439704362
0.891886842994012
0.849804458067275
0.822187894622203
0.780105514760209
0.773530143182512
0.786680886412384
0.820872820205281
0.869530575620409
0.903722514306622
0.889256693846356
0.855064756015686
0.812982373766403
0.781420589084675
0.760379400250542
0.7748452174921
0.814297448165426
0.865585352055973
0.901092365105086
0.891886842994012
0.856379830510264
0.820872820205281
0.785365812075987
0.756434177429014
0.7748452174921
0.809037150587251
0.861640128518445
0.893201917572327
0.886626544710666
0.859009979508379
0.831393415624234
0.789311035094116
0.763009548813116
0.770899994572297
0.81166729937037
0.855064756015686
0.895832066737938
0.895832066737938
0.864270277540477
0.831393415624234
0.795886406850613
0.770899994572297
0.76826984597399
0.807722076200164
0.853749681524107
0.893201917572327
0.89451699215364
0.865585352055973
0.834023564508833
0.79194118378777
0.766954771679302
0.766954771679302
0.80377685305681
0.848489383587641
0.891886842994012
0.898462215915529
0.874790873748189
0.830078341186422
0.801146704309488
0.769584920271654
0.76826984597399
0.794571332493355
0.839283862313856
0.887941619277015
0.902407439704362
0.877421022830021
0.839283862313856
0.805091927434944
0.772215068875916
0.763009548813116
0.79194118378777
0.843229085698979
0.890571768418681
0.905037588911881
0.880051171923824
0.845859234637338
0.812982373766403
0.773530143182512
0.770899994572297
0.797201481210863
0.837968787858117
0.891886842994012
0.906352663520138
0.887941619277015
0.859009979508379
0.816927596972413
0.787995960751758
0.773530143182512
0.7998316299403
0.841914011234294
0.88136624647521
0.911612961983103
0.886626544710666
0.853749681524107
0.820872820205281
0.785365812075987
0.778790440438712
0.797201481210863
0.837968787858117
0.889256693846356
0.906352663520138
0.893201917572327
0.861640128518445
0.820872820205281
0.795886406850613
0.778790440438712
0.797201481210863
0.834023564508833
0.88136624647521
0.911612961983103
0.902407439704362
0.865585352055973
0.832708490065045
0.794571332493355
0.778790440438712
0.794571332493355
0.827448192319736
0.88136624647521
0.911612961983103
0.897147141325235
0.864270277540477
0.830078341186422
0.794571332493355
0.777475366120193
0.789311035094116
0.822187894622203
0.865585352055973
0.906352663520138
0.899777290508808
0.864270277540477
0.839283862313856
0.802461778681661
0.776160291804658
0.786680886412384
0.818242671380389
0.864270277540477
0.905037588911881
0.899777290508808
0.872160724678324
0.834023564508833
0.797201481210863
0.772215068875916
0.7748452174921
0.814297448165426
0.861640128518445
0.89451699215364
0.903722514306622
0.868215501095946
0.837968787858117
0.806407001816069
0.766954771679302
0.778790440438712
0.806407001816069
0.856379830510264
0.897147141325235
0.902407439704362
0.88268132102958
0.841914011234294
0.7998316299403
0.773530143182512
0.772215068875916
0.805091927434944
0.851119532549895
0.891886842994012
0.899777290508808
0.874790873748189
0.836653713405369
0.80377685305681
0.770899994572297
0.765639697387599
0.797201481210863
0.840598936772579
0.883996395586955
0.897147141325235
0.874790873748189
0.845859234637338
0.810352224977322
0.772215068875916
0.769584920271654
0.789311035094116
0.836653713405369
0.878736097375423
0.903722514306622
0.880051171923824
0.843229085698979
0.810352224977322
0.777475366120193
0.770899994572297
0.790626109439458
0.837968787858117
0.885311470147315
0.903722514306622
0.883996395586955
0.853749681524107
0.826133117890876
0.781420589084675
0.76826984597399
0.784050737742575
0.830078341186422
0.878736097375423
0.902407439704362
0.887941619277015
0.857694905007826
0.822187894622203
0.787995960751758
0.776160291804658
0.794571332493355
0.828763266751587
0.873475799211761
0.906352663520138
0.891886842994012
0.852434607035505
0.819557745791336
0.786680886412384
0.76826984597399
0.78273566341214
0.818242671380389
0.869530575620409
0.898462215915529
0.886626544710666
0.853749681524107
0.826133117890876
0.784050737742575
0.769584920271654
0.78273566341214
0.818242671380389
0.870845650147871
0.898462215915529
0.903722514306622
0.870845650147871
0.830078341186422
0.795886406850613
0.776160291804658
0.778790440438712
0.815612522567427
0.861640128518445
0.903722514306622
0.899777290508808
0.868215501095946
0.834023564508833
0.7998316299403
0.776160291804658
0.785365812075987
0.815612522567427
0.869530575620409
0.902407439704362
0.907667738131387
0.878736097375423
0.837968787858117
0.807722076200164
0.784050737742575
0.778790440438712
0.812982373766403
0.859009979508379
0.901092365105086
0.907667738131387
0.873475799211761
0.847174309110997
0.809037150587251
0.78273566341214
0.781420589084675
0.807722076200164
0.849804458067275
0.890571768418681
0.898462215915529
0.878736097375423
0.837968787858117
0.809037150587251
0.786680886412384
0.7748452174921
0.814297448165426
0.845859234637338
0.890571768418681
0.906352663520138
0.88268132102958
0.848489383587641
0.816927596972413
0.781420589084675
0.784050737742575
0.802461778681661
0.844544160166663
0.891886842994012
0.901092365105086
0.883996395586955
0.852434607035505
0.82350296904211
0.789311035094116
0.773530143182512
0.797201481210863
0.836653713405369
0.876105948287609
0.901092365105086
0.886626544710666
0.855064756015686
0.82350296904211
0.784050737742575
0.773530143182512
0.793256258139074
0.832708490065045
0.88268132102958
0.902407439704362
0.891886842994012
0.861640128518445
0.82350296904211
0.793256258139074
0.781420589084675
0.793256258139074
0.837968787858117
0.874790873748189
0.903722514306622
0.895832066737938
0.861640128518445
0.831393415624234
0.793256258139074
0.776160291804658
0.790626109439458
0.824818043465001
0.874790873748189
0.902407439704362
0.897147141325235
0.865585352055973
0.834023564508833
0.79194118378777
0.772215068875916
0.787995960751758
0.824818043465001
0.869530575620409
0.901092365105086
0.895832066737938
0.862955203027965
0.827448192319736
0.797201481210863
0.776160291804658
0.789311035094116
0.819557745791336
0.862955203027965
0.899777290508808
0.897147141325235
0.868215501095946
0.831393415624234
0.797201481210863
0.773530143182512
0.781420589084675
0.814297448165426
0.856379830510264
0.895832066737938
0.898462215915529
0.872160724678324
0.836653713405369
0.802461778681661
0.780105514760209
0.78273566341214
0.810352224977322
0.859009979508379
0.898462215915529
0.899777290508808
0.872160724678324
0.836653713405369
0.801146704309488
0.770899994572297
0.776160291804658
0.797201481210863
0.851119532549895
0.893201917572327
0.899777290508808
0.877421022830021
0.841914011234294
0.807722076200164
0.778790440438712
0.773530143182512
0.80377685305681
0.847174309110997
0.890571768418681
0.903722514306622
0.88136624647521
0.845859234637338
0.810352224977322
0.776160291804658
0.777475366120193
0.802461778681661
0.840598936772579
0.883996395586955
0.906352663520138
0.887941619277015
0.853749681524107
0.818242671380389
0.785365812075987
0.780105514760209
0.802461778681661
0.843229085698979
0.886626544710666
0.907667738131387
0.886626544710666
0.857694905007826
0.822187894622203
0.789311035094116
0.781420589084675
0.795886406850613
0.843229085698979
0.88268132102958
0.908982812745627
0.893201917572327
0.857694905007826
0.834023564508833
0.795886406850613
0.784050737742575
0.805091927434944
0.836653713405369
0.88268132102958
0.910297887362866
0.895832066737938
0.865585352055973
0.830078341186422
0.795886406850613
0.778790440438712
0.793256258139074
0.837968787858117
0.880051171923824
0.911612961983103
0.898462215915529
0.861640128518445
0.836653713405369
0.801146704309488
0.780105514760209
0.795886406850613
0.826133117890876
0.874790873748189
0.905037588911881
0.891886842994012
0.872160724678324
0.840598936772579
0.805091927434944
0.784050737742575
0.787995960751758
0.827448192319736
0.872160724678324
0.899777290508808
0.910297887362866
0.874790873748189
0.845859234637338
0.81166729937037
0.785365812075987
0.794571332493355
0.826133117890876
0.866900426574468
0.903722514306622
0.903722514306622
0.877421022830021
0.848489383587641
0.806407001816069
0.786680886412384
0.789311035094116
0.82350296904211
0.864270277540477
0.895832066737938
0.906352663520138
0.887941619277015
0.843229085698979
0.815612522567427
0.78273566341214
0.786680886412384
0.812982373766403
0.852434607035505
0.901092365105086
0.905037588911881
0.88136624647521
0.852434607035505
0.814297448165426
0.787995960751758
0.790626109439458
0.812982373766403
0.856379830510264
0.89451699215364
0.905037588911881
0.885311470147315
0.851119532549895
0.814297448165426
0.789311035094116
0.785365812075987
0.807722076200164
0.847174309110997
0.890571768418681
0.910297887362866
0.887941619277015
0.852434607035505
0.82350296904211
0.79194118378777
0.784050737742575
0.80377685305681
0.848489383587641
0.88136624647521
0.906352663520138
0.890571768418681
0.855064756015686
0.820872820205281
0.794571332493355
0.778790440438712
0.802461778681661
0.840598936772579
0.883996395586955
0.902407439704362
0.889256693846356
0.861640128518445
0.828763266751587
0.794571332493355
0.785365812075987
0.801146704309488
0.835338638955605
0.880051171923824
0.902407439704362
0.893201917572327
0.862955203027965
0.828763266751587
0.794571332493355
0.78273566341214
0.795886406850613
0.827448192319736
0.872160724678324
0.902407439704362
0.89451699215364
0.862955203027965
0.830078341186422
0.798516555574082
0.786680886412384
0.79194118378777
0.824818043465001
0.870845650147871
0.902407439704362
0.889256693846356
0.868215501095946
0.836653713405369
0.80377685305681
0.78273566341214
0.789311035094116
0.827448192319736
0.872160724678324
0.903722514306622
0.901092365105086
0.872160724678324
0.841914011234294
0.805091927434944
0.784050737742575
0.789311035094116
0.819557745791336
0.868215501095946
0.899777290508808
0.899777290508808
0.877421022830021
0.843229085698979
0.812982373766403
0.786680886412384
0.793256258139074
0.819557745791336
0.852434607035505
0.898462215915529
0.905037588911881
0.873475799211761
0.847174309110997
0.812982373766403
0.785365812075987
0.786680886412384
0.807722076200164
0.855064756015686
0.893201917572327
0.906352663520138
0.883996395586955
0.848489383587641
0.822187894622203
0.793256258139074
0.785365812075987
0.81166729937037
0.856379830510264
0.897147141325235
0.905037588911881
0.885311470147315
0.852434607035505
0.82350296904211
0.790626109439458
0.785365812075987
0.805091927434944
0.848489383587641
0.891886842994012
0.897147141325235
0.885311470147315
0.853749681524107
0.815612522567427
0.786680886412384
0.772215068875916
0.798516555574082
0.843229085698979
0.880051171923824
0.835338638955605
0.494734456562391
0.325089976290911
0.302733730591022
0.25539109542612
0.219884121534292
0.213308756231925
0.18306207677864
0.187007295750455
0.181747003793859
0.171226420020282
0.156760617635456
0.146240034303716
0.158075690564999
0.133089305400453
0.133089305400453
0.119938576787519
0.122568722486882
0.117308431099744
0.104157702834982
0.104157702834982
0.101527557216826
0.101527557216826
0.0949521932221842
0.0896919020786484
0.0896919020786484
0.0896919020786484
0.0870617565242711
0.0883768293000102
0.0804863926890249
0.0831165382144334
0.0844316109814827
0.0725959561823402
0.0818014654502832
0.0752261016729818
0.0712808834413607
0.0765411744226512
0.0699658107032803
0.0686507379680847
0.0673356652358024
0.0633904470562925
0.0633904470562925
0.0607603016177691
0.0660205925064048
0.0607603016177691
0.0607603016177691
0.0620753743355849
0.0607603016177691
0.0594452289028453
0.0581301561908205
0.0515547926740965
0.0633904470562925
0.0568150834816876
0.0555000107754466
0.0528698653716546
0.0555000107754466
0.0594452289028453
0.0594452289028453
0.0528698653716546
0.0541849380721047
0.0541849380721047
0.0555000107754466
0.0515547926740965
0.0515547926740965
0.0528698653716546
0.0528698653716546
0.0515547926740965
0.0541849380721047
0.0515547926740965
0.0502397199794302
0.0594452289028453
0.0541849380721047
0.0502397199794302
0.048924647287663
0.0502397199794302
0.0476095745987877
0.0502397199794302
0.048924647287663
0.048924647287663
0.0462945019128043
0.0449794292297128
0.0502397199794302
0.0476095745987877
0.0476095745987877
0.0462945019128043
0.0581301561908205
0.0462945019128043
0.0449794292297128
0.0436643565495132
0.0528698653716546
0.0436643565495132
0.0436643565495132
0.0410342111977968
0.0410342111977968
0.0436643565495132
0.0410342111977968
0.0436643565495132
0.039719138526273
0.0384040658576481
0.0423492838722055
0.302733730591022
2.10570197264722
3.8324013683056
4.54912137207126
4.11908924933213
2.80532360012246
1.07599731315034
0.763009548813116
1.77956287213797
3.26954672275361
4.34396838742907
4.62145096983537
3.92840233822869
2.49364994441115
0.718297024868221
0.351391442902838
1.09703851349392
2.23194941805146
3.49048024976187
4.47679178466892
4.62934147203758
3.87448398306316
2.41343017173713
0.756434177429014
0.436871217489305
1.04049028932023
2.07677027048483
3.33398565855269
4.40577729072977
4.71087666870726
4.09147251989334
2.69880220388529
0.853749681524107
0.321144756400102
0.970791322996035
2.08729088927744
3.35108170406605
4.41235270641734
4.69772582964013
4.10199317855178
2.76587122868747
1.17199779599953
0.368487396828769
0.876105948287609
1.75983672299961
3.07096964342522
4.23744667808631
4.76084986030509
4.35711921728883
3.08280536130277
1.29298472886662
0.322459829694111
0.795886406850613
1.78745333198846
3.08280536130277
4.23087126465873
4.76874036469681
4.365009715368
3.11042203737495
1.34164252433384
0.365857250038701
0.753804028896212
1.67304167505808
2.906584700077
4.12171941411819
4.73717834787504
4.40709237386047
3.22088875603373
1.48761593578754
0.335610562795168
0.701201060738867
1.58887679291963
2.78954265120102
4.04807480520705
4.71876717231287
4.46627111827205
3.32872533696786
1.61386324098795
0.390843645017824
0.647283023309754
1.44947873456685
2.69091173092788
3.92577217443144
4.70693141695097
4.56490237433514
3.60489229138054
1.86109762931032
0.402679306166988
0.555227848964364
1.4192319906005
2.59885622160954
3.91525151937649
4.69904091353135
4.62802638832862
3.63908440063553
2.00312594454647
0.511830414652124
0.560488144250925
1.30219025741933
2.47786900458997
3.7377154976006
4.6503828118481
4.65827331450389
3.82582596005886
2.16882569172756
0.548652479922595
0.509200267221289
1.27720382312284
2.39896431234847
3.72587976497725
4.61224538408902
4.65301297938628
3.80215449106183
2.33584056677641
0.759064325973725
0.489474161865729
1.13386061595413
2.2109081751376
3.47995960351234
4.51098395196938
4.75690460815579
4.07174628549024
2.63436334477485
0.820872820205281
0.394788865374473
1.0681068632205
2.16093522644675
3.42604129479555
4.47679178466892
4.71876717231287
4.03492398329882
2.62778795142025
0.945804903160955
0.403994379642683
0.964215949250189
2.04257826079323
3.28927292675433
4.38473596110208
4.74769901992821
4.20193944658328
2.80795375832109
1.04575058900836
0.346131149486766
0.912928036606331
1.92290624351177
3.24719035910998
4.32687230911984
4.75953477625187
4.26111816712717
2.92631089060711
1.19829930096164
0.380323057529175
0.865585352055973
1.83479609343523
3.0841204410832
4.23481651270512
4.77926103741241
4.3610644663131
3.17617603380374
1.30219025741933
0.311939243423922
0.828763266751587
1.77167241239901
2.97628390987402
4.18089812537551
4.74375376788241
4.37027004748886
3.17354587379009
1.47051994871508
0.397419012293575
0.731447766848
1.56652049822065
2.81189899564319
4.02966365462974
4.74769901992821
4.51887445244395
3.43656193996387
1.69802812687382
0.388213498128067
0.647283023309754
1.51391745537158
2.71984346566951
4.01782791532109
4.73717834787504
4.54254595460689
3.50494613869988
1.84794686121748
0.459227468274115
0.619666469483604
1.44553350700126
2.59491098584611
3.85344267525646
4.70561633303909
4.65169789561547
3.69826305657089
2.0478385698388
0.490789235535473
0.577584104258705
1.36794403713297
2.53310229596953
3.82451087841954
4.66221856587819
4.6267113046231
3.73508533477212
2.18986693302985
0.648598097334073
0.535501742060475
1.26010784239415
2.34899134650226
3.66670110590176
4.60172471487061
4.72534259207895
3.92445709253784
2.41869048433728
0.652543319424794
0.447391805988062
1.1667374951524
2.34110087862878
3.63513915714555
4.55306662259097
4.70430124913065
3.93234758394971
2.51732135500222
0.873475799211761
0.469748057172858
1.08257268817478
2.14515429622451
3.42078097229042
4.48599736794556
4.78320628973772
4.16643221754741
2.7290490179584
0.958955650307544
0.35270651626417
1.00366819285149
2.08334565720671
3.35897218679782
4.46101078515559
4.76874036469681
4.16511713503787
2.77507678176337
1.14306614193919
0.410569747065168
0.955010426132063
1.87687855143194
3.1972173143829
4.3242421432771
4.80819288851988
4.37027004748886
3.06307916498648
1.27457367220808
0.343501002796302
0.827448192319736
1.81112471220938
3.12488791589035
4.25848800162395
4.76348002842185
4.34396838742907
3.08938076023745
1.42317721798267
0.401364232694235
0.80377685305681
1.66909644592586
2.95261247911239
4.14144565044392
4.80030238350658
4.50177836823804
3.39184919945341
1.55073958485018
0.364542176648058
0.727502544222844
1.64542507171539
2.86844740044647
4.13224007339738
4.75690460815579
4.45969570188502
3.32872533696786
1.69671305043468
0.459227468274115
0.702516134884831
1.46525964510457
2.70537759810465
3.9454984032377
4.7319180119312
4.60040963123375
3.60620737246429
1.84794686121748
0.442131511715175
0.599940360407253
1.45999934154304
2.64488397430859
3.93366266586342
4.70693141695097
4.59777946397033
3.59831688601147
1.94394747544727
0.526296225732565
0.564433365746865
1.33901237312097
2.51732135500222
3.76664728959327
4.64775264432368
4.64643756056662
3.8166203886537
2.15962014891095
0.561803218079959
0.544707258532966
1.29824503087849
2.40816985918775
3.72850992775914
4.59777946397033
4.68589007477409
3.83108628664957
2.32400486529365
0.655173467500106
0.473693278058441
1.144381217092
2.28192237320636
3.53782316049968
4.53465545376267
4.71350683656202
4.0125675868269
2.46997853485114
0.770899994572297
0.443446585278984
1.10887418902657
2.1675106141729
3.49968581540348
4.4781068679839
4.75295935603756
4.07043120322366
2.63699350213909
0.872160724678324
0.403994379642683
1.00892849220265
2.06887980652196
3.31557453323545
4.40709237386047
4.75690460815579
4.20193944658328
2.79480296745668
1.06153148836185
0.385583351250034
0.939229529700143
1.92027608957591
3.25771100070681
4.36763988142162
4.7805761215174
4.24665225702725
2.95129739965638
1.1417510667894
0.375062763855233
0.897147141325235
1.8558373220359
3.0841204410832
4.25717291887742
4.7674252806229
4.34528347039974
3.0762299624494
1.34953297804559
0.377692910686335
0.7998316299403
1.7309050388564
3.01573629680954
4.17037746509632
4.7766308692128
4.40051695824107
3.22483399641179
1.4363279761219
0.377692910686335
0.730132692636644
1.62569892730284
2.84083073689098
4.06385579194128
4.7319180119312
4.4794219513023
3.41683573044613
1.66778136955462
0.402679306166988
0.667009133985772
1.50208177140705
2.70537759810465
4.0073072583865
4.75032918797599
4.58199846067795
3.55491921265197
1.75852164641515
0.421090335093822
0.615721247615056
1.47841040422267
2.64356889560568
3.9362928297009
4.71613700443055
4.63197163946579
3.66670110590176
2.01364656193716
0.485528940874154
0.552597701338797
1.35610835622251
2.55808878677313
3.849497430138
4.69641074575236
4.66616381728345
3.75481155631049
2.19118201063797
0.59336499086308
0.514460562094762
1.28377920046289
2.39107384375275
3.69826305657089
4.59383421310092
4.69378057798713
3.92051184687716
2.35688181448968
0.709091505659252
0.460542541876158
1.18120332259852
2.27534698410989
3.62593358911835
4.5622722072569
4.7200822562592
3.95470397693884
2.4831293178128
0.810352224977322
0.443446585278984
1.1193947897053
2.21485340812252
3.48390484583118
4.52018953586835
4.78978171034897
4.13881548555659
2.6527744465933
0.910297887362866
0.389528571571475
1.04180536423775
2.09912658565889
3.40368492451244
4.43996945323607
4.76611019655243
4.13487023825094
2.80137836284865
1.01944909104931
0.405309453121305
0.947119977862116
1.94657762949532
3.19590223432221
4.34791363635128
4.80293255183052
4.35448905128966
3.05124344754769
1.26273799324208
0.368487396828769
0.859009979508379
1.83348101667408
3.15644983401944
4.28478965726681
4.80950797270087
4.34133822149794
3.1314633153458
1.32849176839127
0.400049159224409
0.840598936772579
1.73485026842413
2.94866724075409
4.184843373036
4.79898729934979
4.50177836823804
3.31951977432073
1.56257526983656
0.381638130954997
0.730132692636644
1.60728785980965
2.87239263821338
4.08621219064504
4.75953477625187
4.45706553535411
3.39710952166898
1.61386324098795
0.442131511715175
0.684105097111498
1.54810943266476
2.73562441254677
4.00862234049156
4.74506885189422
4.60172471487061
3.57464542736849
1.89791978162398
0.444761658845735
0.622296617410768
1.44421843115217
2.66592523399058
3.92051184687716
4.71350683656202
4.58857387865642
3.64302964415538
1.96630378525317
0.542077110954637
0.586789621392846
1.36268373447561
2.47260869141803
3.79820924633414
4.66616381728345
4.72402750811885
3.87053873778419
2.31216916406702
0.578899178126143
0.477638498970521
1.24301186217862
2.44499204809983
3.74297582329754
4.63723197436344
4.71219175263292
3.87316890130016
2.41869048433728
0.812982373766403
0.503939972394981
1.20487467739143
2.23326449576035
3.50757630036788
4.53860070416937
4.76874036469681
4.06385579194128
2.63436334477485
0.815612522567427
0.400049159224409
1.06942193820127
2.22931926264312
3.51546678545117
4.50440853500132
4.76216494436174
4.06911612096044
2.68959665211287
1.01550386645926
0.455282247485627
1.01155864189627
2.02942748839828
3.30242372983099
4.44391470290442
4.82265881470079
4.29136507138961
2.91710533493588
1.1193947897053
0.347446222836382
0.941859679075478
1.95972839992258
3.29979356918944
4.37027004748886
4.78978171034897
4.22824109931142
2.9552426380341
1.22328573179791
0.431610923310473
0.88136624647521
1.80586440540681
3.06044900553289
4.27689916043146
4.83449457279636
4.45180520233328
3.28401260561541
1.42449229378284
0.377692910686335
0.815612522567427
1.76772718257134
3.01573629680954
4.23613159539402
4.80424763599768
4.45180520233328
3.23798479788451
1.55205466094749
0.43950136459636
0.777475366120193
1.57046572663239
2.81452915387402
4.02966365462974
4.74638393590949
4.53465545376267
3.49705565377509
1.79402871528241
0.438186291041362
0.68147494890566
1.56126019371467
2.76587122868747
4.0033620120915
4.75953477625187
4.56884762497822
3.56807002238025
1.81112471220938
0.481583719909082
0.656488541542203
1.45473903803047
2.61726732221916
3.90473086453596
4.69641074575236
4.63197163946579
3.66538602466541
2.07019488384127
0.50788519351029
0.580214251996537
1.34690282679615
2.54888323739577
3.8205656335216
4.67931465552452
4.64775264432368
3.79557908319902
2.15304476127908
0.643337801254603
0.5197208570154
1.30482040846175
2.39764923424126
3.71272895126746
4.60698504945236
4.72271242416218
3.9139364375097
2.38712860949769
0.651228245391593
0.50130982499951
1.17857317212653
2.32926517703213
3.59305656177586
4.55964204019236
4.71482192049456
3.98100561699104
2.45025236100477
0.785365812075987
0.464487762699946
1.12597016522764
2.18592170022433
3.49968581540348
4.51229903537326
4.80030238350658
4.11908924933213
2.73299425470179
0.895832066737938
0.384268277815423
1.0168189413196
2.12279797918389
3.40105476336518
4.48599736794556
4.79898729934979
4.16380205253171
2.74746012300813
1.09966866359116
0.428980776238674
0.943174753767636
1.89528962780642
3.19590223432221
4.31766672872974
4.80293255183052
4.29268015422436
2.99732518254322
1.23380633458269
0.36322710326035
0.880051171923824
1.85057701481119
3.16960063379409
4.27821424322886
4.7674252806229
4.29794048559729
3.09069584003413
1.3824098696923
0.43292599685077
0.836653713405369
1.7177542738316
2.93157120820465
4.16643221754741
4.78715154209411
4.49520295138967
3.37080791111721
1.54547928049163
0.394788865374473
0.734077915279642
1.66778136955462
2.87765295528111
4.13224007339738
4.774000701027
4.49783311811876
3.38132855518012
1.63621953756994
0.417145114561052
0.686735245329203
1.52706821562349
2.73956964933832
4.03492398329882
4.7766308692128
4.60566996580177
3.57596050837606
1.87556347457137
0.405309453121305
0.613091099717494
1.46920487280786
2.65934984025192
3.91130627378617
4.73323309591198
4.64117722557276
3.71272895126746
1.95841332286582
0.492104309208166
0.561803218079959
1.32849176839127
2.48707455276332
3.82977120499688
4.67931465552452
4.71087666870726
3.8166203886537
2.23852480662746
0.526296225732565
0.494734456562391
1.24038171142175
2.4344714224424
3.71930435808076
4.67142415253859
4.76611019655243
3.93497774778048
2.41343017173713
0.706461357340572
0.469748057172858
1.12465509011713
2.28323745103512
3.5943716428298
4.61224538408902
4.79109679448158
4.07437645003351
2.52258166860702
0.802461778681661
0.403994379642683
1.00366819285149
2.09255119874896
3.478644522746
4.54254595460689
4.87920743924249
4.23613159539402
2.85792676654334
0.978681771590125
0.364542176648058
0.93791445501698
2.03994810628921
3.37212299161357
4.5267649530417
4.89235828307678
4.3321326408461
2.91052993812485
1.0878329882486
0.35533666299564
0.885311470147315
1.88082378203229
3.26034116113874
4.39394154270687
4.8555359212137
4.28478965726681
2.97102359183632
1.08257268817478
0.329035196208068
0.857694905007826
1.86504285979876
3.13277839524667
4.3242421432771
4.81739847785934
4.39788679201718
3.10779187768721
1.35084805367488
0.388213498128067
0.781420589084675
1.67961705700682
2.99206486429814
4.22692601664284
4.83054932006671
4.49520295138967
3.29453324794567
1.53364359586449
0.342185929455454
0.695940764184684
1.6112330885074
2.85924184576994
4.10067809620767
4.83580965704649
4.60040963123375
3.47995960351234
1.73616534495289
0.382953204383739
0.632817209237892
1.49024608769078
2.7224736234503
4.05859546297599
4.83449457279636
4.69115041023569
3.66275586220267
1.96498870818082
0.401364232694235
0.559173070424862
1.42054706639151
2.63304826609754
3.92840233822869
4.76874036469681
4.68720515863433
3.74955123049365
2.0386330290419
0.463172689089077
0.542077110954637
1.3376972975191
2.49891025778669
3.857387920405
4.72402750811885
4.76348002842185
3.87448398306316
2.30164854096941
0.577584104258705
0.485528940874154
1.21934050580364
2.38055321913599
3.70089321921306
4.68983532636513
4.77268561693927
3.97443020685211
2.34636119053177
0.624926765349784
0.425035555653039
1.12991539057729
2.24510019528226
3.62198834572786
4.58331354426679
4.8055627201683
4.04675972300109
2.58176020017559
0.732762841062332
0.375062763855233
1.05101088874467
2.2017026316163
3.50100089622262
4.55306662259097
4.82265881470079
4.16906238257664
2.70800775581485
0.960270725038697
0.379007984106295
0.949750127273433
1.98734501883533
3.36686266964784
4.43996945323607
4.83054932006671
4.22035060335076
2.84740613284663
1.00103804319394
0.335610562795168
0.868215501095946
1.93474193637734
3.22614907654435
4.39525662580689
4.83712474130008
4.34396838742907
3.0052156600081
1.21539527983667
0.350076369544425
0.851119532549895
1.84137147728754
3.18669667398886
4.34791363635128
4.87789235487812
4.45443536883686
3.24456019874349
1.33901237312097
0.36322710326035
0.715666876507939
1.67304167505808
2.94472200242492
4.21509027277806
4.8055627201683
4.41103762327302
3.17354587379009
1.38898524825038
0.339555782782561
0.745913583369244
1.60597278358322
2.87896803455611
4.09936301386694
4.79767221519644
4.57279287565214
3.46023339236347
1.71249396790822
0.372432617035855
0.664378985857084
1.56520542208955
2.78165217691406
4.0362390654745
4.81871356206452
4.65169789561547
3.65223521248451
1.8821388589053
0.468432983550215
0.576269030394222
1.38504002110638
2.5791300430798
3.9507587310468
4.76479511248542
4.70693141695097
3.69168765002364
2.0386330290419
0.459227468274115
0.5197208570154
1.29035457787893
2.51995151179825
3.817935470273
4.72139734020897
4.72534259207895
3.8718538195405
2.23063434034572
0.584159473625455
0.472378204426974
1.23643648530921
2.4108000154561
3.77453777859843
4.688520242498
4.79635713104656
3.95864922286108
2.4371015788377
0.651228245391593
0.438186291041362
1.07599731315034
2.25167558401589
3.58779623759324
4.62145096983537
4.71482192049456
3.93497774778048
2.36608736061908
0.674899578443018
0.444761658845735
1.09703851349392
2.15172968376213
3.49968581540348
4.50703870177828
4.78452137385307
4.08752727295206
2.68828157330105
0.852434607035505
0.397419012293575
1.01550386645926
2.10833212746451
3.37738331363188
4.45443536883686
4.77926103741241
4.184843373036
2.75798075474778
0.981311921145512
0.379007984106295
0.920818484408613
1.91370070479076
3.23929987804976
4.3518588853041
4.80950797270087
4.28215949164145
2.98680454610492
1.19961437624153
0.338240709450503
0.836653713405369
1.85978255248705
3.1064767978482
4.26243324988387
4.8239738989198
4.38868121034083
3.16960063379409
1.30219025741933
0.369802470228194
0.794571332493355
1.70723366203428
2.96444819436206
4.20456961179515
4.81739847785934
4.46232586842959
3.26297132158376
1.39424555115178
0.351391442902838
0.745913583369244
1.68882259186469
2.88948866887233
4.1467059802591
4.7805761215174
4.51492920219127
3.44445242397845
1.60465770735987
0.388213498128067
0.69462569005357
1.53758882404591
2.73562441254677
4.00204692999989
4.72534259207895
4.53860070416937
3.50231597704507
1.85320716841733
0.436871217489305
0.618351395524456
1.41660183902766
2.65540460404713
3.90999119192943
4.73849343186961
4.63460180690775
3.71798927671145
1.98208471036487
0.498679677615826
0.594680064765996
1.39030032397115
2.52652690384406
3.74823614904777
3.86527841079238
2.86055692499977
1.0878329882486
-0.0329872785164347
0.382953204383739
0.365857250038701
0.155445544708812
0.155445544708812
0.0752261016729818
0.00815739527705261
0.0370889931919081
0.0818014654502832
0.11336321258986
0.100212484412097
0.0923220476446218
0.0752261016729818
0.0686507379680847
0.0673356652358024
0.0541849380721047
0.0555000107754466
0.0370889931919081
0.0318287025578741
0.0318287025578741
0.0344588478691037
0.0462945019128043
0.0528698653716546
0.0607603016177691
0.0476095745987877
0.0528698653716546
0.0541849380721047
0.0462945019128043
0.0436643565495132
0.0305136299065936
0.0331437752120465
0.0186779761751623
0.0213081214285822
0.0226231940596264
0.016047830933303
0.0252533393303906
0.0291985572582121
0.0384040658576481
0.039719138526273
0.035773920529067
0.0462945019128043
0.0370889931919081
0.0370889931919081
0.035773920529067
0.0305136299065936
0.0344588478691037
0.0278834846127154
0.0226231940596264
0.0147327583167041
0.00947246787920619
0.00815739527705261
0.00552725008141408
0.0107875404842446
0.016047830933303
0.0107875404842446
0.0121026130921749
0.01341768570299
0.016047830933303
0.016047830933303
0.0107875404842446
0.0199930488004298
0.0213081214285822
0.016047830933303
0.0186779761751623
0.0173629035527796
0.0186779761751623
0.01341768570299
0.016047830933303
0.00947246787920619
0.00947246787920619
0.00289710489732187
0.00552725008141408
0.00289710489732187
0.00289710489732187
0.00245180183922042
-0.000175376954208334
0.000224003078403227
0.00252647989162664
-0.000528209553444034
0.00366995844654424
0.00720304801981452
0.00808818926737119
0.00158203230961362
0.000266959724783078
0.00158203230961362
0.00421217748792202
0.00289710489732187
0.00421217748792202
0.00552725008141408
0.0121026130921749
0.00158203230961362
0.00289710489732187
0.000266959724783078
0.0147182117246561
0.00374156827529872
0.010417787270532
0.283007632145654
3.47075403821719
7.03595057292875
9.37681726872874
10.3828677494694
10.3776073485961
9.30448693295483
7.42390236121786
4.85159066831797
3.1945871542648
3.47338419971361
4.33870805558041
4.59909454760032
3.9507587310468
2.45945790871075
1.07336716316167
1.32849176839127
3.18538159395429
5.73927336281822
7.75399041182146
8.77055791672237
8.67718616043766
7.50938330763719
5.54990091994131
3.20773795498592
1.81243978891778
2.51600627660899
4.51492920219127
6.80975510363115
8.02621460191233
8.40627666915377
7.71848292081363
6.23111602632562
4.16511713503787
2.32268978736693
2.27797713973901
4.13881548555659
6.44679050876969
7.94073355839772
8.23662954740277
7.4541494635146
5.7616298366402
3.53387791777466
1.97813947904481
2.19907247635284
4.21377519014334
6.49807896718758
7.97624106681529
8.36156346801867
7.68429052468369
6.07067531606744
3.9691698788014
2.18855185542486
1.91370070479076
3.9928413554527
6.54016180901644
8.29580876860538
8.95993168042081
8.64167859632693
7.82632049467884
6.13774478676286
3.83766169496311
2.12542813408275
2.93288628761212
4.76084986030509
6.37972099459806
7.1451030770766
6.94783953405809
5.89445361416887
4.02703349031539
2.01101640757074
1.71906935032017
3.52598743241386
5.90760448521788
7.63300193529952
8.39444082135806
7.95256939422681
6.53621654243582
4.45838061861786
2.19118201063797
1.53364359586449
3.32083485468905
5.84842556831909
7.84341669776583
8.66403521043453
8.45625025220318
7.25294051606214
5.10803217152555
2.53836260972727
1.53890390011252
2.98022914843631
5.39866603571893
7.47256074414952
8.52068988073835
8.51542950254843
7.4541494635146
5.75373931635001
3.73640041618469
2.33189533292035
2.66987047027221
4.64643756056662
6.86761905046312
8.07487304930366
8.14851827698497
7.19770670270953
5.44600912488541
3.34976662362224
2.28323745103512
2.81321407475699
4.71219175263292
6.61380679124029
7.61985101587354
7.59223408631195
6.51122985485672
4.57673812635691
2.61069192907239
1.40345108134674
2.77902201884415
5.43154318048818
7.65141322313266
8.77318810732648
8.74688620199164
7.73689421210131
5.80765787422798
3.03546249137191
1.10361388875965
2.2792922175583
4.774000701027
7.27792724331983
8.82447682724617
9.18349803461231
8.37997478559011
6.49413370095814
4.2939952370625
2.21353833045774
2.05572903350107
3.91525151937649
6.26004796341632
7.88286947658166
8.37471440906357
7.84341669776583
6.27188375636848
4.26506341540745
2.68696649449245
2.36214212654463
3.88894988267705
6.07330549121203
7.35683270670578
7.66456414346851
6.94520935404945
5.36578889315332
3.33267057815156
1.67961705700682
2.06361949727602
4.41761303902877
6.81370037250608
8.48912761253334
8.97439773517337
8.52726535356337
7.29107815294623
5.21586915092208
2.6803911004975
1.68882259186469
3.35765710633432
5.68535481254504
7.46598528669508
8.20243711205073
7.86051290149756
6.5940804555888
4.44391470290442
2.23720972890595
1.59019186910608
3.30899913149224
5.83001435120716
7.69875653811762
8.54041629950564
8.16561449228004
6.75320625340723
4.70430124913065
2.37266275080652
1.53232851981015
3.19590223432221
5.67746429349505
7.66324905141786
8.66403521043453
8.40627666915377
7.22400851776852
5.33554192393714
2.80795375832109
1.52575313958449
2.84740613284663
5.26847256405076
7.36735343617852
8.38786535049626
8.29054839307037
7.2134877915654
5.3907755213023
3.11305219707572
1.66120598774469
2.70143236156342
4.84501524689429
7.04778638539136
8.17087486634797
8.1379975294346
7.20954251930095
5.35395312236869
2.82636486607217
1.29429980436502
2.57518480746007
5.11329251143854
7.44231364063941
8.68770692072194
8.84025797303929
7.86051290149756
5.93785148999176
3.67985191844797
1.74537088074082
2.2990183852266
4.47021636814526
6.83605689675863
8.26950689154906
8.57723895021788
7.91048642379789
6.2455819946516
4.05728038074309
2.64488397430859
2.63304826609754
4.26506341540745
6.19166338766494
7.32264033757973
7.46730037817843
6.65325946502075
4.98835945357717
3.00390058042251
1.55599988925785
2.45156743923894
4.82265881470079
7.19902179342695
8.59565027672087
8.71137863227773
7.99596746158707
6.23637637839341
3.745605986166
1.36399881013538
1.90844039701869
4.20062436398241
6.53490145358293
8.21821823573518
8.71006353715801
8.20769748655048
6.79265893889045
4.54912137207126
2.34373103457395
1.77298748901443
3.55097396979799
6.04568865291287
7.81579975463791
8.4207427057755
7.95519958000872
6.47440737030431
4.25454275339453
1.9400022443986
1.88608408954298
3.72982500915508
6.0904016300035
7.86577327200632
8.68113144551491
8.46940119604355
7.21085761005202
5.26847256405076
3.24982051948956
2.20564786453511
3.14198395464393
5.49203713262945
7.39628544346915
8.27345217300892
8.02884478812345
6.80054947638556
4.63065655574997
2.71721330790157
2.18329154503638
3.27612212400531
5.45389964019125
7.11748617601052
7.88155438389911
7.58039825986808
6.27188375636848
4.32161197744796
2.36477228259109
1.58230141203359
3.44050718195633
5.96941358395429
8.00122783367185
8.8783957443779
8.60091065586226
7.4594098293349
5.32896649609303
2.68170617929009
1.2259158824759
2.77113154471155
5.45389964019125
7.67903015627614
8.8389428775349
8.86524478837004
7.89339021817963
5.80897296108051
3.45234290811163
1.83085086316109
2.43184126605981
4.7582196922021
7.07803346305425
8.37208422082357
8.59696537150037
7.8131695696658
6.11933355857818
3.87711414659921
2.43841665704012
2.58439035728415
4.45706553535411
6.57040885389611
7.68034524837233
7.83026577225709
6.84789270414824
5.13170370157412
3.07228472317639
1.619123545986
2.55940386526836
5.03175724905966
7.40286089992546
8.84420325957605
8.92047880624973
8.24715029726689
6.7453157167088
4.38736612725785
1.85715239884985
1.8558373220359
4.05991054521226
6.41654347179281
8.10643528826147
8.58907480288198
8.00254292670262
6.39155679052769
3.98363578107012
1.92159116654229
1.91764593565251
4.07832169687369
6.60986152404396
8.24583520352036
8.72189939337657
8.20243711205073
6.80449474518294
4.5662174578794
2.64225381690596
2.33058025497466
3.6469748877051
5.79845226636037
7.19770670270953
7.62642647553916
7.1122258140892
5.59461385119877
3.69168765002364
1.89134439710342
1.91238562784308
4.20719977702056
6.66378017858717
8.46019553531446
8.93231466812831
8.4089068575955
6.80449474518294
4.3242421432771
1.72564473280938
1.43238274864804
3.6035772103001
6.28897990226282
8.21821823573518
9.12168850170672
8.89549198777679
7.52779459049079
5.29871952914243
2.98680454610492
2.07545519314985
3.09069584003413
5.40655655026248
7.48439656780511
8.49570308489113
8.47466157368858
7.49623239176627
5.61697031836563
3.83371644996497
2.70274744040729
3.0262569338186
4.83843982555713
6.49676387844078
7.2358443350333
6.97545642504478
5.80108244001896
3.90867611007604
2.0386330290419
1.56389034596152
3.46943895747394
5.99703041786927
8.02621460191233
8.94283543451078
8.6535144507137
7.5343700488322
5.5867233336201
2.89606406542491
1.34032744872588
2.69617204622
5.03044216429238
7.25425560693672
8.45230496912687
8.51279931347685
7.54094550726808
5.6735190340181
3.28664276617832
1.45605411390402
2.35688181448968
4.66747890109207
6.82553617933031
8.10512019492734
8.13536734258551
7.21217270080684
5.23165017427152
2.6054316146125
1.2259158824759
2.46208806522677
5.10408691662745
7.54620587408481
8.88497122252948
9.15456591173501
8.4299483656885
6.87682467902824
4.96863318415548
2.96970851233499
2.34767626851543
3.74955123049365
5.94968727498529
7.68034524837233
8.28002764218598
7.88549966195824
6.46651683827295
4.30188573416264
2.77902201884415
2.59228082868646
3.95864922286108
5.83132943812047
7.06356746914369
7.43179290945099
6.82027582070482
5.28556867452644
3.26823164251309
1.59282202148817
2.10438689524329
4.51229903537326
6.86761905046312
8.44967478042878
8.76266734500422
8.00517311277568
6.25215743494479
3.64565980651854
1.21539527983667
1.66909644592586
4.0756915323102
6.67167071391636
8.54041629950564
9.21900564259032
8.80080510961777
7.27792724331983
5.10540200158999
3.05255852725011
2.20827801983005
3.18143635387019
5.61960049104096
7.66061886732793
8.56408800318395
8.43652383717146
7.2792423342656
5.4407487814188
3.42998653670897
2.48707455276332
3.12225775613098
5.1514299774794
6.76109679023834
7.52121913224381
7.25951597047251
6.0890865423825
4.15854172254085
2.26219620615369
1.60728785980965
3.50889138120684
6.01412655394473
8.03673534684893
8.898122179128
8.47992195139584
7.16745961724034
4.97915386108305
2.2937580737789
1.25616261614503
3.02231169491587
5.47625610091517
7.61327555630263
8.70874844204219
8.54830686725806
7.41995708715213
5.45915998379913
3.03546249137191
1.42843752120169
2.53967768817468
4.91339963393264
7.15167852995393
8.32079555324212
8.2984389563961
7.26346124316369
5.23165017427152
2.77639186078709
1.48235563201781
2.62515779410079
5.07647013322033
7.35683270670578
8.63510312180445
8.84946364168012
8.1524635573799
6.5467372533907
4.58988896226239
2.70011728272276
2.38581353141902
4.05859546297599
6.29950060773356
7.9091713310351
8.32605592913316
7.75793568877125
6.18508794820499
4.02177316172704
2.65014428915226
2.70669267695815
4.08752727295206
5.97993428240164
7.09249945741546
7.37129870979281
6.62564259302746
4.97389352259145
3.00390058042251
1.44553350700126
2.38055321913599
4.76479511248542
7.18587088642094
8.60617103506611
8.76792772613395
7.93547318701762
6.0022907673662
3.32083485468905
1.11281941425845
1.82953578640926
4.3518588853041
6.91233210519275
8.68770692072194
9.29265106097734
8.78239377456453
7.16482943598859
4.83712474130008
2.75272043885225
2.16619553662139
3.4234111335364
5.88393291758776
7.8276355872011
8.66798049539439
8.47992195139584
7.29896869890204
5.30266478559574
3.36817775013435
2.44367696988154
3.32346501543553
5.28951393087436
6.85972851183731
7.49360220863737
7.17666525173911
5.84316522050126
3.88500463728765
2.12937336645459
1.75720656983379
3.70352338186854
6.20481426685633
8.01306367108687
8.75214658293307
8.3339464930859
7.11880126650017
4.88841302989011
2.33452548882123
1.37320433983912
3.07754504221357
5.54464057535694
7.52647949883384
8.51674459709007
8.28528801759724
7.07671837268012
4.87263201745527
2.4791840828909
1.31534101275315
2.81715931211772
5.42365266554246
7.5711926172903
8.63510312180445
8.49307289593634
7.23847451668885
5.18167693539569
2.62252763679412
1.25879276697474
2.70800775581485
5.16326574340017
7.49360220863737
8.72189939337657
8.70874844204219
7.75399041182146
5.85105574224949
3.38921903836535
1.35742343186703
2.32926517703213
4.68194482321402
7.12274653799151
8.56540309786979
8.82184663633569
7.96966560208293
6.13379952352082
3.82845612334754
1.86504285979876
2.12674321153689
4.29004998855827
6.69928758861099
8.15377865085259
8.49964836835252
7.87366382788397
6.37183046414221
3.9507587310468
1.75720656983379
2.10964720487786
4.17169254761939
6.63353312771743
8.20112201843544
8.67587106541974
8.10906547494125
6.57303903180332
4.62934147203758
2.71326807127373
2.19644232110196
3.76138696365648
6.16799180603247
7.87629401320708
8.53515592108197
8.1445729966247
6.78871367019273
4.68983532636513
2.88159819311579
2.44762220454594
3.67327651213334
5.79845226636037
7.18587088642094
7.61459064820923
7.06751274016553
5.53938023082925
3.66144078097628
1.84005640051086
1.93737209038174
4.20193944658328
6.63747839511198
8.41416723452556
8.88365612689129
8.3050144259406
6.88340012811433
4.39131137651704
1.92027608957591
1.54284912833077
3.53650807958804
6.02464725337036
7.95256939422681
8.74031072590309
8.39575591554205
7.12669180951642
5.068579623958
2.66066491899324
1.54679435657665
2.99206486429814
5.34474752306669
7.30028378990781
8.10775038159943
7.78423753597851
6.44810559737769
4.11777416694417
1.68487736262137
1.44290335530615
3.40368492451244
6.12196373398979
8.17613524047756
9.14930552596381
8.96256187215847
7.83947142007316
5.9523174494678
3.857387920405
2.30690885249294
2.65145936787118
4.76216494436174
6.89392084684457
8.24846539101728
8.44046912010786
7.64352267111317
5.96678340937839
3.817935470273
2.60674669322268
2.8224196286438
4.51492920219127
6.38235117144582
7.31211960912846
7.33053088407583
6.32580237242765
4.49388786803026
2.63567842345537
1.48104055608303
2.84872121204744
5.480201358796
7.5882888107966
8.81395606369858
8.7284748691907
7.72900365860107
5.8497406552825
3.12751807566276
1.20355960209941
2.25825097282835
4.72928784397996
7.05830710783337
8.52068988073835
8.75872205919811
8.0669824899101
6.38629643674476
3.94418332129381
1.85978255248705
2.0386330290419
3.99941676582675
6.3573644919802
7.83158086479079
8.16166921176955
7.46204001226766
5.75768457647905
3.30242372983099
1.38372494539782
2.0478385698388
4.35843430029352
6.86498887090639
8.42337289430266
8.93625995549215
8.38260497387664
6.91890755477877
4.86079625845647
2.85924184576994
2.19512724348125
3.57201526536326
5.87735748234101
7.75136022720729
8.44704459174623
8.13405224916673
6.8321116276953
4.73586326388391
2.85924184576994
2.30559377460732
3.54045332233289
5.70639619730496
7.21611797309373
7.76582624277357
7.27135178864719
5.86946696016315
3.8324013683056
2.00970133039221
1.8387413237373
3.99678660166704
6.47966772506494
8.34052196315302
8.96387696803323
8.52726535356337
7.24504997089328
5.11460759642553
2.39107384375275
1.39687570262079
3.24850543929813
5.72349232309385
7.75399041182146
8.69296730095802
8.54567667799165
7.35420252437517
5.35000786550385
3.12620299577493
1.78876840864105
2.88817358957151
5.25137645416834
7.2371594258592
8.26293142252662
8.09985982162931
7.00964876853477
4.94627674642273
2.77113154471155
2.09123612137638
2.96313311487693
5.20666355420128
7.13852762429258
8.06566739669128
7.95782976580593
6.8163305517745
4.9594275920263
2.82373470778337
1.5744109550718
2.93814660527435
5.49072204663381
7.8000186450339
9.01516571022911
9.0493582083665
8.39444082135806
6.79528911804073
4.32950247497617
1.94920778355582
2.12148290173917
4.27295391205959
6.63879348425085
8.07355795606179
8.47992195139584
7.71979801302375
6.11012794475127
3.97180004282004
2.37003259472204
2.4265809533327
4.238761760782
6.68350651715831
8.27608236066814
8.64825407094715
8.07355795606179
6.53753163129237
4.42287337169474
2.82110454950745
2.59885622160954
3.97574528887317
5.98913989373178
7.24241978920028
7.5317398654843
6.8373719864538
5.22112949198248
3.29584832825169
1.64674014803421
2.26614143950742
4.70430124913065
7.12669180951642
8.59959556107106
8.82842211364137
8.17087486634797
6.65588964339031
4.13092499097567
1.60465770735987
1.63753461386719
3.9415531574161
6.52964109820799
8.2721370791851
8.9244240935071
8.47466157368858
6.89523593670251
4.62802638832862
2.50943088469057
1.82296040269664
3.50363105787082
6.00886620431829
7.97755615977326
8.76266734500422
8.48649742361745
7.2937083349165
5.10934725649856
2.84346089526357
2.14252414123145
3.25245067988222
5.59461385119877
7.32132524651019
8.08539379537692
7.72637347413141
6.40207749826843
4.38210579495994
2.41869048433728
1.74142565109887
3.61541294014336
6.1298542603113
8.15903902478182
9.00464494210924
8.7784484885818
7.82500540216037
5.8786725693832
3.24850543929813
1.53232851981015
2.73430933362268
5.09225115212168
7.27266687957423
8.41679742301389
8.44704459174623
7.43310800083636
5.4986125626607
3.41289048863147
1.98734501883533
2.76455614968948
5.01466114735658
7.08329382458798
8.28660311145972
8.35630309170925
7.40943635647582
5.51307850904081
3.43656193996387
2.30033346309643
2.72641886014553
4.84106999408162
6.82948144833822
7.83815632751656
7.79081299801827
6.7242742861615
4.93707115470686
2.87107755895452
1.61780846973187
2.78822757214516
5.27373290567239
7.50675312443281
8.79554472809544
8.94941091362803
8.15377865085259
6.55594287566844
4.27426899484681
2.17145584684633
2.26614143950742
4.11514400217837
6.31133640166603
7.7303187508416
8.01437876415216
7.23978960752225
5.56436686784073
3.09332599963727
1.25484754073473
2.25825097282835
4.62145096983537
7.15562380172513
8.66272011545574
9.05856388139894
8.35761818578079
6.47966772506494
3.99941676582675
1.97550932484705
1.93079670539411
4.13618532068278
6.74005535898356
8.50096346284744
9.06382426607599
8.62589745763714
7.38050434835773
5.35132295112195
2.88554343097954
2.19907247635284
3.42078097229042
5.75242422964746
7.57776807625551
8.27082198536515
7.94730902270894
6.63353312771743
4.72797276000951
2.62910303008477
2.0478385698388
3.60883753464174
6.01149637912432
7.75004513490592
8.38392006802572
7.96835050914794
6.62695768213328
4.40709237386047
2.44367696988154
1.99918071307651
3.41683573044613
5.83790487274069
7.51727385734095
8.13931262286492
7.63300193529952
6.15352584005623
4.12829482614237
2.12805828899417
1.65463060601186
3.76007188218062
6.3047609605561
8.32868611710192
9.13746965821079
8.85866931051372
7.85656762365608
6.06936022850054
3.478644522746
1.56520542208955
2.64225381690596
5.01071589320094
7.12537671900438
8.31158989558183
8.27608236066814
7.21611797309373
5.16589591364325
2.81715931211772
1.57309587892226
2.74746012300813
5.0238667405082
6.33632307871239
6.39155679052769
5.68009446649747
4.26243324988387
2.17540107954804
0.515775635820503
0.28037748573594
0.396103938832553
0.785365812075987
1.23775156067703
1.24432693756161
0.720927173240398
0.129144086786098
0.144924961400321
0.448706879563645
0.538131889609289
0.518405783280826
0.357966809738826
0.168596274105965
0.0831165382144334
0.100212484412097
0.229089633079958
0.269856900213888
0.310624170153304
0.24750065659979
0.140979742707557
0.171226420020282
0.162020909371059
0.184377149766334
0.163335982312233
0.133089305400453
0.105472775648408
0.0791713199306727
0.109417994106082
0.144924961400321
0.176486711883804
0.151500325946344
0.169911347061671
0.139664669815787
0.109417994106082
0.108102921283958
0.11336321258986
0.114678285423594
0.0791713199306727
0.0870617565242711
0.0765411744226512
0.0752261016729818
0.100212484412097
0.109417994106082
0.122568722486882
0.117308431099744
0.115993358260219
0.102842630024455
0.098897411610281
0.100212484412097
0.0870617565242711
0.0870617565242711
0.0739110289262115
0.0699658107032803
0.0607603016177691
0.0633904470562925
0.0739110289262115
0.0765411744226512
0.0923220476446218
0.0936371204319499
0.101527557216826
0.098897411610281
0.0962672660153174
0.0962672660153174
0.0883768293000102
0.0857466837514238
0.0870617565242711
0.0804863926890249
0.0804863926890249
0.0699658107032803
0.0725959561823402
0.0660205925064048
0.0633904470562925
0.0581301561908205
0.0620753743355849
0.0581301561908205
0.0607603016177691
0.0673356652358024
0.0660205925064048
0.0686507379680847
0.0725959561823402
0.0725959561823402
0.0804863926890249
0.0765411744226512
0.0857466837514238
0.0857466837514238
0.0791713199306727
0.0778562471752124
0.0712808834413607
0.0725959561823402
0.0712808834413607
0.0607603016177691
0.0686507379680847
0.0620753743355849
0.211993683180197
4.31503656293459
9.16508668346799
13.0867227383674
15.7103742571333
16.9807806500792
17.20698184937
16.4021270765898
14.533345373835
11.6650924504049
8.48255214027282
5.02912707952858
2.30296361884555
0.640707653232646
0.452652100308015
0.911612961983103
2.24773035076625
5.1895674464609
8.40364648072755
11.040418380389
12.3186998240419
12.3857702587812
11.4730872661273
9.36761158895941
6.90181138604775
4.67668448784879
3.93760791162467
5.22244457725634
7.28713288001894
8.51279931347685
8.96650715979457
8.54173139412129
7.19770670270953
5.30792512758269
3.49705565377509
3.0578188460923
5.21192389516358
8.06566739669128
10.0488324242511
10.7747678003917
10.4025942533307
9.14930552596381
6.97677151513258
4.1545964750832
2.77113154471155
4.37421529661523
7.10565036177142
9.40969469807524
10.6195858570662
10.7090127326007
9.65561794904478
7.90259586727844
5.60513454150242
4.0362390654745
4.24665225702725
6.1601012790821
8.23531445368714
9.29791144848302
9.45703820072701
8.74557110676608
7.46204001226766
5.87341222123597
4.76479511248542
4.80950797270087
6.38235117144582
8.13010696893352
8.8165862545619
8.62589745763714
7.47782111018095
5.52359919758622
3.45628815022272
2.64093873820944
4.61619063510257
7.71585273640477
10.5051720883556
12.0583088313656
12.4870334856258
11.8676185652721
10.2105896550442
8.00385801973724
5.30003461462336
3.89684037354624
4.88052252361032
6.70323285655694
7.86708836464305
8.05646174426712
7.20822742855361
5.52359919758622
3.80872989900807
2.99601010297709
4.18747353815991
6.993867686612
9.70033128251096
11.2205874353995
11.6348450523381
11.0575147106903
9.47676466169703
7.54226059896659
5.81160313479629
5.05937402997726
5.5551612645824
7.08329382458798
8.08539379537692
8.0669824899101
7.13326726213253
5.39998112146738
3.42078097229042
2.30164854096941
3.8718538195405
7.2134877915654
10.2934409435704
12.1451058100757
12.8066046182749
12.3857702587812
10.9483612294003
8.56540309786979
5.71954706324296
3.61541294014336
4.31766672872974
6.33895325531994
8.06435230347631
8.84946364168012
8.49044270699711
7.04121093398605
4.97520860720914
3.19853239444684
3.35897218679782
5.63669661377698
8.51148421894689
10.6379972710496
11.5953919278138
11.5256914171853
10.3434147445241
8.5943351819453
6.91627737493324
5.89445361416887
5.68798498559018
6.41917364884463
7.5790831680599
7.83684123496379
7.25688578869713
5.84053504661382
3.9639095508044
2.33321041086921
2.98154422796355
6.09829215580517
9.45177781128724
11.6348450523381
12.6961355554841
12.6948204477805
11.6124882813035
9.50438170857024
7.09249945741546
4.483367201278
4.04412955859924
5.55779143692419
7.30817433602114
8.24846539101728
8.21032767382351
7.08329382458798
5.25926696634806
3.49837073458763
3.11568235678951
4.81345322526455
7.76582624277357
10.2434671485439
11.4704570587527
11.6519414074899
10.7261090492266
9.07434503562015
7.03989584371615
5.31187038410982
5.00808572378125
5.99834550523811
7.55015114923703
8.31027480164585
8.2721370791851
7.28055742521512
5.51833885328519
3.64171456297878
2.61989747950025
4.362379549328
7.60933028060553
10.2723993449426
11.6387903650015
12.0267462983136
11.3244805760444
9.62274050093862
7.15825398292459
4.1559115575657
3.30373881015669
5.12907353151283
7.65667359122148
9.39522862885491
10.0409418292067
9.40574940642171
8.04199571940933
6.38366625987516
5.03438741860467
4.66221856587819
5.62091557738395
7.54752096579843
8.97308263926703
9.29791144848302
8.80738058660906
7.76451115043034
6.10092233110126
4.40183204135813
4.0625407096949
5.47494101496196
7.77503188928277
9.31895299914375
9.54646483101725
8.71926920307835
6.89523593670251
4.52544986960019
2.79348788838794
3.33661581936479
6.24821217075799
9.45703820072701
11.6282695313177
12.6264348532341
12.4949241277644
11.2534650087047
9.22821131920597
6.74663080614933
4.63197163946579
4.53071020338678
5.91944026946859
7.6067000968264
8.40496157493872
8.07881832905231
6.78345331198075
4.9265504786684
3.57201526536326
3.49705565377509
5.57488755749158
8.4983332738615
10.5012267865444
11.4717721624379
11.2889727908355
10.1487799741914
8.18008052111522
5.70376602416011
4.12960990855733
4.53202528684199
6.58750501055501
8.5588276244796
9.45046271393731
9.2058546763346
8.03147497434993
6.06015461563325
3.9415531574161
3.19064191411213
4.74506885189422
7.70270181458845
10.1040665936721
11.3021238220353
11.3691940877279
10.394703651675
8.62984274225683
6.55594287566844
4.68589007477409
4.42155828852313
5.90628939809685
7.99070708956363
9.0493582083665
8.95335620114572
7.8131695696658
5.8602613511186
3.745605986166
2.79743312560382
4.60698504945236
7.63168684333986
10.3907583509028
11.9202227675774
12.3371113148051
11.7216419398034
10.0409418292067
7.63694721120121
5.02781199476826
3.89026496448022
5.0357025033824
7.09381454783428
8.53515592108197
8.86919007513107
8.41153704605277
7.09381454783428
5.44600912488541
4.31503656293459
4.365009715368
6.08645636715136
8.3918106330017
9.77529188143563
10.0790797066142
9.49254583112234
8.29186348694832
6.50465441097644
4.66090348208331
4.18352829047913
5.44469403901346
7.51595876571422
8.8783957443779
9.19533390361632
8.50359365184894
6.9294282743091
4.93312590116641
3.27349196349481
3.62198834572786
6.23506129037103
9.14536023667709
10.918113884265
11.5362122482126
11.1456265781087
9.79501835701912
7.75267531951248
5.58146298863862
4.26243324988387
4.83054932006671
6.79134384932085
8.68113144551491
9.29133596411089
8.76135224973159
7.1911312491785
4.98046894571463
3.19590223432221
3.23403955740836
5.78398631149355
8.87971084000034
10.9983351088194
11.901811295989
11.8597279355187
10.6748201014545
8.73505034510282
6.4704621042722
4.83843982555713
4.82923423583041
6.37446064094626
8.05909193065483
8.79159944199493
8.61932198334914
7.57513789265808
5.7563694897658
3.79820924633414
3.297163408561
4.99756504624168
7.84999216066326
10.1316836810823
11.1679833235888
11.1232698338439
10.1040665936721
8.24715029726689
6.04174339042842
4.35711921728883
4.53991578764512
6.31002131343677
8.24188992230393
9.15456591173501
8.94941091362803
7.80922429223622
5.84448030745035
3.71667419534546
2.92236565244291
4.75690460815579
7.82895067972719
10.3328939438304
11.6361601565549
11.8255352083714
10.9378404134502
9.22689622253466
6.92153773463912
4.67931465552452
4.29268015422436
5.70376602416011
7.82369030964573
9.05198840064169
9.10459224947179
8.13405224916673
6.37446064094626
4.27952932602967
3.02231169491587
4.18352829047913
7.13326726213253
9.88181486040776
11.3586732610096
11.7387382986185
11.1351057571269
9.48334014888741
7.25425560693672
5.06331928451952
4.32292706036083
5.29608935819113
7.34105161294753
8.8639296927909
9.15719610464443
8.42337289430266
6.84526252470245
4.6845749909173
3.12751807566276
3.81004498060733
6.46914701560213
9.21637544930736
10.9904444958777
11.5033346521552
11.0982828858089
9.60827442456907
7.75399041182146
5.78793157186891
4.78320628973772
5.14748472223542
6.87813976883805
8.37076912670939
8.71006353715801
8.11695603507292
6.55331269785649
4.57279287565214
2.92105057306129
3.46549371526396
6.14563531334449
9.14404514025611
11.0298975620943
11.7729310184166
11.5519934952639
10.2618785460225
8.22084842306994
5.97993428240164
4.67142415253859
4.98835945357717
6.57961447663547
8.26161632873372
8.87313536192752
8.67324087539564
7.50412294124352
5.64984747782877
3.76138696365648
3.38527379675794
5.16589591364325
8.00648820581796
10.1593007702942
11.0075408241087
10.8260567604902
9.71611246014166
7.9091713310351
5.99966059261054
4.58988896226239
4.7766308692128
6.49807896718758
8.21953332940063
8.9862335985081
8.8481485461482
7.75793568877125
5.88393291758776
3.81925055189563
3.11831251651633
4.88446777673462
7.69349616954304
10.190863160173
11.3665638810229
11.5099101711542
10.5248985979693
8.90075237049498
6.42969435719782
4.42550353804819
4.35580413428755
6.07199040363793
8.19454655041682
9.2650340276187
9.25056796322718
8.18928617607135
6.44810559737769
4.24928242246945
3.14461411450105
4.41761303902877
7.18324070506459
9.87523936710882
11.2666160387648
11.4770325772209
10.6195858570662
9.09275638293239
6.77161750621964
4.62145096983537
4.25717291887742
5.71297163022942
7.86182799411903
9.10327715317378
9.2676642211962
8.37076912670939
6.69008196353255
4.45706553535411
2.9789140689123
4.05070496962909
6.84920779387667
9.69112559582804
11.3507826411485
11.8255352083714
11.3034389251785
9.82658071984631
7.6461528551045
5.3907755213023
4.29925556844901
5.03175724905966
7.03200530217484
8.65482954566512
9.12431869441773
8.57329366606673
7.07408819194305
5.10014166176079
3.35502694541715
3.64171456297878
6.10749776940465
8.85866931051372
10.6879711131017
11.2376837731893
10.8010698304202
9.44520232457765
7.45809473787418
5.4354884380087
4.51492920219127
5.14222438195907
7.04515620481808
8.60091065586226
9.04672801610714
8.60880122469148
7.26477633406824
5.17904676506862
3.28927292675433
3.2235189162825
5.75242422964746
8.7205842982255
10.7997547288792
11.6703528676904
11.5388424560119
10.3039617432784
8.3918106330017
5.80108244001896
4.18221320792563
4.59120404587181
6.53227127588814
8.57986913967147
9.48334014888741
9.2466226730222
7.94599392983905
6.04174339042842
4.04281447640337
3.44445242397845
5.068579623958
7.74609985802461
10.0396267300469
11.0706657344814
11.0062257219119
9.955460392288
8.17087486634797
6.00755111692068
4.46890128485077
4.63854705809645
6.3047609605561
8.1682446793063
9.00069965412952
9.00990532613756
7.97492597386116
6.24689708270299
4.16774730006034
3.14198395464393
4.54649120507523
7.404175991228
9.82921091685384
11.1009130907938
11.2311082585705
10.3434147445241
8.63510312180445
6.51912038763375
4.70956158478505
4.41103762327302
5.8602613511186
7.82500540216037
9.09670167174318
9.09801676802138
8.09722963500336
6.17851250883551
3.94418332129381
2.86187200423282
4.26900866371825
7.36472325378779
10.0567230194422
11.6308997397131
12.0385822479171
11.4178529148246
9.80553914436915
7.6461528551045
5.34869277988929
4.50703870177828
5.42102249392212
7.28713288001894
8.67981635048525
9.01122042215451
8.53910120489387
7.12932199055167
5.09093606719405
3.47995960351234
3.68248208099708
6.18114268457244
8.84025797303929
10.584078132391
11.1600927073982
10.7116429351128
9.23215660924379
7.28844797099096
4.93838623922727
4.01388266894541
5.05279860580989
7.2148028823277
8.92179390199824
9.49912131855329
8.95335620114572
7.44625891489723
5.48677678866811
3.93366266586342
3.75349647485127
5.66562851516026
8.37208422082357
10.2329463503454
10.9036477634601
10.538049604895
9.35577571525791
7.3831345308387
5.20929372467543
4.18089812537551
4.92786556316106
6.99518277675179
8.71532391766041
9.26634912440546
8.80080510961777
7.34105161294753
5.37367940716823
3.4181508110576
3.19590223432221
5.57883281616917
8.65745973557968
10.7695073945858
11.7242721488049
11.6953398507289
10.5472553099889
8.64036350141462
6.30213078413757
4.45838061861786
4.44259961967822
6.21796514640984
8.20243711205073
9.24925286648821
9.04015253552798
7.86051290149756
5.92470061811773
3.8324013683056
3.06570932445305
4.89630353629465
7.73294893533408
10.2500426475512
11.4507305039845
11.6479960946986
10.7221637453275
9.01385061420028
6.84000216585524
4.9633728457751
4.63460180690775
5.87998765642897
7.79738846015324
8.90995804040351
9.00596003811039
8.22610879778578
6.58618992155925
4.49125770132169
3.39447936055461
4.28215949164145
6.90312647592792
9.47807975912708
10.7866037136985
10.9694028621034
10.2092745553575
8.52858044814006
6.76898732720219
5.13170370157412
4.78978171034897
5.78793157186891
7.45677964641722
8.42337289430266
8.37734459731908
7.34894215975905
5.57094229884592
3.57070018436562
2.58833559297094
4.27163882927574
7.51464367409126
10.2987013433916
11.7926575888467
12.1674626106708
11.6059127606454
9.95414529339272
7.62511138359845
4.8239738989198
3.857387920405
5.09225115212168
7.42390236121786
9.03226195896356
9.59380834868639
9.05593368908416
7.70664709109346
5.73006775624995
4.21246010751202
3.94023807548226
5.60776471411383
8.20243711205073
9.96466608466874
10.4315264606699
9.95677549118734
8.6521993557662
7.12011635699356
5.28030833277841
4.37684546271652
5.13696404173864
6.96230552437083
8.49307289593634
8.98886379040371
8.6535144507137
7.37129870979281
5.41839232231589
3.65355029368766
3.4181508110576
5.64721730498997
8.45098987477589
10.4762398759361
11.2837123784738
11.1232698338439
9.90154134091304
8.05514665107904
5.7708354438078
4.2676935809446
4.59909454760032
6.57566920972518
8.59038989764196
9.40048901760632
9.02305628648504
7.59486427000778
5.5998741963222
3.51283662374352
3.06702440419122
5.20403338374116
8.33789177511455
10.7432053665548
11.8439466764752
11.9899233462236
11.0443636873187
9.22952641588127
6.88471521794266
4.77531578511817
4.53071020338678
5.97598902045692
7.95125430134161
8.98754869445393
8.99806946216279
8.07092776958959
6.30081569593375
4.23744667808631
3.19327207421064
4.5267649530417
7.33842143070707
9.91469232842383
11.1508869887005
11.2771368631167
10.4578284690726
8.70217296652191
6.87945485865157
5.13038861654174
4.7582196922021
5.84842556831909
7.55278133269076
8.56540309786979
8.49964836835252
7.51727385734095
5.73795827615491
3.70089321921306
2.77639186078709
4.47679178466892
7.42784763531748
10.1316836810823
11.5704049509311
11.8649883553372
11.1206396287162
9.48728544124975
7.23847451668885
5.10014166176079
4.36763988142162
5.39735094997401
7.41864199580441
8.89286179644132
9.19007351735257
8.42205780003714
6.70191776723794
4.67405432018681
3.32478009581369
3.8166203886537
6.45731121773587
9.31632280525533
10.9391555154293
11.4638815403906
10.9233742919558
9.49912131855329
7.42390236121786
5.21586915092208
4.39394154270687
5.27636307650427
7.21217270080684
8.72584467885329
9.15062062240065
8.68507673062739
7.22663869935673
5.11329251143854
3.35765710633432
3.46549371526396
5.89839887544593
8.84683345062021
10.7103278338547
11.4257435359814
11.1890249675046
9.87129407117813
7.88418456926804
5.92470061811773
4.66221856587819
5.02518182525807
6.68613669569697
8.33526158709158
8.898122179128
8.59302008717361
7.29502342590726
5.31055529859727
3.478644522746
3.21299827536583
5.4512694684085
8.41811251726388
10.5761875273174
11.5138554826046
11.4849231995229
10.4144301560921
8.47466157368858
6.43495471146195
4.84501524689429
4.85290575261308
6.31528166637558
7.98413162462055
8.82184663633569
8.7166390127958
7.67508488001035
5.8497406552825
3.87053873778419
3.23666971772252
4.83580965704649
7.67771506418374
9.99359826201972
11.1180094236053
11.1127490134338
10.167191367543
8.44704459174623
6.63879348425085
5.01334606263455
4.74638393590949
5.93522131558824
7.67771506418374
8.58381442388114
8.44835968608556
7.32921579298376
5.50124273469797
3.54439856510751
2.8026934419367
4.76216494436174
7.77634698165645
10.3894432506536
11.7374231940686
11.9964988731349
11.1929702758588
9.50964209865138
7.01096385871915
4.23218634733747
3.84423710336019
5.6143401457045
7.99070708956363
9.68455010546124
10.0896005009853
9.44388722724774
7.95388448711585
6.03779812797639
4.58594371145475
4.19799419879085
5.73795827615491
8.11169566163642
9.62668579457848
9.94230940351814
9.29791144848302
7.9367882798569
6.09960724345142
4.19141878587114
4.0165128331925
5.64195695935504
8.02226932262441
9.60827442456907
9.963350985745
9.22163583588918
7.52253422388566
5.39209060702959
3.58385099449104
3.65618045610392
5.92733079246383
8.70480315671828
10.6445727762406
11.2916029970417
10.9470461273919
9.68718030159586
7.82237521713489
5.66694360162768
4.483367201278
4.91339963393264
6.89655102656415
8.58644461337376
9.08092051671395
8.60091065586226
7.11091072361819
5.10408691662745
3.25113559968425
3.33004041735914
5.8497406552825
8.85340892829948
10.9878142915973
11.9504701870155
11.8544675157689
10.6906013154809
8.69559749109956
5.97730410776823
3.68642732484566
4.08358202604111
6.31659675461937
8.45230496912687
9.59249325090301
9.5517252216122
8.54699177262291
7.27661215237781
5.80634278737904
4.88446777673462
5.01466114735658
6.46388666095839
8.23662954740277
8.97571283108365
8.75740696393726
7.88023929122037
6.19823882721538
4.3636946323463
3.66144078097628
4.8831526923564
7.26214615226289
9.31369261138285
10.2303161508368
9.95019999673129
8.60617103506611
6.4283792686409
4.17037746509632
3.04598312877047
4.59120404587181
7.47256074414952
10.0817099051825
11.5664596389322
11.8400013618108
10.9930747001749
9.28476047983841
6.65194437584148
4.17037746509632
4.01125250471176
5.89708378835
8.34183705717806
9.83973170504593
10.023845540447
9.11116773102131
7.40943635647582
5.26584239326101
3.77848302314601
4.01388266894541
6.23769146641942
8.87971084000034
10.4091697548236
10.7997547288792
10.1711366662227
8.75872205919811
7.20559724707016
5.56042160928018
4.98704436892471
5.60776471411383
7.09249945741546
8.08539379537692
8.07618814254936
7.12274653799151
5.48546170268662
3.53256283687293
2.58965067153958
4.17826796028542
7.30291397193058
9.52279307413508
10.4249509588268
10.3960187519407
9.55961580762514
7.90522605276963
5.61302505937927
3.01179105798468
1.10098373864431
-0.128738457558485
0.902407439704362
1.72169950330658
2.24378511754499
1.9978656359261
1.01418879160192
0.00552725008141408
0.117308431099744
0.588104695280983
0.848489383587641
0.868215501095946
0.661748837740262
0.368487396828769
0.0384040658576481
0.00788763906467292
0.229089633079958
0.314569389973919
0.431610923310473
0.343501002796302
0.098897411610281
0.133089305400453
0.204103244930948
0.189637441746207
0.192267587753605
0.143609888499824
0.0818014654502832
0.0331437752120465
0.0804863926890249
0.135719451157875
0.156760617635456
0.180431930811977
0.140979742707557
0.0962672660153174
0.11204813975904
0.0975823388113497
0.108102921283958
0.0844316109814827
0.0633904470562925
0.0607603016177691
0.048924647287663
0.0620753743355849
0.110733066931104
0.133089305400453
0.114678285423594
0.125198868197863
0.0844316109814827
0.0831165382144334
0.0765411744226512
0.0712808834413607
0.0647055197799062
0.0476095745987877
0.0410342111977968
0.0423492838722055
0.0528698653716546
0.0502397199794302
0.0752261016729818
0.0818014654502832
0.0844316109814827
0.0818014654502832
0.0699658107032803
0.0752261016729818
0.0673356652358024
0.0712808834413607
0.0739110289262115
0.0594452289028453
0.0555000107754466
0.0436643565495132
0.0436643565495132
0.0370889931919081
0.0410342111977968
0.0370889931919081
0.0462945019128043
0.0555000107754466
0.0581301561908205
0.0568150834816876
0.0594452289028453
0.0515547926740965
0.0620753743355849
0.0555000107754466
0.0633904470562925
0.0541849380721047
0.0620753743355849
0.0541849380721047
0.0515547926740965
0.0528698653716546
0.0423492838722055
0.0476095745987877
0.039719138526273
0.0436643565495132
0.0449794292297128
0.0436643565495132
0.18306207677864
4.40709237386047
10.7392600624936
15.797172066924
19.5097710878584
21.9375147546562
23.0711695440861
23.3210476076239
22.5516868490589
20.6697200188373
17.773800612218
14.0612197474891
9.41100979530108
4.15854172254085
-0.173479290793644
0.515775635820503
3.40236984393717
7.64089248713702
11.6703528676904
14.760860162951
16.4849796897063
17.0202343371802
16.5481055030592
15.1106808609326
12.67640894039
9.45835329809696
6.14563531334449
4.86211134277582
6.64536893000025
8.5693483819507
9.55304031927098
9.28607557668494
8.01569385722128
5.95100236222475
4.20982994225952
4.28873490573031
6.49544878969763
9.85419778923341
12.5054449841936
13.8836796222867
14.1480171721904
13.2905646892478
11.5690898469273
9.12037340535716
7.20033688414811
6.59671063362798
7.75662059645086
9.29659635160063
9.88444505775573
9.35972100645579
8.05120137153781
5.97861919508314
4.00599217628481
3.65749553731703
6.27451393262
10.0106945495618
12.9302247967996
14.5885801654272
15.204054110555
14.656966109149
13.1314364474821
10.6879711131017
7.8539374384475
6.38366625987516
6.73216482250623
8.43257855427004
9.79107306182961
9.82395052285499
8.77713339326209
7.09907490954686
5.10671708655602
4.07174628549024
5.41707723651807
8.51411440801069
11.6019674483016
13.5470111667862
14.2571715375199
13.9783676787647
12.5961873825027
10.2658238455868
7.69481126168098
6.32185710763086
6.719013928672
8.56014271914984
10.1606158698255
10.2408369489697
9.3123775144526
7.58697371896572
5.37236432149027
3.92051184687716
4.74769901992821
8.02358441571654
11.3389467116424
13.5483262773664
14.6188277928415
14.5307151458667
13.4049792505167
11.2574103176784
8.23268426626745
5.78398631149355
5.72875266961159
7.57250770907578
9.67271422305505
10.620900958038
10.3618261463713
9.03620724722796
7.56330206665687
6.01149637912432
5.55910652310041
6.65983491097221
8.84683345062021
10.5446251085128
11.2560952146829
10.8970722541705
9.70953696939158
7.97361088091085
6.32843254897702
5.69324533172318
6.67430089238884
8.8297372091143
10.3776073485961
10.6432576751941
9.80027875066176
8.12747678213061
5.89576870125764
4.03229381895755
4.14013056799857
7.00307331766859
10.6366821700239
13.2892495795446
14.5570174263789
14.8147798731519
14.0506988488731
12.2516294006016
9.68323500739999
7.04384111453702
6.12327882170101
7.17008979850702
8.98754869445393
10.0711891110071
9.69770108629567
8.40101629231687
6.38629643674476
4.33739297262674
3.96522463279861
6.37840590617965
9.79370325861856
12.6803542633299
14.3413387804875
14.8437124037911
14.3163516282739
12.7447945436062
10.1593007702942
7.4357381836184
6.1324844357807
6.80975510363115
8.69165220589313
10.1737668653629
10.3342090439027
9.37944746298452
7.90654114552096
6.0904016300035
5.00282538498364
5.5867233336201
7.91180151656452
10.3118523432317
11.8518373059197
12.2213819584278
11.5677747429276
10.0014888561845
8.00911839191401
6.67035562468564
6.51780529882843
7.61196046439981
9.32815867787894
10.167191367543
9.85419778923341
8.52595025899058
6.55199760895601
4.29268015422436
3.52993267507939
5.542010403086
9.18481313115242
12.5475284127056
14.5543871982448
15.3671285750256
15.2198355071892
13.9994094722875
11.725587253312
8.70480315671828
6.6572047325806
6.26004796341632
7.85788271626609
9.53199875721246
9.95019999673129
9.20979996616956
7.89602040361731
5.93522131558824
4.27952932602967
4.63328672318505
7.28713288001894
10.4275811595517
12.688244909328
13.6614258040756
13.6009307042575
12.4988694488926
10.53015900069
7.81842993962526
5.9391665771989
6.00886620431829
7.94599392983905
9.87260916981764
10.6813956072262
10.15009507369
8.74557110676608
7.09907490954686
5.51965393935514
5.10671708655602
6.50859967729364
9.15062062240065
11.2376837731893
12.1792985644331
12.0622541481717
10.9036477634601
9.05198840064169
6.77424768525184
5.53148971414399
6.19034829976571
8.46940119604355
10.5643516199865
11.1877098647283
10.7261090492266
9.24267738285306
6.993867686612
4.87657727051722
4.09147251989334
6.14432022557185
9.63852167571545
12.3857702587812
13.9507503265298
14.3387085538608
13.6232875878639
11.9688816608307
9.35446061819994
6.93337354419413
6.16404654254102
7.20691233781001
9.20979996616956
10.5275287993214
10.4565133686133
9.40180411480416
7.84078651263357
5.89576870125764
4.98309911498824
5.69456041826534
8.1774503340196
10.5367345041838
11.9649363449421
12.1937647306187
11.4152227078063
9.7608257999193
7.90522605276963
6.81107019325243
6.78871367019273
7.74478476573844
9.24530757629518
9.83841660650774
9.43205135145877
8.28923329919628
6.55068252005918
4.62276605352715
3.99810168374522
5.60644962780636
9.05856388139894
12.1608870809542
13.8021427035806
14.4307664967115
13.9205027525683
12.3989213257431
9.93047351397269
7.52779459049079
6.41259820624241
6.94652444405192
8.59696537150037
9.81079953814128
9.7897579634412
8.81001077743308
7.40549108253431
5.50913325089468
4.24270700888937
5.13959421184186
8.06829758313275
11.2850274815579
13.3405388612768
14.1506473974912
13.9020911869834
12.6672031870172
10.3447298446293
7.54357569066888
5.96283814754148
6.29818551953701
8.41285214028723
10.4157452564195
11.1456265781087
10.5419949070533
9.02568647860198
7.2213783361953
5.40392637873386
4.95153708462248
6.57566920972518
9.24925286648821
11.336316505132
12.296343014974
12.1648323987712
11.0298975620943
9.07697522804579
6.99255259647591
5.92338553095006
6.61380679124029
8.64299369124316
10.2934409435704
10.6919164166768
9.97913217309814
8.41153704605277
6.22848585031348
4.29662540274896
4.2216656860024
6.92285282457485
10.4920210824627
12.9565269674735
14.2690075549294
14.5228244620724
13.7587440281302
11.9675665555302
9.36761158895941
7.09775981911312
6.30870622521115
7.36998361858429
9.24267738285306
10.1185326868528
9.66876892899224
8.37734459731908
6.50202423344993
4.42944878760395
4.0033620120915
6.22059532236402
9.64115187156797
12.4620464532234
14.1545927354767
14.6780079404991
14.1598531861878
12.6198593159215
10.0882854016746
7.42653254394717
6.11801847087779
6.76504205870367
8.62458236277172
10.1053816930317
10.156670571244
9.12957907988735
7.58302844349578
5.77215053056031
4.78452137385307
5.58277807487867
8.24452010977768
10.8129057444764
12.4212781405777
12.8776204607502
12.2148064278238
10.6143254532201
8.40627666915377
6.75320625340723
6.44021506578446
7.59749445371875
9.45966839547093
10.342099644423
10.0159549458671
8.71532391766041
6.7966042076214
4.62013588614701
3.65223521248451
5.434173352165
9.13352436903122
12.4133874999041
14.3834224090087
15.196163412491
15.1093657449091
13.8218693758665
11.5704049509311
8.70348806161815
6.45073577460463
6.21928023438512
7.77503188928277
9.47281936943089
10.0225304413402
9.3268435809048
7.85919780887991
5.96415323481686
4.46890128485077
4.93312590116641
7.31737997332407
10.4446774646651
12.5317471264893
13.4944067472579
13.3721014995639
12.2516294006016
10.269769145188
7.9367882798569
6.58750501055501
6.84263234527145
8.48649742361745
10.0475173250668
10.2842352440415
9.49517602608269
7.76977151982611
5.51307850904081
3.84160693999134
4.31766672872974
7.61985101587354
11.1456265781087
13.770580030038
15.1567099246996
15.4289390764162
14.6701172536042
12.8710449192404
10.281605044213
7.32527051973008
6.04568865291287
6.85315306308418
8.78107867923302
9.94362450237684
9.67402932108406
8.5180596916356
6.73084973310623
4.76611019655243
4.44259961967822
6.20218409098909
9.32815867787894
11.7979180077907
13.1906163644981
13.4168152415439
12.5975024898777
10.6919164166768
8.51542950254843
6.94652444405192
6.89655102656415
7.99070708956363
9.51884778144783
10.0935457989418
9.71742755830378
8.37865969145265
6.48361299117378
4.49388786803026
4.01914299745305
6.0943468928881
9.70822187125367
12.5961873825027
14.070425534017
14.533345373835
13.8323902681683
12.2674106756898
9.72137285281437
6.7624118797231
5.63669661377698
6.75057607449301
9.09670167174318
10.723478846623
10.8826061341006
9.84630719779764
8.21690314207359
6.18771812397811
4.85159066831797
5.26715747865413
7.68823580102919
10.4499378663787
12.1766683524556
12.7461096514767
12.2292725952956
10.6577237869336
8.47992195139584
6.49676387844078
6.00755111692068
7.2371594258592
9.30448693295483
10.5341043027739
10.4762398759361
9.40443430921185
7.60406991306243
5.47099575712353
3.99152627338796
5.07383996345227
8.28791820532606
11.5835559912041
13.6153969229132
14.4215607014143
14.2663773288064
13.1090795922835
10.828686963743
8.0104334849678
5.9602079730015
6.07593566637104
8.06435230347631
10.1974386583611
11.0772412465343
10.685340910739
9.20716977294228
7.46730037817843
5.69193024518459
5.16326574340017
6.51517512122876
8.97834302291606
11.0022804153468
11.8386862569312
11.6072278647685
10.384182849698
8.59959556107106
7.38444962208482
6.99781295704253
7.3791892571229
8.46019553531446
9.51490248879671
9.60038383766364
8.8481485461482
7.48834184242487
5.60513454150242
4.15196631012832
4.40051695824107
7.16088416413899
10.4551982681582
12.9039226278922
14.1335509333618
14.2361297297066
13.245850961838
11.2784519661797
8.67324087539564
6.63879348425085
6.2955553431548
7.55278133269076
9.30185673915415
10.1264232833415
9.66745383097935
8.38392006802572
6.59145027756428
4.85027558402631
4.30188573416264
6.29424025496914
9.44783251924947
12.1963949427087
13.6811524691191
14.0296570525143
13.3379086415356
11.5861861993098
8.90469765757499
6.44153015437421
5.78004105115033
7.15825398292459
9.46492878500683
11.0956526808408
11.0969677833227
10.0909156003001
8.25635595360078
6.05883952809521
4.65564314693821
5.36710397881367
7.88286947658166
10.647202978346
12.3673587657657
12.8855111107075
12.3371113148051
10.7339996571369
8.55751252981326
6.37051537574564
5.86420661211621
7.02674494122169
9.12168850170672
10.3697167474097
10.3184278433059
9.23873209271973
7.49886257491025
5.53675005858666
4.36763988142162
5.33028158165482
8.2300540788632
11.4231133289122
13.3905130397532
14.0033548087025
13.6995640240742
12.2910825894934
9.92652821753065
7.33579124848164
6.01544164136034
6.54936743116603
8.62195217305261
10.269769145188
10.6379972710496
9.82395052285499
8.30106914420229
6.33369290211939
4.73980851586764
4.91997505625716
7.17798034239673
10.101436394965
12.2174366400524
13.0683112125753
12.8171254830162
11.5704049509311
9.39128333733335
6.85972851183731
5.53148971414399
6.21270479454498
8.56408800318395
10.5709271240179
11.141681270209
10.5156928933673
8.95335620114572
7.03858075344996
5.22244457725634
4.73717834787504
6.51254494364375
9.47018917460684
11.6887643287273
12.8223859154926
12.7474247593517
11.7321627759118
9.64115187156797
7.21743306386351
5.72086214985636
6.04305847791964
8.2721370791851
10.4367868622185
11.4375794680026
11.0825016562522
9.7069067731198
7.80790919976731
5.80897296108051
4.9528521691811
6.03122269062837
8.65614464062044
10.9273195977678
12.1871892004694
12.2739862071609
11.2994936157615
9.4359966433524
7.23189906257802
5.58803841987434
5.88656309171154
7.93547318701762
10.2526728471828
11.223217641167
10.9207440881021
9.63720657779524
7.63694721120121
5.52622936975798
4.42550353804819
5.71560180342415
8.76266734500422
11.5230612094709
13.2261243190296
13.674576913992
13.1038191559526
11.4546758148618
8.82316173178896
6.34947396189563
5.55647635075152
6.91627737493324
9.38996824016748
11.1337906545231
11.3718242944498
10.4670341724033
8.70743334693031
6.85052288360881
5.29740444366502
5.36315872184321
7.3528874332155
9.87129407117813
11.5178007940932
12.0149103490592
11.4954440294966
10.0554079202335
8.04725609203115
6.54542216450852
6.33632307871239
7.42390236121786
9.21900564259032
10.198753758011
9.97913217309814
8.76003715446289
7.0530467465826
5.0001952156057
3.87842922837226
5.11986793640837
8.5180596916356
11.8281654180491
13.7903067006971
14.7003648876055
14.5859499370717
13.3642108397509
11.1272151415671
8.28791820532606
6.06936022850054
5.99571533050403
7.86971854992797
9.85419778923341
10.3368392440597
9.66350853696489
8.09722963500336
6.1324844357807
4.35843430029352
4.52281970272742
7.39102507837184
10.469664373392
12.9302247967996
14.099358007414
14.0664801969063
13.0551601232558
10.9128534766411
8.23925973484563
5.9115497466025
5.81291822165954
7.66061886732793
9.88181486040776
10.9365253114753
10.6248462609786
9.22952641588127
7.65404340716948
5.94048166440963
5.28819884542155
6.28897990226282
8.74031072590309
10.9273195977678
11.9333738192276
11.9202227675774
10.9023326615938
8.99806946216279
7.0530467465826
5.9089195723425
6.40996802922704
8.33920686913184
10.214534954129
10.7695073945858
10.2723993449426
8.74820129722112
6.57303903180332
4.58594371145475
4.01782791532109
6.41391329475556
9.85551288782022
12.7119168482704
14.2400750685825
14.7240369507046
14.1085637948662
12.5422679838969
10.0619834163178
7.12537671900438
5.8747273082674
6.74794589559354
8.95467129699284
10.4565133686133
10.5682969223929
9.49254583112234
7.95651467290541
5.93653640278821
4.70693141695097
5.49203713262945
7.88812984735008
10.5419949070533
12.1464209159584
12.6159139935866
12.0070197164168
10.3131674432384
8.41416723452556
7.05962219815537
6.99255259647591
7.661933959371
9.00990532613756
9.78844286505684
9.61748010947517
8.60222575065737
6.96888097466142
5.16984116903413
4.11119875505497
5.34211735186923
8.49570308489113
11.5335820404303
13.4181303516804
14.1269753704403
13.8757889519742
12.4370594223953
10.201383957323
7.39891562604038
5.83001435120716
6.30607604877082
8.37997478559011
10.1435195762381
10.4972814847703
9.7029614787424
8.07618814254936
6.11933355857818
4.60172471487061
4.83054932006671
7.4357381836184
10.394703651675
12.5619945922901
13.5483262773664
13.3931432598518
12.2187517461732
10.147464874697
7.60012463744486
6.08382619193464
6.36525502219578
8.35761818578079
10.3052768432603
10.9786085767478
10.3933885514135
8.77187301202247
6.69665740999876
4.8055627201683
4.44654486936705
6.63090294947276
9.87918466307602
12.343686847427
13.6456444727703
13.7640044733774
12.9486363160858
11.0338428689234
8.47203138485828
6.54542216450852
6.34158343194204
7.74083948890276
9.55830070994627
10.352620445347
9.83184111387756
8.42863327140357
6.33500799041407
4.40709237386047
4.16248697002892
6.6572047325806
10.1777121641038
12.9368003393024
14.4057793385713
14.7832171150154
14.1519625101485
12.3739342988876
9.87129407117813
7.0793485534321
5.94968727498529
6.91496228501604
9.04672801610714
10.4091697548236
10.3171127432828
9.18086784154403
7.51990404060575
5.50913325089468
4.48862753462678
5.63012118188438
8.51279931347685
11.2587254206781
12.8578938365514
13.3063460060346
12.6579974338593
11.0917073734201
8.70217296652191
6.64668401916115
6.15484092785418
7.32001015544439
9.24925286648821
10.4131150557688
10.1803423632849
9.01253551817543
7.11091072361819
5.00151030029292
3.97180004282004
5.52359919758622
8.99938455814418
12.1779834584422
14.0086152573195
14.781902000151
14.4952070700974
13.0577903410843
10.7497808734066
7.67245469585212
5.7682052703135
6.15615601565574
8.43915402579184
10.4288962599203
11.1337906545231
10.6695596969118
9.17692255197139
7.56067188314266
5.8602613511186
5.47888627283218
6.86761905046312
8.98491850256622
10.7339996571369
11.3586732610096
10.9562518415384
9.57671207781608
8.07750323579891
6.93600372413603
6.74794589559354
7.40286089992546
8.78239377456453
9.79501835701912
9.75030501366916
8.80475039580076
7.29633851690177
5.39603586423262
4.1545964750832
4.81213814107321
7.74478476573844
10.9154836804447
13.1577386317117
14.1664287496794
14.1861554408386
13.0446392521193
10.9562518415384
8.31158989558183
6.22585567431583
6.10355250641179
7.76451115043034
9.6543028510722
10.3986489524843
9.9173225259747
8.43126345997733
6.40339258675242
4.63854705809645
4.39262645961026
6.62432750392532
9.7897579634412
12.4304838882283
13.856062276906
14.0756859835617
13.1893012551333
11.3705091910868
8.736365440297
6.68876687425035
6.34421360857868
7.60275482118612
9.47281936943089
10.2802899443049
9.78844286505684
8.46151062969267
6.4362698000371
4.45180520233328
4.05859546297599
6.45073577460463
9.98176237104727
12.7290132495024
14.3663259343556
14.8108345282387
14.2019367945054
12.5120205196037
9.84762229636014
7.08723909577741
5.81291822165954
6.8163305517745
8.9586165845579
10.5682969223929
10.8457832852924
10.0028039552262
8.44046912010786
6.66641035701554
5.47757118687191
5.79319191908606
7.79738846015324
10.0409418292067
11.5151705864299
11.8833998252424
11.2810821723183
9.7279483437461
7.93941846554695
6.6572047325806
6.55462778676063
7.60012463744486
9.27029441478964
10.0291059369151
9.65298775310364
8.34709743331697
6.39155679052769
4.38342087802931
3.63513915714555
5.67614920699917
9.25188305997014
12.5146507337984
14.4965221839549
15.2303564386536
15.0541308761427
13.6719466919727
11.5256914171853
8.41811251726388
6.19692373929806
6.17588233311304
7.8421016051978
9.6543028510722
10.0488324242511
9.29265106097734
7.78818281319094
5.88919326584964
4.51229903537326
5.01729131681106
7.49360220863737
9.88444505775573
11.0180616418334
11.0193767440678
10.2776597445011
9.07697522804579
8.08539379537692
6.81896073105769
4.86868676442451
2.18197646744713
0.0752261016729818
0.656488541542203
2.10833212746451
2.39370399993864
2.25167558401589
1.44684858285339
0.339555782782561
0.0581301561908205
0.561803218079959
0.981311921145512
1.0891480632746
0.906352663520138
0.526296225732565
0.125198868197863
0.0213081214285822
0.233034852357534
0.309309096885613
0.534186668290488
0.468432983550215
0.171226420020282
0.134404378277715
0.24750065659979
0.243555437226007
0.239610217878457
0.230404706169566
0.144924961400321
0.11336321258986
0.114678285423594
0.192267587753605
0.230404706169566
0.235664998557155
0.213308756231925
0.156760617635456
0.163335982312233
0.159390763497441
0.162020909371059
0.143609888499824
0.110733066931104
0.118623503942182
0.102842630024455
0.127829013920447
0.146240034303716
0.179116857833016
0.1646510552563
0.163335982312233
0.160705836432797
0.137034524040942
0.135719451157875
0.125198868197863
0.115993358260219
0.108102921283958
0.11204813975904
0.110733066931104
0.117308431099744
0.126513941057709
0.123883795340923
0.142294815602241
0.138349596926915
0.127829013920447
0.135719451157875
0.135719451157875
0.129144086786098
0.122568722486882
0.122568722486882
0.11336321258986
0.110733066931104
0.104157702834982
0.114678285423594
0.11204813975904
0.11204813975904
0.117308431099744
0.117308431099744
0.133089305400453
0.129144086786098
0.127829013920447
0.130459159654649
0.122568722486882
0.131774232526098
0.129144086786098
0.133089305400453
0.123883795340923
0.117308431099744
0.121253649635747
0.11204813975904
0.109417994106082
0.108102921283958
0.105472775648408
0.11204813975904
0.11204813975904
0.11204813975904
