5.24453621948939
1500.45617746549
1234.15837124948
1029.01050070343
1051.36635555697
1285.44534814773
1536.6200851383
1601.05759824239
1423.52568945023
1153.28276142078
1010.59979721928
1115.14629818421
1378.15643138546
1585.27698220649
1560.94853322498
1328.84202385755
1077.00983696912
1014.54494792698
1191.419226694
1461.66216959024
1606.97532935356
1503.74380535474
1237.4459978611
1032.95565151023
1054.65398132851
1288.07544962866
1537.93513636341
1600.40007256666
1423.52568945023
1149.99513519969
1008.62722187338
1111.20114693055
1376.18385501631
1583.30440522862
1560.94853322498
1328.18449844772
1078.32488732236
1016.51752328878
1194.7068531065
1466.26484837356
1607.63285503587
1505.71638209605
1238.76104851005
1033.61317664676
1053.33893101811
1284.13029741098
1534.6475083055
1597.76996987034
1420.23806195256
1147.36503423372
1006.65464653277
1111.20114693055
1376.84138047206
1584.61945654655
1563.57863577437
1333.44470174395
1080.95498803601
1019.14762377944
1195.36437839084
1465.60732283116
1608.29038071885
1502.4287541971
1235.47342189228
1028.35297557103
1050.70883040445
1282.81524667673
1533.98998269587
1596.45491852613
1420.89558745082
1149.99513519969
1010.59979721928
1113.17372255468
1380.12900776031
1587.24955919028
1564.23616141335
1333.44470174395
1081.61251321591
1017.17504841056
1192.73427725717
1464.29227174828
1605.66027799091
1499.79865188958
1236.1309472146
1028.35297557103
1051.36635555697
1283.47277204355
1535.96255952671
1599.7425468916
1424.18321495168
1151.96771093053
1009.94227210339
1115.14629818421
1379.47148230139
1585.9345078671
1562.92111013604
1330.15707467911
1077.66736214544
1014.54494792698
1190.76170141333
1461.66216959024
1605.00275231058
1499.79865188958
1237.4459978611
1030.32555097
1052.02388071009
1286.10287351703
1538.59266197695
1600.40007256666
1424.18321495168
1151.31018568631
1008.62722187338
1111.20114693055
1376.84138047206
1583.30440522862
1561.60605886135
1328.84202385755
1077.00983696912
1013.88742280756
1194.04932782278
1466.9223739166
1608.94790640248
1503.08627977559
1239.41857383545
1030.98307610417
1053.99645617301
1286.76039888695
1537.27761075053
1597.76996987034
1422.21063844925
1147.36503423372
1007.31217164572
1109.88609651746
1377.49890592845
1582.64687957064
1560.94853322498
1330.81460009082
1080.2974628567
1016.51752328878
1194.7068531065
1466.26484837356
1609.60543208677
1502.4287541971
1239.41857383545
1030.98307610417
1050.70883040445
1282.81524667673
1535.30503391578
1596.45491852613
1420.89558745082
1147.36503423372
1006.65464653277
1111.20114693055
1379.47148230139
1584.61945654655
1565.55121269327
1330.81460009082
1081.61251321591
1017.17504841056
1196.02190367578
1465.60732283116
1605.66027799091
1501.11370304204
1237.4459978611
1029.01050070343
1050.05130525251
1281.50019594495
1534.6475083055
1597.11244419791
1422.21063844925
1151.31018568631
1009.94227210339
1113.83124776392
1380.12900776031
1586.59203352836
1564.89368705298
1332.12965091614
1081.61251321591
1015.20247304699
1191.419226694
1463.63474620781
1605.66027799091
1499.79865188958
1236.1309472146
1027.69545043922
1050.70883040445
1286.10287351703
1537.93513636341
1600.40007256666
1424.84074045376
1151.96771093053
1011.25732233576
1115.80382339526
1379.47148230139
1585.27698220649
1561.60605886135
1329.49954926802
1077.66736214544
1013.88742280756
1190.76170141333
1462.97722066798
1605.66027799091
1501.77122861925
1238.76104851005
1030.32555097
1053.99645617301
1285.44534814773
1537.93513636341
1600.40007256666
1424.18321495168
1149.33760995729
1007.96969675926
1111.20114693055
1377.49890592845
1581.98935391332
1562.26358449837
1328.18449844772
1077.66736214544
1017.17504841056
1195.36437839084
1466.9223739166
1608.94790640248
1503.08627977559
1240.7336244881
1031.64060123893
1054.65398132851
1284.78782277904
1535.96255952671
1598.42749554343
1422.21063844925
1148.0225594743
1007.31217164572
1111.20114693055
1376.84138047206
1585.27698220649
1564.23616141335
1331.47212550317
1080.95498803601
1017.17504841056
1196.02190367578
1465.60732283116
1608.94790640248
1500.45617746549
1236.1309472146
1028.35297557103
1051.36635555697
1282.15772131053
1535.96255952671
1595.79739285501
1420.89558745082
1148.6800847155
1011.25732233576
1112.51619734603
1380.12900776031
1585.27698220649
1564.89368705298
1330.81460009082
1082.27003839641
1017.17504841056
1192.73427725717
1461.66216959024
1605.66027799091
1498.48360073969
1235.47342189228
1027.69545043922
1051.36635555697
1282.81524667673
1537.27761075053
1599.7425468916
1423.52568945023
1151.31018568631
1011.91484745283
1114.48877297377
1379.47148230139
1584.61945654655
1562.92111013604
1328.84202385755
1077.66736214544
1012.57237257048
1191.419226694
1462.31969512879
1606.31780367191
1501.11370304204
1236.78847253754
1031.64060123893
1054.65398132851
1285.44534814773
1537.27761075053
1600.40007256666
1422.86816394942
1150.6526604427
1008.62722187338
1112.51619734603
1376.84138047206
1583.30440522862
1562.92111013604
1328.18449844772
1077.66736214544
1017.17504841056
1195.36437839084
1466.26484837356
1609.60543208677
1503.74380535474
1238.76104851005
1032.29812637429
1052.68140586381
1284.78782277904
1534.6475083055
1597.11244419791
1419.58053645494
1148.0225594743
1005.33959630864
1110.5436217237
1377.49890592845
1583.30440522862
1564.23616141335
1332.12965091614
1082.27003839641
1016.51752328878
1195.36437839084
1465.60732283116
1610.26295777172
1501.77122861925
1238.10352318526
1027.69545043922
1050.70883040445
1281.50019594495
1534.6475083055
1597.11244419791
1420.89558745082
1149.99513519969
1009.94227210339
1113.17372255468
1378.81395684311
1585.9345078671
1564.89368705298
1332.12965091614
1080.2974628567
1017.17504841056
1193.39180253967
1464.9497972894
1605.66027799091
1499.79865188958
1234.81589657057
1027.03792530801
1050.05130525251
1282.81524667673
1535.30503391578
1601.05759824239
1423.52568945023
1151.31018568631
1010.59979721928
1114.48877297377
1380.12900776031
1585.9345078671
1563.57863577437
1328.84202385755
1077.66736214544
1013.88742280756
1191.419226694
1462.97722066798
1604.3452266309
1500.45617746549
1236.1309472146
1032.29812637429
1053.99645617301
1286.10287351703
1537.27761075053
1599.7425468916
1424.18321495168
1151.96771093053
1008.62722187338
1111.20114693055
1378.15643138546
1581.98935391332
1561.60605886135
1328.18449844772
1077.00983696912
1014.54494792698
1194.7068531065
1464.9497972894
1608.29038071885
1504.40133093453
1239.41857383545
1031.64060123893
1055.3115064846
1285.44534814773
1537.27761075053
1597.11244419791
1421.55311294972
1148.6800847155
1006.65464653277
1109.88609651746
1377.49890592845
1583.30440522862
1564.89368705298
1331.47212550317
1081.61251321591
1016.51752328878
1196.67942896133
1466.9223739166
1609.60543208677
1501.77122861925
1236.78847253754
1027.03792530801
1050.70883040445
1282.81524667673
1534.6475083055
1596.45491852613
1421.55311294972
1151.96771093053
1009.28474698809
1115.14629818421
1380.12900776031
1587.24955919028
1566.20873833422
1333.44470174395
1081.61251321591
1015.20247304699
1193.39180253967
1464.29227174828
1604.3452266309
1501.11370304204
1234.81589657057
1029.66802583642
1050.70883040445
1284.13029741098
1537.27761075053
1600.40007256666
1424.18321495168
1151.96771093053
1011.25732233576
1115.14629818421
1380.78653321985
1585.9345078671
1560.94853322498
1328.84202385755
1077.00983696912
1013.22989768873
1190.76170141333
1463.63474620781
1604.3452266309
1501.77122861925
1237.4459978611
1030.98307610417
1053.33893101811
1286.76039888695
1538.59266197695
1601.71512391877
1423.52568945023
1151.96771093053
1007.96969675926
1111.85867213799
1376.84138047206
1582.64687957064
1560.94853322498
1329.49954926802
1077.66736214544
1016.51752328878
1193.39180253967
1466.9223739166
1608.29038071885
1503.08627977559
1238.76104851005
1031.64060123893
1052.68140586381
1284.78782277904
1534.6475083055
1596.45491852613
1419.58053645494
1148.6800847155
1007.31217164572
1111.85867213799
1378.81395684311
1585.9345078671
1564.23616141335
1331.47212550317
1081.61251321591
1017.17504841056
1194.7068531065
1466.26484837356
1605.66027799091
1501.11370304204
1235.47342189228
1029.66802583642
1050.05130525251
1282.81524667673
1534.6475083055
1597.76996987034
1422.86816394942
1151.96771093053
1012.57237257048
1115.80382339526
1379.47148230139
1586.59203352836
1564.89368705298
1330.81460009082
1078.32488732236
1014.54494792698
1191.419226694
1464.29227174828
1606.31780367191
1501.11370304204
1236.78847253754
1030.98307610417
1052.68140586381
1286.76039888695
1537.93513636341
1601.71512391877
1423.52568945023
1152.62523617535
1009.28474698809
1111.85867213799
1378.81395684311
1582.64687957064
1560.94853322498
1328.18449844772
1078.32488732236
1017.17504841056
1193.39180253967
1467.57989946029
1608.94790640248
1505.05885651497
1238.76104851005
1032.95565151023
1052.68140586381
1284.13029741098
1535.30503391578
1599.08502121719
1420.89558745082
1148.6800847155
1007.96969675926
1110.5436217237
1378.15643138546
1586.59203352836
1564.89368705298
1330.81460009082
1081.61251321591
1017.83257353293
1194.7068531065
1467.57989946029
1606.97532935356
1500.45617746549
1235.47342189228
1029.66802583642
1050.70883040445
1282.81524667673
1535.30503391578
1599.08502121719
1422.86816394942
1151.31018568631
1009.94227210339
1114.48877297377
1380.78653321985
1587.24955919028
1563.57863577437
1330.15707467911
1078.98241249988
1015.85999816759
1191.419226694
1463.63474620781
1603.68770095188
1499.79865188958
1235.47342189228
1032.29812637429
1053.99645617301
1287.4179242575
1535.96255952671
1601.05759824239
1423.52568945023
1152.62523617535
1008.62722187338
1111.85867213799
1377.49890592845
1583.30440522862
1559.63348195421
1328.18449844772
1077.00983696912
1015.20247304699
1192.73427725717
1465.60732283116
1608.29038071885
1504.40133093453
1238.76104851005
1032.95565151023
1054.65398132851
1285.44534814773
1534.6475083055
1597.76996987034
1419.58053645494
1149.33760995729
1005.99712142041
1111.20114693055
1375.52632956119
1586.59203352836
1564.23616141335
1332.12965091614
1080.95498803601
1018.49009865589
1195.36437839084
1466.26484837356
1606.31780367191
1501.11370304204
1234.81589657057
1028.35297557103
1050.05130525251
1282.15772131053
1533.98998269587
1599.08502121719
1422.86816394942
1151.96771093053
1010.59979721928
1116.46134860691
1380.78653321985
1586.59203352836
1564.23616141335
1329.49954926802
1078.32488732236
1013.88742280756
1192.73427725717
1462.97722066798
1605.66027799091
1500.45617746549
1236.78847253754
1030.98307610417
1055.96903164128
1287.4179242575
1538.59266197695
1601.71512391877
1423.52568945023
1151.31018568631
1007.96969675926
1110.5436217237
1376.18385501631
1583.30440522862
1561.60605886135
1330.15707467911
1077.66736214544
1015.85999816759
1194.04932782278
1464.9497972894
1608.29038071885
1503.08627977559
1239.41857383545
1032.95565151023
1053.99645617301
1284.78782277904
1533.98998269587
1596.45491852613
1420.23806195256
1149.33760995729
1007.31217164572
1111.20114693055
1378.81395684311
1585.9345078671
1563.57863577437
1331.47212550317
1082.27003839641
1017.83257353293
1194.7068531065
1466.9223739166
1606.31780367191
1501.11370304204
1235.47342189228
1029.01050070343
1049.39378010117
1283.47277204355
1534.6475083055
1598.42749554343
1422.86816394942
1152.62523617535
1011.25732233576
1115.14629818421
1380.78653321985
1585.9345078671
1565.55121269327
1331.47212550317
1078.32488732236
1015.20247304699
1192.73427725717
1462.31969512879
1605.00275231058
1501.11370304204
1236.1309472146
1030.32555097
1053.99645617301
1286.10287351703
1537.93513636341
1601.05759824239
1424.18321495168
1151.96771093053
1010.59979721928
1112.51619734603
1376.84138047206
1583.30440522862
1560.94853322498
1327.52697303851
1077.66736214544
1015.20247304699
1192.73427725717
1464.9497972894
1608.29038071885
1503.08627977559
1240.7336244881
1030.98307610417
1053.99645617301
1286.10287351703
1535.96255952671
1598.42749554343
1421.55311294972
1149.33760995729
1007.31217164572
1110.5436217237
1376.84138047206
1583.30440522862
1563.57863577437
1332.78717632973
1080.95498803601
1016.51752328878
1195.36437839084
1468.23742500461
1608.29038071885
1502.4287541971
1236.1309472146
1028.35297557103
1050.05130525251
1283.47277204355
1533.98998269587
1597.11244419791
1420.89558745082
1150.6526604427
1009.28474698809
1114.48877297377
1380.12900776031
1587.90708485285
1564.23616141335
1332.12965091614
1079.63993767799
1013.88742280756
1191.419226694
1463.63474620781
1604.3452266309
1499.79865188958
1237.4459978611
1029.01050070343
1053.33893101811
1287.4179242575
1537.93513636341
1601.05759824239
1422.86816394942
1153.28276142078
1010.59979721928
1111.20114693055
1377.49890592845
1583.30440522862
1561.60605886135
1326.86944762992
1078.98241249988
1013.88742280756
1193.39180253967
1465.60732283116
1608.29038071885
1503.08627977559
1238.76104851005
1030.98307610417
1054.65398132851
1284.13029741098
1535.96255952671
1597.11244419791
1420.23806195256
1148.0225594743
1006.65464653277
1109.88609651746
1377.49890592845
1583.96193088725
1564.89368705298
1332.78717632973
1081.61251321591
1017.83257353293
1195.36437839084
1467.57989946029
1607.63285503587
1500.45617746549
1234.81589657057
1029.66802583642
1050.05130525251
1283.47277204355
1534.6475083055
1597.76996987034
1424.18321495168
1153.28276142078
1011.91484745283
1113.83124776392
1380.78653321985
1587.24955919028
1563.57863577437
1329.49954926802
1077.66736214544
1012.57237257048
1191.419226694
1463.63474620781
1605.00275231058
1501.77122861925
1239.41857383545
1032.95565151023
1054.65398132851
1286.10287351703
1537.27761075053
1602.37264959582
1424.18321495168
1149.99513519969
1005.33959630864
1110.5436217237
1376.84138047206
1582.64687957064
1560.29100758927
1329.49954926802
1078.32488732236
1018.49009865589
1196.02190367578
1466.9223739166
1608.94790640248
1503.74380535474
1239.41857383545
1030.98307610417
1050.70883040445
1281.50019594495
1534.6475083055
1596.45491852613
1418.92301095795
1149.33760995729
1009.28474698809
1115.14629818421
1380.12900776031
1585.9345078671
1563.57863577437
1331.47212550317
1080.2974628567
1015.20247304699
1191.419226694
1462.31969512879
1605.66027799091
1499.79865188958
1235.47342189228
1028.35297557103
1053.33893101811
1286.10287351703
1539.25018759113
1601.05759824239
1423.52568945023
1151.96771093053
1010.59979721928
1111.20114693055
1377.49890592845
1582.64687957064
1561.60605886135
1326.86944762992
1077.66736214544
1015.20247304699
1194.04932782278
1466.26484837356
1608.94790640248
1503.08627977559
1239.41857383545
1031.64060123893
1052.68140586381
1284.78782277904
1535.96255952671
1597.76996987034
1420.89558745082
1149.33760995729
1007.31217164572
1110.5436217237
1378.15643138546
1586.59203352836
1564.23616141335
1332.78717632973
1081.61251321591
1018.49009865589
1194.7068531065
1464.9497972894
1605.66027799091
1499.79865188958
1235.47342189228
1029.01050070343
1050.05130525251
1282.81524667673
1537.93513636341
1600.40007256666
1423.52568945023
1152.62523617535
1010.59979721928
1114.48877297377
1380.12900776031
1585.27698220649
1561.60605886135
1329.49954926802
1077.00983696912
1013.22989768873
1191.419226694
1463.63474620781
1608.29038071885
1503.74380535474
1238.10352318526
1032.29812637429
1053.99645617301
1286.76039888695
1535.96255952671
1599.08502121719
1419.58053645494
1148.0225594743
1006.65464653277
1111.85867213799
1377.49890592845
1584.61945654655
1564.89368705298
1332.78717632973
1078.98241249988
1018.49009865589
1194.04932782278
1466.26484837356
1606.31780367191
1501.77122861925
1234.81589657057
1030.32555097
1048.07872980027
1282.15772131053
1533.98998269587
1599.7425468916
1424.18321495168
1151.96771093053
1009.94227210339
1116.46134860691
1380.12900776031
1585.27698220649
1563.57863577437
1329.49954926802
1076.3523117934
1015.20247304699
1194.04932782278
1463.63474620781
1605.00275231058
1504.40133093453
1237.4459978611
1030.98307610417
1053.99645617301
1288.07544962866
1536.6200851383
1598.42749554343
1421.55311294972
1148.6800847155
1007.31217164572
1111.85867213799
1377.49890592845
1583.30440522862
1564.23616141335
1331.47212550317
1082.27003839641
1017.83257353293
1195.36437839084
1465.60732283116
1606.97532935356
1503.08627977559
1234.15837124948
1029.01050070343
1051.36635555697
1282.15772131053
1535.30503391578
1599.7425468916
1422.86816394942
1151.96771093053
1011.91484745283
1113.83124776392
1378.81395684311
1587.24955919028
1564.89368705298
1327.52697303851
1078.98241249988
1014.54494792698
1192.07675197528
1463.63474620781
1606.31780367191
1501.11370304204
1239.41857383545
1032.95565151023
1054.65398132851
1282.81524667673
1537.27761075053
1601.05759824239
1423.52568945023
1149.33760995729
1008.62722187338
1110.5436217237
1376.84138047206
1583.96193088725
1562.26358449837
1330.81460009082
1081.61251321591
1015.20247304699
1197.33695424749
1466.9223739166
1606.31780367191
9.84720638126452
6.55958483478997
5.90206052690478
7.87463345196976
4.58701191254363
5.24453621948939
9.18968207102955
5.24453621948939
11.1622550031452
9.84720638126452
9.84720638126452
9.84720638126452
11.8197793147911
5.90206052690478
8.53215776126459
5.90206052690478
3.92948760606743
8.53215776126459
4.58701191254363
5.90206052690478
7.21710914314488
5.90206052690478
11.1622550031452
8.53215776126459
10.5047306919697
9.18968207102955
8.53215776126459
6.55958483478997
10.5047306919697
7.87463345196976
3.27196330006074
7.87463345196976
3.92948760606743
3.92948760606743
4.58701191254363
9.18968207102955
5.24453621948939
9.18968207102955
11.1622550031452
7.87463345196976
8.53215776126459
10.5047306919697
9.18968207102955
3.27196330006074
8.53215776126459
4.58701191254363
4.58701191254363
9.18968207102955
2.61443899452352
11.1622550031452
8.53215776126459
8.53215776126459
12.4773036269074
7.87463345196976
7.21710914314488
8.53215776126459
8.53215776126459
2.61443899452352
7.21710914314488
6.55958483478997
2.61443899452352
10.5047306919697
3.92948760606743
9.18968207102955
9.18968207102955
10.5047306919697
7.21710914314488
11.1622550031452
6.55958483478997
9.18968207102955
10.5047306919697
3.92948760606743
6.55958483478997
8.53215776126459
1.95691468945564
5.90206052690478
9.84720638126452
9.84720638126452
6.55958483478997
13.1348279394943
7.21710914314488
9.18968207102955
11.8197793147911
5.90206052690478
11.1622550031452
5.90206052690478
3.27196330006074
7.87463345196976
3.27196330006074
8.53215776126459
9.18968207102955
7.87463345196976
11.1622550031452
10.5047306919697
5.90206052690478
9.84720638126452
7.87463345196976
6.55958483478997
6.55958483478997
6.55958483478997
2688.60602564593
1820.67121125076
1103.31084448805
1134.21452954886
1885.76627874577
2738.57807014883
2991.72599824465
2434.14318460646
1524.78462422931
1014.54494792698
1320.95171898081
2196.11861429235
2909.53509934299
2881.26143306547
2132.99609248088
1278.21256912637
1029.01050070343
1584.61945654655
2492.66305257751
3003.56148874191
2691.89366001263
1818.04110765507
1102.6533192884
1131.58442864086
1881.16359698376
2737.2630162876
2986.46578033147
2433.4856580342
1523.46957303019
1017.83257353293
1325.55439681463
2198.09119320682
2917.42542508385
2882.57648727769
2131.02351378174
1278.21256912637
1024.40782478904
1581.33182825665
2490.03294602241
2996.98621621049
2691.23613313772
1820.01368535081
1101.99579408936
1134.21452954886
1885.76627874577
2735.94796242954
2992.3835254875
2429.54049861657
1523.46957303019
1015.20247304699
1320.95171898081
2195.46108798899
2910.19262648359
2881.26143306547
2132.33856624711
1277.55504376452
1030.98307610417
1581.33182825665
2491.34799929843
3002.24643422903
2691.23613313772
1820.01368535081
1099.36569329918
1133.55700432096
1880.50607102053
2733.31785472292
2989.09588928148
2428.88297204962
1523.46957303019
1017.83257353293
1324.89687140792
2196.11861429235
2914.13778934425
2884.54906860209
2131.68104001406
1280.18514521566
1024.40782478904
1581.33182825665
2489.37541938554
2998.30127071018
2688.60602564593
1820.67121125076
1104.62589488913
1132.89947909366
1882.4786489123
2737.92054321782
2989.75341652104
2431.51307832198
1524.12709862942
1013.22989768873
1321.60924438377
2194.14603538444
2910.850153625
2881.26143306547
2134.31114495058
1279.52761985194
1027.69545043922
1584.61945654655
2490.69047266004
3000.2738524659
2694.52376752017
1816.06852996548
1098.70816810313
1133.55700432096
1879.19101909613
2735.94796242954
2989.09588928148
2432.17060489197
1527.41472663533
1019.14762377944
1322.92429519155
2198.7487195131
2914.13778934425
2880.60390596057
2133.65361871537
1276.23999304267
1023.75029966078
1581.98935391332
2486.7453128457
3000.2738524659
2692.55118688833
1822.64378895471
1104.62589488913
1135.52958000648
1880.50607102053
2740.55065094663
2985.80825309602
2433.4856580342
1524.12709862942
1012.57237257048
1320.95171898081
2196.11861429235
2910.850153625
2882.57648727769
2135.62619742316
1279.52761985194
1026.38040017738
1585.27698220649
2491.34799929843
2999.61632521317
2691.89366001263
1820.01368535081
1100.02321849582
1131.58442864086
1883.13617487761
2736.60548935817
2987.12330756774
2434.14318460646
1528.07225223846
1016.51752328878
1324.89687140792
2198.09119320682
2914.13778934425
2879.94637885649
2132.99609248088
1277.55504376452
1023.0927745331
1580.01677694528
2489.37541938554
2996.98621621049
2692.55118688833
1821.98626305271
1103.96836968829
1133.55700432096
1883.79370084361
2737.2630162876
2985.1507258614
2431.51307832198
1524.78462422931
1013.88742280756
1321.60924438377
2195.46108798899
2910.850153625
2883.89154149314
2134.96867118651
1280.18514521566
1026.38040017738
1584.61945654655
2492.66305257751
2997.64374345992
2692.55118688833
1819.35615945154
1101.33826889092
1131.58442864086
1881.82112294769
2735.94796242954
2993.69857997566
2432.82813146271
1527.41472663533
1017.17504841056
1325.55439681463
2198.09119320682
2912.16520791026
2880.60390596057
2131.68104001406
1277.55504376452
1023.75029966078
1581.98935391332
2487.40283947952
3002.24643422903
2692.55118688833
1821.32873715139
1104.62589488913
1132.89947909366
1882.4786489123
2737.92054321782
2985.1507258614
2433.4856580342
1521.49699623639
1014.54494792698
1324.89687140792
2192.17345648309
2912.82273505411
2885.86412282241
2133.65361871537
1280.18514521566
1029.01050070343
1582.64687957064
2490.69047266004
3000.2738524659
2687.94849877494
1818.69863355296
1102.6533192884
1130.26937819048
1882.4786489123
2737.92054321782
2989.75341652104
2433.4856580342
1529.38730344667
1017.83257353293
1322.26676978735
2196.77614059645
2912.16520791026
2879.94637885649
2132.33856624711
1276.89751840329
1023.0927745331
1581.98935391332
2491.34799929843
2999.61632521317
2695.18129439902
1821.98626305271
1102.6533192884
1137.50215569743
1881.82112294769
2735.29043550169
2989.09588928148
2429.54049861657
1523.46957303019
1014.54494792698
1322.92429519155
2194.80356168635
2914.13778934425
2883.23401438501
2132.33856624711
1282.81524667673
1025.72287504734
1585.27698220649
2490.69047266004
2998.30127071018
2690.57860626359
1816.06852996548
1101.33826889092
1128.95432774251
1880.50607102053
2740.55065094663
2986.46578033147
2434.80071117947
1528.72977784224
1014.54494792698
1326.21192222196
2196.77614059645
2910.850153625
2881.91896017117
2129.70846131925
1276.23999304267
1026.38040017738
1581.33182825665
2491.34799929843
3001.58890697383
2689.26355251769
1820.67121125076
1105.28342009057
1133.55700432096
1885.10875277769
2733.97538164839
2991.06847100262
2430.85555175276
1522.81204743161
1016.51752328878
1321.60924438377
2194.80356168635
2914.79531649055
2884.54906860209
2132.99609248088
1281.50019594495
1029.66802583642
1581.98935391332
2491.34799929843
3000.93137971945
2687.94849877494
1819.35615945154
1101.33826889092
1129.6118529662
1879.84854505798
2739.89312401324
2989.75341652104
2432.82813146271
1526.75720103285
1016.51752328878
1326.21192222196
2196.11861429235
2908.22004506423
2883.89154149314
2130.36598755013
1276.89751840329
1025.72287504734
1583.30440522862
2488.71789274943
3000.93137971945
2694.52376752017
1818.69863355296
1103.96836968829
1135.52958000648
1883.13617487761
2734.63290857464
2987.78083480483
2430.85555175276
1521.49699623639
1013.22989768873
1325.55439681463
2193.48850908326
2914.13778934425
2884.54906860209
2132.33856624711
1280.84267058
1031.64060123893
1581.33182825665
2490.03294602241
3001.58890697383
2688.60602564593
1818.69863355296
1100.02321849582
1129.6118529662
1883.13617487761
2736.60548935817
2989.75341652104
2433.4856580342
1528.07225223846
1017.17504841056
1325.55439681463
2196.11861429235
2910.850153625
2880.60390596057
2131.68104001406
1274.9249423233
1026.38040017738
1581.98935391332
2490.03294602241
3001.58890697383
2692.55118688833
1820.67121125076
1104.62589488913
1133.55700432096
1882.4786489123
2736.60548935817
2987.78083480483
2431.51307832198
1522.15452183367
1013.22989768873
1324.23934600184
2193.48850908326
2914.13778934425
2886.52164993378
2130.36598755013
1283.47277204355
1024.40782478904
1582.64687957064
2492.66305257751
2998.30127071018
2687.94849877494
1818.04110765507
1100.68074369307
1130.92690341537
1885.76627874577
2735.94796242954
2991.72599824465
2434.14318460646
1526.09967543102
1018.49009865589
1325.55439681463
2191.51593018409
2912.16520791026
2881.91896017117
2128.39340885964
1276.23999304267
1027.69545043922
1581.98935391332
2489.37541938554
3003.56148874191
2693.20871376483
1820.67121125076
1106.59847049526
1132.89947909366
1880.50607102053
2735.94796242954
2987.12330756774
2428.22544548341
1524.12709862942
1015.20247304699
1322.92429519155
2197.43366690127
2914.13778934425
2881.91896017117
2135.62619742316
1281.50019594495
1025.72287504734
1583.96193088725
2488.06036611409
2997.64374345992
2690.57860626359
1818.69863355296
1098.70816810313
1135.52958000648
1883.13617487761
2739.23559708064
2993.04105273117
2433.4856580342
1526.75720103285
1017.83257353293
1324.23934600184
2192.17345648309
2914.13778934425
2879.28885175322
2129.05093508909
1275.58246768268
1026.38040017738
1582.64687957064
2491.34799929843
3001.58890697383
2693.8662406421
1821.32873715139
1105.94094529261
1131.58442864086
1881.16359698376
2737.2630162876
2985.80825309602
2428.88297204962
1525.44214982984
1013.22989768873
1324.23934600184
2197.43366690127
2914.13778934425
2882.57648727769
2135.62619742316
1278.87009448885
1029.01050070343
1581.98935391332
2490.03294602241
2996.98621621049
2691.89366001263
1816.06852996548
1100.68074369307
1136.84463046651
1883.13617487761
2739.89312401324
2990.41094376142
2433.4856580342
1526.09967543102
1020.4626740283
1321.60924438377
2196.77614059645
2910.19262648359
2883.23401438501
2129.05093508909
1277.55504376452
1025.0653499179
1581.33182825665
2492.00552593759
3000.93137971945
2691.23613313772
1822.64378895471
1101.99579408936
1134.21452954886
1882.4786489123
2735.94796242954
2989.75341652104
2428.22544548341
1523.46957303019
1015.20247304699
1324.23934600184
2196.77614059645
2913.48026219878
2883.89154149314
2134.31114495058
1280.18514521566
1027.69545043922
1580.67430260064
2488.06036611409
3000.93137971945
2686.63344503535
1818.69863355296
1100.68074369307
1132.89947909366
1885.10875277769
2737.2630162876
2991.06847100262
2434.80071117947
1528.07225223846
1016.51752328878
1324.89687140792
2194.14603538444
2914.13778934425
2879.28885175322
2129.05093508909
1279.52761985194
1025.0653499179
1583.96193088725
2493.32057921819
3000.93137971945
2691.89366001263
1821.98626305271
1100.68074369307
1131.58442864086
1883.79370084361
2734.63290857464
2989.09588928148
2431.51307832198
1522.15452183367
1019.80514890357
1324.89687140792
2196.77614059645
2916.7678979343
2881.26143306547
2134.31114495058
1279.52761985194
1023.75029966078
1581.33182825665
2490.03294602241
2996.98621621049
2687.94849877494
1820.01368535081
1101.99579408936
1133.55700432096
1883.79370084361
2737.92054321782
2989.75341652104
2435.45823775323
1526.09967543102
1013.22989768873
1326.21192222196
2192.17345648309
2909.53509934299
2883.23401438501
2130.36598755013
1278.21256912637
1029.01050070343
1585.27698220649
2488.71789274943
3000.93137971945
2695.18129439902
1820.67121125076
1101.99579408936
1132.89947909366
1878.53349313497
2737.92054321782
2985.80825309602
2430.19802518429
1524.78462422931
1017.17504841056
1327.52697303851
2197.43366690127
2915.45284363765
2885.86412282241
2131.68104001406
1280.18514521566
1023.75029966078
1581.33182825665
2488.71789274943
2998.30127071018
2686.63344503535
1818.69863355296
1099.36569329918
1138.15968092896
1881.82112294769
2739.89312401324
2989.75341652104
2435.45823775323
1526.09967543102
1015.85999816759
1322.92429519155
2194.14603538444
2912.16520791026
2881.26143306547
2130.36598755013
1278.87009448885
1027.69545043922
1585.27698220649
2490.69047266004
3002.90396148506
2691.89366001263
1823.3013148574
1100.02321849582
1134.87205477737
1880.50607102053
2736.60548935817
2988.43836204274
2430.19802518429
1524.12709862942
1014.54494792698
1324.89687140792
2197.43366690127
2912.16520791026
2886.52164993378
2131.02351378174
1281.50019594495
1022.43524940601
1582.64687957064
2488.06036611409
2998.95879796126
2690.57860626359
1818.04110765507
1103.96836968829
1134.87205477737
1885.10875277769
2739.23559708064
2988.43836204274
2436.11576432776
1524.12709862942
1015.85999816759
1323.58182059638
2191.51593018409
2912.82273505411
2878.63132465075
2131.68104001406
1278.87009448885
1026.38040017738
1584.61945654655
2491.34799929843
3002.24643422903
2692.55118688833
1821.32873715139
1101.33826889092
1132.89947909366
1881.82112294769
2734.63290857464
2989.09588928148
2429.54049861657
1526.09967543102
1015.85999816759
1326.21192222196
2198.7487195131
2912.82273505411
2885.86412282241
2133.65361871537
1276.89751840329
1025.0653499179
1580.01677694528
2488.06036611409
2998.95879796126
2687.94849877494
1819.35615945154
1102.6533192884
1136.18710523619
1883.79370084361
2741.20817788081
2988.43836204274
2436.11576432776
1522.81204743161
1017.17504841056
1321.60924438377
2195.46108798899
2909.53509934299
2881.91896017117
2128.39340885964
1280.84267058
1027.03792530801
1585.27698220649
2492.66305257751
3000.2738524659
2691.89366001263
1821.32873715139
1101.33826889092
1132.24195386696
1881.16359698376
2734.63290857464
2985.80825309602
2432.17060489197
1522.81204743161
1017.17504841056
1326.21192222196
2197.43366690127
2916.11037078557
2884.54906860209
2132.99609248088
1278.21256912637
1025.72287504734
1583.30440522862
2488.06036611409
2999.61632521317
2688.60602564593
1818.69863355296
1103.96836968829
1133.55700432096
1882.4786489123
2741.20817788081
2987.78083480483
2434.80071117947
1525.44214982984
1015.20247304699
1324.23934600184
2194.80356168635
2908.87757220321
2883.23401438501
2127.07835640292
1278.87009448885
1027.03792530801
1582.64687957064
2492.00552593759
3002.24643422903
2689.92107939025
1822.64378895471
1100.02321849582
1134.87205477737
1880.50607102053
2734.63290857464
2989.09588928148
2428.88297204962
1524.78462422931
1015.85999816759
1325.55439681463
2197.43366690127
2912.82273505411
2886.52164993378
2132.99609248088
1279.52761985194
1027.69545043922
1581.33182825665
2489.37541938554
2996.98621621049
2687.94849877494
1820.01368535081
1102.6533192884
1134.87205477737
1885.10875277769
2738.57807014883
2991.72599824465
2431.51307832198
1528.07225223846
1013.22989768873
1324.23934600184
2192.83098278281
2913.48026219878
2879.94637885649
2128.39340885964
1279.52761985194
1026.38040017738
1584.61945654655
2490.03294602241
3002.24643422903
2692.55118688833
1820.01368535081
1104.62589488913
1129.6118529662
1881.82112294769
2735.94796242954
2986.46578033147
2430.85555175276
1523.46957303019
1017.17504841056
1328.18449844772
2197.43366690127
2914.79531649055
2885.86412282241
2130.36598755013
1282.15772131053
1024.40782478904
1584.61945654655
2488.06036611409
3000.2738524659
2688.60602564593
1818.04110765507
1103.96836968829
1133.55700432096
1885.10875277769
2738.57807014883
2990.41094376142
2434.80071117947
1526.75720103285
1015.20247304699
1324.89687140792
2192.17345648309
2912.82273505411
2879.94637885649
2129.70846131925
1279.52761985194
1025.72287504734
1585.27698220649
2493.32057921819
2999.61632521317
2694.52376752017
1819.35615945154
1103.31084448805
1134.21452954886
1880.50607102053
2737.2630162876
2986.46578033147
2430.19802518429
1524.12709862942
1015.20247304699
1325.55439681463
2195.46108798899
2915.45284363765
2883.89154149314
2133.65361871537
1280.84267058
1025.72287504734
1583.30440522862
2488.06036611409
3000.2738524659
2689.92107939025
1818.04110765507
1103.31084448805
1132.24195386696
1883.79370084361
2737.2630162876
2991.06847100262
2432.82813146271
1526.75720103285
1015.85999816759
1322.26676978735
2195.46108798899
2909.53509934299
2882.57648727769
2129.05093508909
1281.50019594495
1027.03792530801
1585.27698220649
2491.34799929843
3002.90396148506
2691.89366001263
1821.32873715139
1101.33826889092
1133.55700432096
1881.16359698376
2735.94796242954
2987.12330756774
2431.51307832198
1524.12709862942
1019.14762377944
1324.23934600184
2197.43366690127
2914.13778934425
2885.20659571184
2132.99609248088
1280.18514521566
1024.40782478904
1582.64687957064
2488.71789274943
2998.30127071018
2689.92107939025
1816.72605586133
1105.28342009057
1132.24195386696
1885.76627874577
2736.60548935817
2991.72599824465
2433.4856580342
1523.46957303019
1017.17504841056
1322.26676978735
2194.80356168635
2911.50768076722
2880.60390596057
2130.36598755013
1278.87009448885
1028.35297557103
1583.30440522862
2492.00552593759
3002.24643422903
2691.23613313772
1821.98626305271
1101.33826889092
1132.89947909366
1881.82112294769
2734.63290857464
2987.12330756774
2430.85555175276
1522.81204743161
1019.14762377944
1325.55439681463
2196.77614059645
2914.79531649055
2883.89154149314
2131.68104001406
1280.18514521566
1024.40782478904
1583.30440522862
2488.06036611409
2997.64374345992
2690.57860626359
1817.38358175786
1104.62589488913
1134.21452954886
1884.45122681031
2739.23559708064
2988.43836204274
2435.45823775323
1524.12709862942
1013.88742280756
1324.23934600184
2194.80356168635
2910.19262648359
2880.60390596057
2131.02351378174
1279.52761985194
1029.66802583642
1583.96193088725
2491.34799929843
3001.58890697383
2690.57860626359
1820.67121125076
1101.33826889092
1131.58442864086
1882.4786489123
2734.63290857464
2990.41094376142
2430.19802518429
1526.75720103285
1015.85999816759
1326.86944762992
2198.09119320682
2913.48026219878
2883.23401438501
2129.05093508909
1279.52761985194
1022.43524940601
1581.98935391332
2488.71789274943
2998.30127071018
2692.55118688833
1818.69863355296
1104.62589488913
1134.87205477737
1885.10875277769
2739.23559708064
2991.06847100262
2430.19802518429
1524.78462422931
1013.22989768873
1324.23934600184
2193.48850908326
2910.19262648359
2884.54906860209
2131.02351378174
1280.18514521566
1029.01050070343
1584.61945654655
2493.32057921819
2999.61632521317
2692.55118688833
1818.69863355296
1099.36569329918
1132.89947909366
1879.84854505798
2737.92054321782
2989.09588928148
2433.4856580342
1526.75720103285
1015.20247304699
1326.86944762992
2198.09119320682
2913.48026219878
2883.89154149314
2129.70846131925
1278.21256912637
1025.0653499179
1581.33182825665
2489.37541938554
3000.2738524659
2693.20871376483
1820.67121125076
1101.99579408936
1137.50215569743
1883.13617487761
2737.92054321782
2988.43836204274
2429.54049861657
1523.46957303019
1016.51752328878
1320.95171898081
2196.77614059645
2913.48026219878
2883.23401438501
2131.68104001406
1279.52761985194
1027.69545043922
1584.61945654655
2489.37541938554
3000.2738524659
6.55958483478997
5.24453621948939
7.87463345196976
5.24453621948939
9.18968207102955
9.18968207102955
6.55958483478997
11.1622550031452
7.21710914314488
13.1348279394943
7.21710914314488
6.55958483478997
5.90206052690478
6.55958483478997
5.24453621948939
8.53215776126459
6.55958483478997
9.84720638126452
9.84720638126452
8.53215776126459
9.18968207102955
9.84720638126452
8.53215776126459
6.55958483478997
7.21710914314488
5.24453621948939
5.90206052690478
5.90206052690478
5.90206052690478
7.87463345196976
8.53215776126459
10.5047306919697
7.87463345196976
9.84720638126452
9.84720638126452
4.58701191254363
7.21710914314488
6.55958483478997
4.58701191254363
6.55958483478997
4.58701191254363
7.87463345196976
9.84720638126452
8.53215776126459
9.84720638126452
7.87463345196976
9.18968207102955
9.84720638126452
5.90206052690478
6.55958483478997
6.55958483478997
5.24453621948939
8.53215776126459
3.92948760606743
9.84720638126452
8.53215776126459
9.18968207102955
11.1622550031452
9.18968207102955
12.4773036269074
5.90206052690478
9.18968207102955
3.92948760606743
7.21710914314488
5.24453621948939
6.55958483478997
7.87463345196976
5.90206052690478
11.1622550031452
7.21710914314488
9.84720638126452
10.5047306919697
6.55958483478997
4.58701191254363
9.18968207102955
3.92948760606743
7.21710914314488
2.61443899452352
7.87463345196976
7.21710914314488
8.53215776126459
11.8197793147911
7.21710914314488
11.1622550031452
8.53215776126459
6.55958483478997
7.87463345196976
3.92948760606743
5.90206052690478
5.90206052690478
5.90206052690478
8.53215776126459
6.55958483478997
11.1622550031452
7.87463345196976
11.1622550031452
7.21710914314488
9.18968207102955
5.24453621948939
6.55958483478997
3926.73060617607
2466.36198757559
1200.62458068747
1182.21387282007
2412.44480812127
3889.90901213436
4390.94595809247
3503.28244798858
1961.38176971021
1033.61317664676
1491.25081946154
2952.93189237029
4208.81041578448
4233.79651463424
2996.32868896188
1524.78462422931
1023.0927745331
1910.75226604619
3454.62538534781
4383.05560812974
3926.07307768541
2468.99209402093
1205.2272577291
1184.18644864015
2420.33512674796
3894.51171122996
4388.97337058845
3501.30986427415
1957.43661343169
1032.95565151023
1486.64814050701
2947.67167484426
4212.75558919415
4235.76910144511
2998.30127071018
1526.09967543102
1027.03792530801
1914.03989602876
3456.59796887471
4382.3980789726
3924.10049221903
2466.36198757559
1202.59715655879
1182.21387282007
2415.07491431809
3895.1692396759
4390.28842892347
3505.25503171096
1962.69682180865
1033.61317664676
1489.93576832845
2952.27436517667
4208.15288688625
4231.82392783209
2998.30127071018
1522.81204743161
1024.40782478904
1912.72484403364
3455.94044103153
4384.37066644699
3928.04566316018
2469.64962063417
1208.51488420576
1182.87139809282
2415.73244086918
3889.25148369584
4388.97337058845
3502.62492008288
1956.77908738772
1034.27070178389
1487.30566607001
2950.30178360073
4211.44053138706
4235.11157250719
3002.24643422903
1526.09967543102
1027.03792530801
1912.06731803713
3453.3103296676
4381.74054981645
3925.41554919568
2467.01951418579
1203.25468185045
1186.1590244657
2413.75986121817
3893.19665434085
4388.97337058845
3505.91255962019
1959.4091915678
1032.95565151023
1487.96319163365
2945.69909328549
4210.78300248496
4231.82392783209
2995.01363446712
1524.78462422931
1025.72287504734
1916.67000002733
3457.91302456369
4383.71313728787
3926.73060617607
2470.96467386293
1204.56973243561
1179.58377173517
2416.38996742103
3890.5665405738
4386.34325393026
3503.28244798858
1960.72424366204
1033.61317664676
1489.93576832845
2949.64425641039
4214.07064700511
4231.82392783209
2999.61632521317
1525.44214982984
1023.75029966078
1910.75226604619
3454.62538534781
4381.08302066128
3924.10049221903
2468.99209402093
1205.88478302321
1184.18644864015
2418.3625470811
3894.51171122996
4390.28842892347
3499.99480846894
1958.09413947636
1033.61317664676
1485.33308938295
2948.32920203215
4208.81041578448
4231.82392783209
3000.2738524659
1527.41472663533
1026.38040017738
1914.69742202736
3457.91302456369
4381.74054981645
3924.10049221903
2467.67704079674
1203.25468185045
1180.8988222764
2416.38996742103
3892.5391258977
4388.97337058845
3504.59750380262
1960.06671761456
1032.95565151023
1489.93576832845
2949.64425641039
4208.15288688625
4231.16639889997
2999.61632521317
1523.46957303019
1026.38040017738
1910.75226604619
3453.3103296676
4385.02819560709
3928.04566316018
2470.30714724817
1207.8573589092
1185.50149918991
2414.41738776776
3891.22406901417
4390.94595809247
3499.99480846894
1957.43661343169
1031.64060123893
1487.96319163365
2946.35662047093
4212.75558919415
4233.79651463424
3000.2738524659
1526.75720103285
1026.38040017738
1911.40979204131
3453.96785750726
4383.71313728787
3924.75802070689
2467.01951418579
1204.56973243561
1184.84397391472
2415.73244086918
3893.19665434085
4391.60348726245
3504.59750380262
1960.72424366204
1033.61317664676
1489.27824276287
2947.67167484426
4208.15288688625
4234.45404357023
2998.95879796126
1524.12709862942
1026.38040017738
1916.01247402664
3456.59796887471
4383.71313728787
3926.73060617607
2469.64962063417
1203.25468185045
1181.55634754793
2415.73244086918
3889.25148369584
4390.28842892347
3502.62492008288
1958.75166552173
1034.92822692161
1490.59329389467
2948.98672922086
4212.75558919415
4232.48145676517
2998.95879796126
1523.46957303019
1023.75029966078
1911.40979204131
3453.3103296676
4383.05560812974
3927.38813466766
2467.67704079674
1206.54230831793
1183.52892336618
2416.38996742103
3893.19665434085
4387.65831225738
3503.93997589516
1957.43661343169
1032.95565151023
1487.96319163365
2946.35662047093
4212.75558919415
4233.79651463424
2998.30127071018
1528.07225223846
1025.0653499179
1916.01247402664
3454.62538534781
4383.05560812974
3924.10049221903
2466.36198757559
1203.25468185045
1183.52892336618
2417.04749397363
3893.19665434085
4392.91854560538
3502.62492008288
1961.38176971021
1034.27070178389
1489.27824276287
2947.67167484426
4208.81041578448
4229.85134103866
2997.64374345992
1521.49699623639
1024.40782478904
1914.03989602876
3455.28291318923
4385.02819560709
3925.41554919568
2469.64962063417
1205.88478302321
1182.87139809282
2415.73244086918
3888.59395525826
4389.63089975547
3499.33728056766
1958.75166552173
1034.27070178389
1489.27824276287
2950.95931079189
4213.41311809915
4235.11157250719
3000.93137971945
1524.78462422931
1023.75029966078
1914.69742202736
3452.65280182881
4381.74054981645
3921.47037827693
2466.36198757559
1204.56973243561
1184.18644864015
2419.02007363597
3893.19665434085
4392.26101643342
3504.59750380262
1958.09413947636
1032.95565151023
1487.96319163365
2948.32920203215
4208.15288688625
4229.19381210946
3000.93137971945
1524.78462422931
1028.35297557103
1916.01247402664
3455.28291318923
4387.00078309332
3924.75802070689
2468.99209402093
1203.25468185045
1182.87139809282
2415.73244086918
3889.90901213436
4388.31584142242
3502.62492008288
1958.75166552173
1034.92822692161
1487.96319163365
2951.61683798388
4214.07064700511
4233.79651463424
2998.95879796126
1524.78462422931
1023.75029966078
1910.75226604619
3455.28291318923
4381.74054981645
3923.4429637321
2469.64962063417
1205.2272577291
1184.18644864015
2420.33512674796
3893.19665434085
4389.63089975547
3504.59750380262
1958.09413947636
1030.98307610417
1488.62071719794
2948.32920203215
4207.49535798899
4234.45404357023
2997.64374345992
1526.09967543102
1029.01050070343
1916.01247402664
3455.28291318923
4385.68572476818
3924.10049221903
2466.36198757559
1203.91220714272
1181.55634754793
2416.38996742103
3889.25148369584
4389.63089975547
3504.59750380262
1956.77908738772
1036.24327719882
1491.25081946154
2949.64425641039
4212.75558919415
4233.79651463424
2997.64374345992
1523.46957303019
1025.0653499179
1910.75226604619
3455.28291318923
4382.3980789726
3926.73060617607
2467.01951418579
1207.19983361326
1184.18644864015
2419.02007363597
3891.88159745547
4388.31584142242
3502.62492008288
1956.77908738772
1031.64060123893
1488.62071719794
2945.69909328549
4210.78300248496
4236.42663038401
2998.30127071018
1526.75720103285
1027.03792530801
1915.35494802665
3457.25549671876
4382.3980789726
3922.78543524611
2468.33456740845
1203.91220714272
1180.24129700548
2415.73244086918
3892.5391258977
4392.26101643342
3503.28244798858
1961.38176971021
1031.64060123893
1490.59329389467
2950.95931079189
4209.46794468367
4231.82392783209
2998.30127071018
1522.81204743161
1025.72287504734
1912.06731803713
3453.96785750726
4385.02819560709
3928.04566316018
2467.67704079674
1208.51488420576
1183.52892336618
2417.04749397363
3891.88159745547
4387.65831225738
3500.6523363711
1957.43661343169
1032.95565151023
1486.64814050701
2948.32920203215
4212.75558919415
4233.13898569922
3000.2738524659
1526.75720103285
1025.72287504734
1913.38237003085
3454.62538534781
4381.74054981645
3924.75802070689
2468.33456740845
1203.25468185045
1182.87139809282
2418.3625470811
3891.88159745547
4390.28842892347
3505.91255962019
1959.4091915678
1033.61317664676
1488.62071719794
2947.01414765719
4207.49535798899
4231.16639889997
2998.30127071018
1522.81204743161
1023.75029966078
1915.35494802665
3457.25549671876
4384.37066644699
3925.41554919568
2468.99209402093
1206.54230831793
1182.87139809282
2415.73244086918
3889.25148369584
4388.97337058845
3502.62492008288
1960.06671761456
1032.29812637429
1491.90834502905
2947.67167484426
4211.44053138706
4233.79651463424
3002.24643422903
1522.15452183367
1023.75029966078
1912.72484403364
3454.62538534781
4379.11043320171
3925.41554919568
2468.33456740845
1206.54230831793
1184.18644864015
2418.3625470811
3892.5391258977
4391.60348726245
3501.30986427415
1961.38176971021
1033.61317664676
1487.96319163365
2946.35662047093
4209.46794468367
4231.16639889997
2997.64374345992
1523.46957303019
1027.69545043922
1915.35494802665
3457.25549671876
4383.05560812974
3929.36072014803
2468.99209402093
1204.56973243561
1180.8988222764
2414.41738776776
3889.90901213436
4388.97337058845
3500.6523363711
1958.75166552173
1034.92822692161
1491.90834502905
2950.30178360073
4210.78300248496
4231.82392783209
2999.61632521317
1522.15452183367
1025.0653499179
1911.40979204131
3453.3103296676
4380.4254915071
3924.75802070689
2468.99209402093
1205.88478302321
1183.52892336618
2418.3625470811
3894.51171122996
4392.26101643342
3503.93997589516
1958.09413947636
1031.64060123893
1488.62071719794
2947.01414765719
4206.18030019736
4232.48145676517
2998.95879796126
1524.78462422931
1026.38040017738
1914.69742202736
3457.91302456369
4382.3980789726
3928.70319165364
2467.01951418579
1203.25468185045
1180.8988222764
2416.38996742103
3891.22406901417
4387.65831225738
3503.93997589516
1958.75166552173
1034.27070178389
1491.25081946154
2951.61683798388
4212.09806029012
4232.48145676517
2999.61632521317
1524.78462422931
1021.77772427952
1912.06731803713
3453.96785750726
4381.74054981645
3926.07307768541
2470.96467386293
1205.2272577291
1187.47407501912
2418.3625470811
3893.19665434085
4391.60348726245
3502.62492008288
1956.77908738772
1033.61317664676
1487.96319163365
2947.01414765719
4211.44053138706
4233.13898569922
2998.95879796126
1526.75720103285
1025.72287504734
1915.35494802665
3457.25549671876
4382.3980789726
3924.10049221903
2467.01951418579
1202.59715655879
1182.21387282007
2415.07491431809
3891.88159745547
4390.28842892347
3502.62492008288
1962.03929575908
1034.92822692161
1490.59329389467
2949.64425641039
4210.78300248496
4231.16639889997
2997.64374345992
1524.78462422931
1022.43524940601
1912.72484403364
3455.28291318923
4383.05560812974
3926.07307768541
2469.64962063417
1206.54230831793
1182.87139809282
2419.67760019159
3890.5665405738
4388.31584142242
3500.6523363711
1956.77908738772
1032.95565151023
1486.64814050701
2947.67167484426
4211.44053138706
4236.42663038401
2998.30127071018
1526.75720103285
1027.69545043922
1914.69742202736
3455.94044103153
4382.3980789726
3924.75802070689
2468.33456740845
1204.56973243561
1179.58377173517
2415.73244086918
3893.19665434085
4390.28842892347
3505.25503171096
1962.69682180865
1033.61317664676
1491.90834502905
2948.98672922086
4209.46794468367
4231.16639889997
3000.2738524659
1521.49699623639
1025.0653499179
1910.75226604619
3454.62538534781
4384.37066644699
3928.70319165364
2466.36198757559
1207.8573589092
1186.1590244657
2416.38996742103
3890.5665405738
4389.63089975547
3502.62492008288
1958.09413947636
1031.64060123893
1486.64814050701
2949.64425641039
4210.78300248496
4235.11157250719
3000.93137971945
1524.78462422931
1029.66802583642
1913.38237003085
3454.62538534781
4381.74054981645
3927.38813466766
2465.70446096616
1203.91220714272
1184.18644864015
2415.73244086918
3893.85418278494
4390.94595809247
3503.28244798858
1962.03929575908
1034.27070178389
1489.27824276287
2947.01414765719
4210.78300248496
4229.19381210946
2998.30127071018
1522.15452183367
1023.0927745331
1912.06731803713
3457.25549671876
4383.71313728787
3926.73060617607
2470.30714724817
1207.8573589092
1183.52892336618
2416.38996742103
3889.90901213436
4386.34325393026
3504.59750380262
1957.43661343169
1032.29812637429
1489.93576832845
2948.32920203215
4213.41311809915
4234.45404357023
3000.2738524659
1528.72977784224
1025.0653499179
1911.40979204131
3452.65280182881
4382.3980789726
3923.4429637321
2467.01951418579
1203.91220714272
1181.55634754793
2417.04749397363
3893.85418278494
4392.91854560538
3503.93997589516
1961.38176971021
1034.92822692161
1487.96319163365
2945.04156610087
4209.46794468367
4232.48145676517
2996.32868896188
1523.46957303019
1025.0653499179
1916.01247402664
3455.94044103153
4383.05560812974
3928.04566316018
2471.62220047845
1205.88478302321
1182.21387282007
2417.04749397363
3889.90901213436
4388.31584142242
3499.99480846894
1958.75166552173
1032.29812637429
1489.93576832845
2950.30178360073
4213.41311809915
4232.48145676517
3000.2738524659
1526.75720103285
1027.03792530801
1910.75226604619
3453.96785750726
4381.08302066128
3926.07307768541
2465.70446096616
1203.91220714272
1184.84397391472
2417.04749397363
3892.5391258977
4392.26101643342
3504.59750380262
1960.72424366204
1035.58575205992
1485.33308938295
2948.32920203215
4208.81041578448
4233.13898569922
2995.01363446712
1522.81204743161
1025.72287504734
1913.38237003085
3457.91302456369
4384.37066644699
3926.07307768541
2471.62220047845
1207.19983361326
1183.52892336618
2415.07491431809
3889.25148369584
4388.31584142242
3501.96739217807
1956.77908738772
1033.61317664676
1489.93576832845
2949.64425641039
4212.75558919415
4232.48145676517
3001.58890697383
1525.44214982984
1025.72287504734
1911.40979204131
3453.96785750726
4380.4254915071
3927.38813466766
2464.38940774958
1202.59715655879
1184.18644864015
2419.02007363597
3891.22406901417
4391.60348726245
3505.91255962019
1961.38176971021
1034.27070178389
1489.27824276287
2947.01414765719
4208.15288688625
4231.82392783209
2996.98621621049
1522.15452183367
1025.0653499179
1916.01247402664
3455.94044103153
4384.37066644699
3927.38813466766
2468.99209402093
1205.88478302321
1181.55634754793
2414.41738776776
3890.5665405738
4387.00078309332
3499.33728056766
1959.4091915678
1031.64060123893
1487.96319163365
2949.64425641039
4213.41311809915
4233.13898569922
3000.2738524659
1527.41472663533
1025.72287504734
1911.40979204131
3451.9952739909
4382.3980789726
3924.10049221903
2466.36198757559
1205.88478302321
1184.84397391472
2416.38996742103
3893.85418278494
4391.60348726245
3504.59750380262
1960.72424366204
1034.27070178389
1485.99061494466
2947.67167484426
4208.81041578448
4231.16639889997
2998.95879796126
1524.12709862942
1025.72287504734
1916.67000002733
3455.94044103153
4382.3980789726
3929.36072014803
2467.01951418579
1204.56973243561
1183.52892336618
2415.73244086918
3889.25148369584
4388.97337058845
3500.6523363711
1958.09413947636
1035.58575205992
1491.25081946154
2948.98672922086
4214.72817591205
4234.45404357023
3000.93137971945
1524.12709862942
1025.0653499179
1910.09474005176
3453.96785750726
4380.4254915071
3925.41554919568
2467.01951418579
1207.19983361326
1183.52892336618
2418.3625470811
3894.51171122996
4391.60348726245
3503.93997589516
1959.4091915678
1032.29812637429
1485.99061494466
2945.69909328549
4210.12547358383
4229.19381210946
2999.61632521317
1524.78462422931
1027.03792530801
1913.38237003085
3457.91302456369
4383.05560812974
3929.36072014803
2468.33456740845
1203.25468185045
1182.87139809282
2413.75986121817
3888.59395525826
4388.97337058845
3502.62492008288
1960.06671761456
1032.29812637429
1489.27824276287
2950.95931079189
4210.78300248496
4234.45404357023
3000.2738524659
1522.81204743161
1025.72287504734
1911.40979204131
3451.33774615386
4383.05560812974
3923.4429637321
2469.64962063417
1205.2272577291
1185.50149918991
2417.04749397363
3893.19665434085
4389.63089975547
3504.59750380262
1958.75166552173
1033.61317664676
1487.30566607001
2945.69909328549
4210.78300248496
4233.79651463424
3000.93137971945
1525.44214982984
1027.69545043922
1914.69742202736
3456.59796887471
4383.71313728787
3926.07307768541
2467.67704079674
1203.25468185045
1180.8988222764
2414.41738776776
3889.90901213436
4391.60348726245
3503.28244798858
1961.38176971021
1034.27070178389
1488.62071719794
2950.95931079189
4208.15288688625
4231.82392783209
3000.93137971945
1523.46957303019
1025.0653499179
1912.72484403364
3453.96785750726
4384.37066644699
3928.04566316018
2468.99209402093
1208.51488420576
1182.87139809282
2415.73244086918
3891.88159745547
4387.00078309332
3503.93997589516
1956.12156134446
1032.29812637429
1489.27824276287
2948.98672922086
4211.44053138706
4235.76910144511
3000.93137971945
1526.09967543102
1025.72287504734
1913.38237003085
3453.3103296676
4384.37066644699
3923.4429637321
2467.67704079674
1204.56973243561
1183.52892336618
2417.70502052699
3892.5391258977
4390.28842892347
3505.91255962019
1960.72424366204
1032.29812637429
1489.27824276287
2947.01414765719
4208.15288688625
4231.82392783209
2998.95879796126
1523.46957303019
1027.69545043922
1912.06731803713
3458.5705524095
4382.3980789726
3928.70319165364
2470.30714724817
1203.91220714272
1182.87139809282
2414.41738776776
3890.5665405738
4387.65831225738
3502.62492008288
1960.72424366204
1032.95565151023
1489.93576832845
2949.64425641039
4212.09806029012
4234.45404357023
3000.93137971945
1524.78462422931
1021.12019915361
1912.06731803713
3453.96785750726
4380.4254915071
3924.75802070689
2470.30714724817
1205.2272577291
1185.50149918991
2417.70502052699
3893.19665434085
4390.28842892347
3505.25503171096
1958.75166552173
1031.64060123893
1487.96319163365
2947.01414765719
4209.46794468367
4235.76910144511
2998.95879796126
1526.75720103285
1027.03792530801
1916.01247402664
3455.28291318923
4385.68572476818
6.55958483478997
5.90206052690478
7.21710914314488
5.24453621948939
6.55958483478997
7.87463345196976
7.21710914314488
9.18968207102955
10.5047306919697
7.87463345196976
9.18968207102955
11.1622550031452
5.90206052690478
7.87463345196976
6.55958483478997
5.24453621948939
3.27196330006074
9.18968207102955
5.90206052690478
8.53215776126459
9.84720638126452
11.8197793147911
7.21710914314488
9.18968207102955
9.84720638126452
5.90206052690478
6.55958483478997
5.90206052690478
4.58701191254363
5.90206052690478
8.53215776126459
5.24453621948939
9.84720638126452
9.84720638126452
8.53215776126459
7.87463345196976
10.5047306919697
9.84720638126452
7.21710914314488
5.90206052690478
6.55958483478997
3.92948760606743
5.90206052690478
9.18968207102955
7.87463345196976
6.55958483478997
11.1622550031452
11.1622550031452
8.53215776126459
10.5047306919697
8.53215776126459
7.21710914314488
7.87463345196976
4.58701191254363
7.21710914314488
7.87463345196976
5.24453621948939
9.18968207102955
8.53215776126459
7.87463345196976
9.84720638126452
7.87463345196976
9.18968207102955
7.87463345196976
5.24453621948939
9.84720638126452
5.24453621948939
4.58701191254363
7.87463345196976
5.90206052690478
8.53215776126459
10.5047306919697
6.55958483478997
7.87463345196976
9.84720638126452
9.18968207102955
9.18968207102955
5.90206052690478
6.55958483478997
8.53215776126459
3.92948760606743
7.87463345196976
8.53215776126459
7.87463345196976
9.84720638126452
6.55958483478997
11.8197793147911
6.55958483478997
8.53215776126459
7.87463345196976
5.24453621948939
6.55958483478997
5.90206052690478
5.24453621948939
7.21710914314488
5.90206052690478
9.18968207102955
9.18968207102955
6.55958483478997
11.1622550031452
5210.22809552238
3185.03904341201
1345.2801593072
1207.8573589092
2881.91896017117
4993.90063203286
5797.40323935962
4631.60170095515
2455.8415619159
1065.17438389723
1605.00275231058
3632.15793465586
5472.58283677525
5610.66435060295
3935.27847663959
1825.93141847499
1019.14762377944
2186.91324611151
4356.75444261343
5750.06097713033
5208.25550414345
3186.35409838913
1341.99253218591
1203.91220714272
2881.26143306547
4993.90063203286
5796.08817643923
4634.23181910894
2457.81414171227
1069.77706006892
1607.63285503587
3632.15793465586
5469.29518228693
5610.66435060295
3932.648362634
1820.01368535081
1018.49009865589
2188.22829870004
4358.06950085181
5752.03357127076
5206.94044322958
3188.98420835351
1343.30758303254
1205.88478302321
2881.26143306547
4993.24310192493
5794.77311352345
4630.94417141924
2455.18403531863
1069.77706006892
1606.97532935356
3633.47299081918
5472.58283677525
5612.63694401777
3933.305891134
1821.98626305271
1017.17504841056
2182.9680883634
4358.06950085181
5749.40344575249
5206.94044322958
3187.66915336963
1343.9651084568
1207.8573589092
2883.23401438501
4994.55816214184
5797.40323935962
4629.62911235048
2455.18403531863
1065.83190906283
1605.66027799091
3628.87029426327
5472.58283677525
5610.00681946694
3935.93600514333
1823.95884076077
1019.14762377944
2187.57077240541
4358.72702997247
5750.06097713033
5206.94044322958
3183.72398843828
1340.01995592066
1204.56973243561
2879.94637885649
4993.90063203286
5798.06077082155
4632.25923049207
2458.47166831258
1068.46200973117
1608.94790640248
3632.81546273707
5471.26777497657
5608.69175719833
3932.648362634
1820.01368535081
1019.14762377944
2182.31056207459
4361.35714646497
5750.71850850933
5210.22809552238
3188.32668086115
1343.30758303254
1209.17240950292
2880.60390596057
4991.92804171226
5795.43064498076
4628.31405328578
2457.15661511272
1065.83190906283
1606.97532935356
3632.81546273707
5473.89789857839
5611.97941287836
3937.2510621536
1822.64378895471
1017.83257353293
2183.62561465293
4356.75444261343
5746.1157888805
5208.25550414345
3185.03904341201
1345.93768473335
1206.54230831793
2881.91896017117
4995.87322236299
5796.08817643923
4632.25923049207
2455.8415619159
1065.83190906283
1608.29038071885
3629.52782233999
5472.58283677525
5608.69175719833
3932.648362634
1823.3013148574
1021.12019915361
2185.5981935259
4360.04208821675
5750.71850850933
5208.25550414345
3185.69657090015
1342.65005760891
1204.56973243561
2881.26143306547
4993.90063203286
5796.08817643923
4633.57428956897
2457.81414171227
1067.80448456319
1610.26295777172
3630.84287849613
5473.24036767626
5608.69175719833
3930.67577713962
1820.67121125076
1017.83257353293
2183.62561465293
4360.69961734036
5752.03357127076
5207.59797368597
3187.66915336963
1344.62263388169
1206.54230831793
2882.57648727769
4991.27051160751
5796.74570789885
4628.31405328578
2455.18403531863
1065.17438389723
1607.63285503587
3636.76063124321
5471.92530587535
5611.97941287836
3934.6209481368
1823.95884076077
1020.4626740283
2182.31056207459
4355.439384379
5750.06097713033
5206.28291277427
3184.38151592473
1343.9651084568
1207.19983361326
2883.23401438501
4994.55816214184
5796.74570789885
4631.60170095515
2459.12919491365
1064.51685873222
1605.66027799091
3630.18535041761
5471.92530587535
5608.69175719833
3932.648362634
1821.98626305271
1019.14762377944
2187.57077240541
4359.38455909412
5751.37603988947
5210.22809552238
3185.69657090015
1340.67748134178
1206.54230831793
2880.60390596057
4990.61298150382
5796.74570789885
4630.28664188435
2455.8415619159
1067.14695939581
1608.29038071885
3632.15793465586
5475.87049129147
5610.66435060295
3933.305891134
1821.98626305271
1017.83257353293
2182.9680883634
4358.06950085181
5748.08838300024
5208.91303460201
3187.01162587896
1343.9651084568
1208.51488420576
2887.17917704596
4994.55816214184
5797.40323935962
4632.25923049207
2453.86898212636
1066.48943422902
1606.31780367191
3628.21276618745
5472.58283677525
5611.32188174009
3934.6209481368
1821.98626305271
1022.43524940601
2186.91324611151
4359.38455909412
5750.06097713033
5210.22809552238
3183.72398843828
1341.33500676353
1206.54230831793
2879.94637885649
4991.92804171226
5797.40323935962
4630.28664188435
2457.15661511272
1068.46200973117
1609.60543208677
3633.47299081918
5474.55542948163
5608.03422606572
3932.648362634
1820.67121125076
1015.85999816759
2184.28314094319
4357.41197173213
5748.74591437579
5210.8856259842
3186.35409838913
1343.9651084568
1209.17240950292
2885.86412282241
4991.27051160751
5797.40323935962
4630.28664188435
2454.52650872212
1065.17438389723
1606.97532935356
3629.52782233999
5473.24036767626
5610.66435060295
3933.96341963493
1821.32873715139
1022.43524940601
2187.57077240541
4358.06950085181
5751.37603988947
5207.59797368597
3183.06646095268
1341.99253218591
1207.19983361326
2879.94637885649
4994.55816214184
5797.40323935962
4631.60170095515
2459.78672151548
1069.77706006892
1605.00275231058
3632.81546273707
5471.92530587535
5608.03422606572
3931.33330563682
1820.67121125076
1016.51752328878
2185.5981935259
4356.09691349572
5751.37603988947
5211.5431564471
3185.03904341201
1343.9651084568
1205.88478302321
2882.57648727769
4993.90063203286
5794.77311352345
4629.62911235048
2451.89640234366
1066.48943422902
1606.97532935356
3632.81546273707
5473.89789857839
5610.66435060295
3935.27847663959
1821.98626305271
1019.80514890357
2184.94066723418
4358.72702997247
5750.06097713033
5206.28291277427
3185.03904341201
1341.99253218591
1207.8573589092
2882.57648727769
4993.90063203286
5798.06077082155
4633.57428956897
2456.49908851393
1067.14695939581
1605.66027799091
3631.50040657554
5471.92530587535
5608.69175719833
3933.305891134
1822.64378895471
1018.49009865589
2187.57077240541
4358.72702997247
5752.03357127076
5209.57056506165
3187.01162587896
1342.65005760891
1205.88478302321
2879.94637885649
4993.24310192493
5794.77311352345
4629.62911235048
2456.49908851393
1067.14695939581
1610.26295777172
3634.13051890219
5473.24036767626
5612.63694401777
3933.305891134
1823.95884076077
1017.83257353293
2183.62561465293
4356.75444261343
5749.40344575249
5206.94044322958
3186.35409838913
1343.30758303254
1207.19983361326
2883.23401438501
4994.55816214184
5796.08817643923
4630.94417141924
2457.15661511272
1064.51685873222
1605.66027799091
3633.47299081918
5471.26777497657
5610.00681946694
3934.6209481368
1821.32873715139
1021.12019915361
2186.25571981834
4359.38455909412
5751.37603988947
5206.28291277427
3184.38151592473
1340.67748134178
1203.91220714272
2879.94637885649
4993.90063203286
5795.43064498076
4630.94417141924
2457.81414171227
1066.48943422902
1609.60543208677
3632.81546273707
5471.92530587535
5609.34928833207
3931.99083413494
1820.01368535081
1019.80514890357
2182.31056207459
4359.38455909412
5752.03357127076
5208.91303460201
3187.66915336963
1344.62263388169
1207.8573589092
2882.57648727769
4994.55816214184
5792.14298770576
4629.62911235048
2457.15661511272
1063.85933356781
1606.31780367191
3632.15793465586
5473.24036767626
5610.66435060295
3934.6209481368
1823.95884076077
1022.43524940601
2185.5981935259
4358.06950085181
5750.71850850933
5205.62538232005
3186.35409838913
1340.01995592066
1205.88478302321
2883.23401438501
4995.21569225188
5797.40323935962
4634.23181910894
2456.49908851393
1067.80448456319
1607.63285503587
3630.84287849613
5469.95271318236
5610.00681946694
3931.99083413494
1820.67121125076
1017.83257353293
2186.25571981834
4357.41197173213
5752.6911026532
5209.57056506165
3186.35409838913
1344.62263388169
1205.88478302321
2879.94637885649
4993.90063203286
5794.1155820673
4628.97158281762
2455.18403531863
1065.17438389723
1608.29038071885
3634.13051890219
5471.26777497657
5612.63694401777
3934.6209481368
1821.98626305271
1018.49009865589
2185.5981935259
4356.09691349572
5750.06097713033
5204.96785186692
3183.06646095268
1344.62263388169
1209.17240950292
2883.23401438501
4995.21569225188
5798.06077082155
4633.57428956897
2457.15661511272
1067.14695939581
1606.97532935356
3630.18535041761
5472.58283677525
5607.37669493424
3931.99083413494
1822.64378895471
1019.14762377944
2186.91324611151
4360.69961734036
5750.71850850933
5209.57056506165
3186.35409838913
1341.99253218591
1207.8573589092
2879.28885175322
4991.92804171226
5794.77311352345
4629.62911235048
2455.8415619159
1067.14695939581
1606.31780367191
3635.4455750709
5473.89789857839
5611.97941287836
3935.93600514333
1821.98626305271
1019.80514890357
2184.94066723418
4356.09691349572
5750.71850850933
5205.62538232005
3183.72398843828
1344.62263388169
1207.19983361326
2884.54906860209
4993.24310192493
5796.74570789885
4632.25923049207
2456.49908851393
1063.85933356781
1606.97532935356
3631.50040657554
5469.29518228693
5610.00681946694
3931.99083413494
1823.95884076077
1020.4626740283
2186.25571981834
4361.35714646497
5749.40344575249
5208.25550414345
3187.66915336963
1340.67748134178
1209.17240950292
2879.28885175322
4992.58557181806
5795.43064498076
4628.31405328578
2460.44424811807
1067.80448456319
1607.63285503587
3632.81546273707
5473.89789857839
5610.66435060295
3934.6209481368
1822.64378895471
1016.51752328878
2182.9680883634
4356.75444261343
5748.08838300024
5208.25550414345
3187.01162587896
1343.30758303254
1209.17240950292
2886.52164993378
4995.21569225188
5798.71830228463
4632.25923049207
2459.12919491365
1066.48943422902
1605.66027799091
3630.18535041761
5469.95271318236
5608.03422606572
3928.70319165364
1822.64378895471
1020.4626740283
2185.5981935259
4360.69961734036
5750.71850850933
5208.25550414345
3187.66915336963
1340.67748134178
1209.17240950292
2882.57648727769
4991.92804171226
5795.43064498076
4629.62911235048
2453.86898212636
1066.48943422902
1609.60543208677
3634.78804698609
5474.55542948163
5611.32188174009
3933.305891134
1822.64378895471
1018.49009865589
2183.62561465293
4358.06950085181
5748.08838300024
5206.94044322958
3183.72398843828
1345.2801593072
1207.8573589092
2883.23401438501
4995.21569225188
5797.40323935962
4632.25923049207
2456.49908851393
1067.80448456319
1604.3452266309
3630.84287849613
5472.58283677525
5607.37669493424
3933.305891134
1821.32873715139
1021.77772427952
2186.91324611151
4361.35714646497
5752.6911026532
5210.8856259842
3185.69657090015
1343.30758303254
1206.54230831793
2879.28885175322
4991.27051160751
5794.77311352345
4628.31405328578
2456.49908851393
1067.80448456319
1607.63285503587
3634.78804698609
5474.55542948163
5611.97941287836
3933.305891134
1821.32873715139
1018.49009865589
2181.65303578651
4356.75444261343
5748.74591437579
5206.28291277427
3185.03904341201
1341.33500676353
1210.48746009909
2883.23401438501
4997.18828258837
5796.08817643923
4630.94417141924
2456.49908851393
1066.48943422902
1605.66027799091
3629.52782233999
5469.95271318236
5609.34928833207
3931.99083413494
1821.98626305271
1021.12019915361
2189.54335129148
4359.38455909412
5754.00616542153
5207.59797368597
3186.35409838913
1341.33500676353
1205.2272577291
2881.26143306547
4991.92804171226
5796.74570789885
4629.62911235048
2455.8415619159
1067.14695939581
1608.29038071885
3633.47299081918
5476.52802219806
5608.69175719833
3931.99083413494
1822.64378895471
1018.49009865589
2182.9680883634
4355.439384379
5751.37603988947
5207.59797368597
3185.03904341201
1343.9651084568
1209.8299348007
2883.89154149314
4995.21569225188
5797.40323935962
4629.62911235048
2457.15661511272
1063.85933356781
1605.00275231058
3630.18535041761
5472.58283677525
5608.69175719833
3933.305891134
1820.67121125076
1019.80514890357
2188.8858249954
4360.69961734036
5750.06097713033
5207.59797368597
3185.03904341201
1341.33500676353
1205.88478302321
2879.94637885649
4992.58557181806
5798.71830228463
4628.97158281762
2457.15661511272
1065.17438389723
1609.60543208677
3635.4455750709
5472.58283677525
5608.69175719833
3933.96341963493
1819.35615945154
1017.17504841056
2184.94066723418
4358.06950085181
5751.37603988947
5208.25550414345
3185.03904341201
1343.30758303254
1208.51488420576
2887.17917704596
4995.21569225188
5792.80051915845
4632.25923049207
2454.52650872212
1065.83190906283
1606.31780367191
3629.52782233999
5471.92530587535
5610.00681946694
3931.99083413494
1824.61636666482
1020.4626740283
2187.57077240541
4361.35714646497
5752.03357127076
5206.28291277427
3186.35409838913
1340.01995592066
1205.88478302321
2879.94637885649
4990.61298150382
5795.43064498076
4630.28664188435
2454.52650872212
1067.14695939581
1611.5780091436
3634.13051890219
5473.24036767626
5611.32188174009
3929.36072014803
1821.32873715139
1017.83257353293
2183.62561465293
4356.75444261343
5750.06097713033
5206.94044322958
3187.01162587896
1343.30758303254
1209.8299348007
2885.86412282241
4996.53075247515
5796.08817643923
4632.25923049207
2454.52650872212
1065.17438389723
1607.63285503587
3630.18535041761
5471.92530587535
5608.69175719833
3931.99083413494
1821.32873715139
1022.43524940601
2186.91324611151
4360.69961734036
5751.37603988947
5206.94044322958
3185.03904341201
1342.65005760891
1205.2272577291
2879.94637885649
4993.24310192493
5794.77311352345
4630.28664188435
2457.15661511272
1068.46200973117
1609.60543208677
3634.13051890219
5473.89789857839
5607.37669493424
3932.648362634
1820.01368535081
1015.20247304699
2184.94066723418
4359.38455909412
5749.40344575249
5207.59797368597
3184.38151592473
1342.65005760891
1211.1449853981
2883.23401438501
4996.53075247515
5794.1155820673
4630.28664188435
2455.8415619159
1063.201808404
1608.29038071885
3630.18535041761
5473.24036767626
5610.66435060295
3934.6209481368
1821.98626305271
1022.43524940601
2187.57077240541
4361.35714646497
5748.08838300024
5206.94044322958
3180.43635101875
1340.67748134178
1206.54230831793
2883.23401438501
4993.24310192493
5798.06077082155
4628.97158281762
2457.81414171227
1067.80448456319
1608.94790640248
3634.13051890219
5472.58283677525
5608.03422606572
3930.01824864336
1818.04110765507
1019.80514890357
2186.25571981834
4358.72702997247
5752.03357127076
5206.94044322958
3185.69657090015
1341.33500676353
1209.8299348007
2883.23401438501
4995.21569225188
5794.77311352345
4628.97158281762
2455.8415619159
1063.85933356781
1609.60543208677
3632.15793465586
5474.55542948163
5610.00681946694
3933.96341963493
1821.98626305271
1019.14762377944
2186.91324611151
4357.41197173213
5749.40344575249
5204.31032141486
3181.75140598402
1341.99253218591
1206.54230831793
2883.23401438501
4993.24310192493
5796.74570789885
4633.57428956897
2454.52650872212
1065.83190906283
1609.60543208677
3632.81546273707
5472.58283677525
5607.37669493424
3929.36072014803
1821.98626305271
1022.43524940601
2187.57077240541
4360.04208821675
5752.6911026532
5207.59797368597
3185.69657090015
1341.33500676353
1206.54230831793
2885.20659571184
4992.58557181806
5794.1155820673
4627.65652375495
2454.52650872212
1067.80448456319
1608.94790640248
3632.81546273707
5475.21296038599
5609.34928833207
3931.99083413494
1820.67121125076
1015.85999816759
2186.25571981834
4357.41197173213
5749.40344575249
5207.59797368597
3184.38151592473
1344.62263388169
1210.48746009909
2881.26143306547
4994.55816214184
5798.06077082155
4627.65652375495
2455.18403531863
1064.51685873222
1607.63285503587
3632.81546273707
5472.58283677525
5606.7191638039
3933.305891134
1822.64378895471
1019.80514890357
2186.91324611151
4360.69961734036
5752.03357127076
5209.57056506165
3183.72398843828
1341.33500676353
1205.88478302321
2882.57648727769
4994.55816214184
5792.80051915845
4627.65652375495
2456.49908851393
1066.48943422902
1609.60543208677
3632.81546273707
5475.21296038599
5610.66435060295
3932.648362634
1821.98626305271
1019.14762377944
2184.28314094319
4360.04208821675
5748.74591437579
5204.31032141486
3183.06646095268
1344.62263388169
1206.54230831793
2885.20659571184
4993.90063203286
5797.40323935962
4631.60170095515
2454.52650872212
1065.17438389723
1607.63285503587
3632.81546273707
5471.26777497657
5608.69175719833
3928.70319165364
1822.64378895471
1019.80514890357
2187.57077240541
4360.69961734036
5752.03357127076
5209.57056506165
3185.69657090015
1343.9651084568
1209.8299348007
2881.91896017117
4993.24310192493
5792.14298770576
4628.31405328578
2454.52650872212
1065.17438389723
1608.29038071885
3632.15793465586
5473.24036767626
5611.32188174009
3931.33330563682
1824.61636666482
1020.4626740283
2185.5981935259
4361.35714646497
5748.08838300024
5206.28291277427
3183.06646095268
1339.36243050017
1208.51488420576
2881.91896017117
4994.55816214184
5798.06077082155
4628.31405328578
2454.52650872212
1069.11953489975
1608.94790640248
3634.13051890219
5473.89789857839
5606.7191638039
3929.36072014803
1820.67121125076
1016.51752328878
2187.57077240541
4359.38455909412
5750.06097713033
5208.91303460201
3185.69657090015
1343.9651084568
1209.17240950292
2884.54906860209
4993.90063203286
5795.43064498076
4628.31405328578
2454.52650872212
1063.85933356781
1608.94790640248
3633.47299081918
5473.24036767626
5611.97941287836
3930.67577713962
1823.3013148574
1022.43524940601
2186.91324611151
4359.38455909412
5750.06097713033
3.27196330006074
7.21710914314488
5.90206052690478
7.21710914314488
8.53215776126459
8.53215776126459
11.1622550031452
7.87463345196976
10.5047306919697
8.53215776126459
6.55958483478997
8.53215776126459
5.24453621948939
3.92948760606743
7.87463345196976
5.24453621948939
6.55958483478997
9.18968207102955
8.53215776126459
7.87463345196976
10.5047306919697
11.1622550031452
5.90206052690478
11.1622550031452
7.87463345196976
5.90206052690478
3.92948760606743
6.55958483478997
8.53215776126459
5.24453621948939
6.55958483478997
12.4773036269074
7.87463345196976
9.18968207102955
10.5047306919697
11.1622550031452
6.55958483478997
7.21710914314488
9.18968207102955
5.90206052690478
3.92948760606743
5.90206052690478
7.87463345196976
7.21710914314488
5.90206052690478
12.4773036269074
9.18968207102955
8.53215776126459
10.5047306919697
9.18968207102955
6.55958483478997
9.18968207102955
7.21710914314488
5.24453621948939
7.21710914314488
7.87463345196976
6.55958483478997
7.87463345196976
8.53215776126459
11.1622550031452
7.87463345196976
6.55958483478997
10.5047306919697
8.53215776126459
7.21710914314488
7.87463345196976
5.90206052690478
5.24453621948939
6.55958483478997
6.55958483478997
3.27196330006074
9.18968207102955
11.1622550031452
10.5047306919697
7.87463345196976
10.5047306919697
8.53215776126459
9.84720638126452
5.90206052690478
6.55958483478997
6.55958483478997
5.24453621948939
7.21710914314488
7.21710914314488
3.92948760606743
9.18968207102955
9.18968207102955
9.84720638126452
7.87463345196976
10.5047306919697
9.18968207102955
7.87463345196976
8.53215776126459
5.90206052690478
4.58701191254363
7.21710914314488
2.61443899452352
9.84720638126452
6.55958483478997
9.84720638126452
5984.79975303678
3969.46996007458
1518.86689385373
1206.54230831793
3284.32570374249
6039.37489596452
7201.23566698555
5813.18399476475
3016.71203405209
1119.74897467416
1684.56336443746
4251.54979624659
6698.22245829224
7007.92069724527
4931.43527650002
2174.4202466656
1013.22989768873
2404.5544896032
5199.70760828086
7096.6877611395
6527.26389048997
3964.86726023385
1517.5518426663
1210.48746009909
3287.6133418347
6042.00502354006
7203.8658034109
5816.47165222462
3018.02708860126
1121.72155032174
1687.19346748399
4248.9196804075
6694.27725961798
7007.26316352713
4929.46268648033
2171.79014155251
1011.25732233576
2403.23943652741
5199.05007783748
7095.37269335273
6531.86662005659
3970.12748862701
1520.18194504376
1211.1449853981
3285.6407589768
6040.03242785663
7202.55073519558
5815.81412073033
3017.36956132626
1117.11887381916
1685.87841595939
4248.9196804075
6695.59232583769
7009.89329840748
4930.7777464924
2174.4202466656
1014.54494792698
2403.23943652741
5196.41995607481
7096.6877611395
6528.57895607423
3965.52478877971
1517.5518426663
1206.54230831793
3284.98323135922
6042.00502354006
7204.52333752053
5815.1565892372
3018.02708860126
1121.72155032174
1689.82357054122
4249.57720936581
6694.27725961798
7005.94809609475
4929.46268648033
2173.1051941076
1008.62722187338
2402.58190999064
5199.05007783748
7098.00282893151
6528.57895607423
3968.15490297254
1520.83947063975
1209.8299348007
3284.32570374249
6043.97761923414
7203.20826930258
5811.2114003027
3018.02708860126
1119.74897467416
1684.56336443746
4246.94709353838
6696.24985894943
7008.57823096471
4932.09280650869
2173.76272038624
1013.88742280756
2403.89696306493
5199.70760828086
7098.00282893151
6527.92142328148
3964.86726023385
1518.20936825969
1207.8573589092
3283.66817612662
6040.68995974992
7203.8658034109
5811.2114003027
3016.71203405209
1122.3790755388
1689.16604477591
4250.89226728536
6696.90739206244
7007.92069724527
4930.7777464924
2173.1051941076
1008.62722187338
2401.92438345463
5199.70760828086
7094.7151594613
6525.94882491068
3965.52478877971
1518.86689385373
1211.80251069771
3288.92839707759
6042.00502354006
7205.18087163149
5814.49905774523
3016.05450677874
1118.43392424546
1685.87841595939
4247.60462249378
6695.59232583769
7005.2905623805
4928.14762647246
2174.4202466656
1013.22989768873
2403.89696306493
5199.70760828086
7098.66036282948
6529.23648886822
3968.81243152309
1518.86689385373
1206.54230831793
3286.29828659524
6040.03242785663
7201.23566698555
5811.2114003027
3014.73945223452
1117.77639903201
1687.85099324729
4252.86485417196
6696.24985894943
7009.89329840748
4929.46268648033
2174.4202466656
1010.59979721928
2403.89696306493
5197.73501695398
7096.03022724546
6524.63375933635
3962.89467460189
1518.86689385373
1209.17240950292
3284.98323135922
6044.63515113453
7203.8658034109
5814.49905774523
3016.71203405209
1121.06402510528
1685.22089019809
4248.9196804075
6694.27725961798
7005.2905623805
4928.14762647246
2171.79014155251
1011.25732233576
2403.89696306493
5201.02266917087
7098.66036282948
6529.23648886822
3968.15490297254
1521.49699623639
1211.1449853981
3285.6407589768
6040.68995974992
7201.89320108991
5812.52646327624
3015.39697950622
1116.46134860691
1687.85099324729
4251.54979624659
6696.90739206244
7007.92069724527
4930.7777464924
2175.07777294569
1011.91484745283
2407.84212230587
5201.02266917087
7095.37269335273
6525.94882491068
3966.18231732651
1515.57926589001
1209.17240950292
3284.98323135922
6042.00502354006
7203.8658034109
5813.84152625441
3017.36956132626
1121.72155032174
1689.16604477591
4250.2347383251
6697.56492517671
7009.23576468544
4927.4900964701
2170.47508900033
1011.25732233576
2401.26685691937
5197.73501695398
7096.6877611395
6525.94882491068
3966.83984587425
1520.18194504376
1209.17240950292
3286.95581421454
6046.60774684282
7205.83840574377
5811.86893178889
3016.71203405209
1119.74897467416
1685.22089019809
4249.57720936581
6696.24985894943
7003.31796124555
4928.14762647246
2172.4476678297
1011.91484745283
2404.5544896032
5199.70760828086
7098.66036282948
6527.92142328148
3968.15490297254
1520.83947063975
1208.51488420576
3285.6407589768
6043.32008733493
7201.23566698555
5810.55386881766
3015.39697950622
1117.11887381916
1687.85099324729
4249.57720936581
6696.24985894943
7010.55083213081
4927.4900964701
2175.07777294569
1011.91484745283
2405.86954268201
5199.70760828086
7096.03022724546
6528.57895607423
3965.52478877971
1516.23679148146
1208.51488420576
3285.6407589768
6041.3474916444
7205.18087163149
5813.84152625441
3016.05450677874
1121.06402510528
1689.82357054122
4250.89226728536
6698.87999140903
7007.26316352713
4926.17503646854
2171.79014155251
1009.28474698809
2401.26685691937
5199.05007783748
7096.03022724546
6523.97622655104
3966.83984587425
1520.18194504376
1209.8299348007
3288.27086945572
6045.29268303611
7205.18087163149
5813.84152625441
3015.39697950622
1117.77639903201
1689.82357054122
4246.94709353838
6695.59232583769
7006.60562981029
4926.83256646879
2172.4476678297
1013.22989768873
2403.89696306493
5201.02266917087
7100.63296453123
6529.23648886822
3967.49737442292
1520.18194504376
1208.51488420576
3284.98323135922
6041.3474916444
7203.20826930258
5809.23880585106
3013.4243976936
1120.40649988942
1688.50851901127
4250.2347383251
6698.87999140903
7008.57823096471
4928.80515647587
2174.4202466656
1013.22989768873
2403.89696306493
5197.07748651385
7097.34529503485
6524.63375933635
3962.23714605977
1516.89431707356
1206.54230831793
3284.98323135922
6043.32008733493
7203.8658034109
5814.49905774523
3018.68461587709
1119.09144945951
1689.82357054122
4250.89226728536
6696.24985894943
7004.63302866755
4927.4900964701
2173.1051941076
1008.62722187338
2403.23943652741
5198.39254739519
7095.37269335273
6527.26389048997
3966.83984587425
1522.15452183367
1207.8573589092
3286.95581421454
6043.32008733493
7204.52333752053
5811.2114003027
3014.73945223452
1117.77639903201
1687.19346748399
4251.54979624659
6694.9347927272
7007.26316352713
4929.46268648033
2171.13261527606
1013.88742280756
2405.21201614223
5199.05007783748
7098.66036282948
6530.55155445992
3966.18231732651
1519.52441944842
1209.8299348007
3287.6133418347
6042.6625554369
7199.9205987808
5811.2114003027
3017.36956132626
1117.77639903201
1687.85099324729
4250.2347383251
6697.56492517671
7009.89329840748
4931.43527650002
2171.13261527606
1011.91484745283
2408.49964884867
5200.36513872532
7095.37269335273
6527.26389048997
3962.89467460189
1517.5518426663
1208.51488420576
3284.98323135922
6042.00502354006
7206.49593985738
5811.86893178889
3017.36956132626
1122.3790755388
1687.85099324729
4250.89226728536
6698.87999140903
7007.26316352713
4928.14762647246
2171.79014155251
1011.25732233576
2402.58190999064
5199.05007783748
7094.05762557118
6525.94882491068
3966.18231732651
1520.83947063975
1210.48746009909
3285.6407589768
6044.63515113453
7205.83840574377
5811.86893178889
3019.34214315374
1120.40649988942
1685.87841595939
4250.2347383251
6694.27725961798
7005.2905623805
4928.80515647587
2171.79014155251
1011.25732233576
2403.89696306493
5201.02266917087
7098.00282893151
6531.20908725764
3967.49737442292
1520.18194504376
1209.8299348007
3286.95581421454
6040.03242785663
7203.20826930258
5812.52646327624
3014.08192496365
1119.74897467416
1685.87841595939
4250.2347383251
6698.22245829224
7009.23576468544
4930.7777464924
2174.4202466656
1013.88742280756
2404.5544896032
5201.02266917087
7098.00282893151
6525.94882491068
3964.20973168892
1518.86689385373
1207.19983361326
3284.32570374249
6040.68995974992
7204.52333752053
5813.18399476475
3016.05450677874
1120.40649988942
1688.50851901127
4253.52238313611
6694.9347927272
7007.92069724527
4928.80515647587
2174.4202466656
1011.25732233576
2401.26685691937
5197.73501695398
7096.6877611395
6525.94882491068
3964.86726023385
1519.52441944842
1211.1449853981
3287.6133418347
6043.97761923414
7205.83840574377
5812.52646327624
3017.36956132626
1121.06402510528
1687.19346748399
4248.9196804075
6694.9347927272
7007.26316352713
4928.14762647246
2170.47508900033
1010.59979721928
2402.58190999064
5198.39254739519
7098.66036282948
6527.92142328148
3966.83984587425
1521.49699623639
1213.11756129878
3286.95581421454
6043.97761923414
7199.9205987808
5811.2114003027
3015.39697950622
1117.11887381916
1684.56336443746
4248.9196804075
6693.61972651001
7005.94809609475
4930.7777464924
2172.4476678297
1014.54494792698
2407.84212230587
5202.33773006521
7096.6877611395
6531.86662005659
3964.20973168892
1517.5518426663
1209.17240950292
3284.98323135922
6039.37489596452
7202.55073519558
5811.2114003027
3013.4243976936
1119.74897467416
1686.53594172135
4250.89226728536
6698.87999140903
7007.26316352713
4930.12021648584
2174.4202466656
1013.22989768873
2405.86954268201
5198.39254739519
7096.6877611395
6525.29129212289
3966.83984587425
1516.89431707356
1207.19983361326
3284.98323135922
6042.00502354006
7203.20826930258
5814.49905774523
3017.36956132626
1119.74897467416
1688.50851901127
4251.54979624659
6697.56492517671
7008.57823096471
4930.12021648584
2173.1051941076
1009.94227210339
2403.89696306493
5199.05007783748
7094.05762557118
6527.26389048997
3963.55220314493
1518.86689385373
1209.8299348007
3288.92839707759
6042.00502354006
7205.83840574377
5812.52646327624
3016.71203405209
1121.06402510528
1685.87841595939
4248.9196804075
6696.90739206244
7003.9754949559
4928.14762647246
2171.13261527606
1009.94227210339
2404.5544896032
5197.07748651385
7099.97543062934
6527.26389048997
3966.18231732651
1519.52441944842
1210.48746009909
3288.92839707759
6043.32008733493
7205.83840574377
5810.55386881766
3016.05450677874
1117.77639903201
1685.22089019809
4249.57720936581
6694.9347927272
7009.23576468544
4929.46268648033
2171.13261527606
1013.88742280756
2405.21201614223
5201.02266917087
7099.97543062934
6527.92142328148
3968.81243152309
1517.5518426663
1208.51488420576
3284.98323135922
6039.37489596452
7203.8658034109
5809.23880585106
3013.4243976936
1121.72155032174
1687.85099324729
4251.54979624659
6697.56492517671
7009.23576468544
4931.43527650002
2173.76272038624
1013.22989768873
2401.26685691937
5196.41995607481
7096.6877611395
6523.31869376698
3962.89467460189
1518.20936825969
1208.51488420576
3287.6133418347
6043.32008733493
7204.52333752053
5814.49905774523
3016.71203405209
1121.06402510528
1688.50851901127
4248.9196804075
6696.90739206244
7007.26316352713
4926.83256646879
2169.16003645104
1011.91484745283
2402.58190999064
5197.73501695398
7098.00282893151
6528.57895607423
3966.83984587425
1519.52441944842
1211.1449853981
3286.95581421454
6042.6625554369
7207.1534739723
5814.49905774523
3014.08192496365
1120.40649988942
1689.16604477591
4248.9196804075
6696.24985894943
7005.94809609475
4927.4900964701
2171.13261527606
1015.20247304699
2403.23943652741
5200.36513872532
7098.00282893151
6529.89402166345
3964.86726023385
1519.52441944842
1210.48746009909
3288.27086945572
6042.00502354006
7203.8658034109
5811.2114003027
3015.39697950622
1119.09144945951
1685.87841595939
4249.57720936581
6696.90739206244
7007.26316352713
4929.46268648033
2174.4202466656
1012.57237257048
2405.86954268201
5200.36513872532
7096.6877611395
6525.29129212289
3965.52478877971
1516.89431707356
1206.54230831793
3284.32570374249
6040.03242785663
7200.57813288252
5812.52646327624
3017.36956132626
1119.09144945951
1691.13862207385
4251.54979624659
6698.22245829224
7007.26316352713
4930.12021648584
2171.13261527606
1010.59979721928
2403.23943652741
5195.76242563685
7096.6877611395
6526.6063576997
3966.18231732651
1518.86689385373
1211.80251069771
3286.29828659524
6042.6625554369
7204.52333752053
5815.1565892372
3014.08192496365
1119.74897467416
1689.82357054122
4248.9196804075
6695.59232583769
7007.26316352713
4927.4900964701
2171.79014155251
1011.91484745283
2404.5544896032
5201.02266917087
7096.6877611395
6530.55155445992
3965.52478877971
1520.18194504376
1209.8299348007
3286.95581421454
6040.03242785663
7203.20826930258
5808.58127436949
3015.39697950622
1118.43392424546
1689.16604477591
4249.57720936581
6698.87999140903
7008.57823096471
4928.80515647587
2175.07777294569
1012.57237257048
2404.5544896032
5199.05007783748
7095.37269335273
6525.94882491068
3964.20973168892
1518.20936825969
1208.51488420576
3286.29828659524
6042.6625554369
7203.20826930258
5814.49905774523
3016.05450677874
1121.06402510528
1690.4810963072
4248.9196804075
6697.56492517671
7006.60562981029
4929.46268648033
2171.79014155251
1010.59979721928
2402.58190999064
5197.73501695398
7095.37269335273
6528.57895607423
3965.52478877971
1520.83947063975
1209.17240950292
3287.6133418347
6045.95021493888
7205.18087163149
5811.2114003027
3015.39697950622
1116.46134860691
1687.85099324729
4250.2347383251
6694.9347927272
7003.9754949559
4926.83256646879
2172.4476678297
1011.25732233576
2405.86954268201
5199.70760828086
7099.31789672876
6529.23648886822
3966.83984587425
1520.83947063975
1208.51488420576
3288.92839707759
6040.68995974992
7202.55073519558
5811.86893178889
3013.4243976936
1116.46134860691
1688.50851901127
4248.9196804075
6696.90739206244
7009.23576468544
4927.4900964701
2173.1051941076
1013.88742280756
2405.86954268201
5202.99526051401
7096.03022724546
6527.92142328148
3963.55220314493
1518.86689385373
1207.19983361326
3286.29828659524
6042.00502354006
7201.89320108991
5812.52646327624
3016.05450677874
1119.09144945951
1690.4810963072
4252.20732520879
6700.19505764639
7009.89329840748
4930.12021648584
2171.79014155251
1013.22989768873
2401.92438345463
5198.39254739519
7094.05762557118
6524.63375933635
3963.55220314493
1515.57926589001
1210.48746009909
3289.58592470032
6043.32008733493
7205.18087163149
5812.52646327624
3016.05450677874
1120.40649988942
1688.50851901127
4250.89226728536
6696.24985894943
7004.63302866755
4926.83256646879
2169.16003645104
1009.94227210339
2404.5544896032
5199.70760828086
7097.34529503485
6529.23648886822
3964.86726023385
1519.52441944842
1209.17240950292
3288.27086945572
6042.6625554369
7201.23566698555
5811.86893178889
3013.4243976936
1118.43392424546
1687.85099324729
4246.94709353838
6698.22245829224
7005.94809609475
4930.12021648584
2172.4476678297
1013.22989768873
2405.21201614223
5201.02266917087
7098.00282893151
6526.6063576997
3964.86726023385
1516.23679148146
1205.88478302321
3287.6133418347
6039.37489596452
7201.89320108991
5808.58127436949
3016.05450677874
1117.77639903201
1691.79614784116
4250.2347383251
6698.22245829224
7007.26316352713
4929.46268648033
2170.47508900033
1013.22989768873
2401.92438345463
5197.73501695398
7094.7151594613
6527.26389048997
3960.92208897836
1518.86689385373
1209.17240950292
3288.27086945572
6043.32008733493
7206.49593985738
5810.55386881766
3016.71203405209
1120.40649988942
1688.50851901127
4248.9196804075
6698.22245829224
7003.31796124555
4928.80515647587
2169.81756272532
1009.94227210339
2403.89696306493
5199.05007783748
7098.00282893151
6526.6063576997
3967.49737442292
1516.23679148146
1213.77508660023
3286.95581421454
6045.29268303611
7203.20826930258
5810.55386881766
3012.10934315598
1120.40649988942
1683.90583867749
4250.89226728536
6694.9347927272
7005.2905623805
4928.80515647587
2173.76272038624
1012.57237257048
2409.81470193652
5200.36513872532
7098.66036282948
6529.23648886822
3964.86726023385
1516.23679148146
1212.46003599794
3284.98323135922
6042.00502354006
7200.57813288252
5810.55386881766
3012.10934315598
1119.74897467416
1689.16604477591
4250.89226728536
6699.53752452708
7007.26316352713
4928.14762647246
2175.07777294569
1011.25732233576
2405.21201614223
5200.36513872532
7095.37269335273
6525.94882491068
3964.86726023385
1514.92174029921
1211.1449853981
3287.6133418347
6042.6625554369
7207.1534739723
5809.89633733378
3016.71203405209
1121.06402510528
1690.4810963072
4249.57720936581
6696.24985894943
7007.92069724527
4927.4900964701
2170.47508900033
1011.91484745283
2403.89696306493
5198.39254739519
7095.37269335273
6527.92142328148
3966.18231732651
1518.86689385373
1211.80251069771
3287.6133418347
6045.95021493888
7202.55073519558
5810.55386881766
3015.39697950622
1117.77639903201
1689.16604477591
4248.26215145015
6696.24985894943
7007.92069724527
4927.4900964701
2169.16003645104
1013.88742280756
2404.5544896032
5201.02266917087
7098.00282893151
6527.26389048997
3966.83984587425
1519.52441944842
1211.1449853981
3286.95581421454
6040.68995974992
7203.20826930258
5809.89633733378
3014.08192496365
1115.14629818421
1687.85099324729
4247.60462249378
6698.22245829224
7006.60562981029
4928.80515647587
2173.76272038624
1013.22989768873
2407.84212230587
5201.6801996175
7095.37269335273
6529.23648886822
3962.23714605977
1517.5518426663
1208.51488420576
3286.29828659524
6040.03242785663
7205.18087163149
5807.92374288908
3018.68461587709
1116.46134860691
1692.45367360915
4249.57720936581
6697.56492517671
7005.94809609475
4932.09280650869
2171.13261527606
1013.22989768873
2400.60933038486
5201.02266917087
7094.05762557118
1881.82112294769
5.90206052690478
7.87463345196976
6.55958483478997
12.4773036269074
3.92948760606743
12.4773036269074
3.92948760606743
14.4498765660797
4.58701191254363
12.4773036269074
3.92948760606743
9.18968207102955
4.58701191254363
7.21710914314488
1.95691468945564
7.87463345196976
2.61443899452352
8.53215776126459
3.27196330006074
10.5047306919697
5.24453621948939
11.8197793147911
5.24453621948939
11.8197793147911
7.87463345196976
11.8197793147911
5.24453621948939
11.1622550031452
1.29939038485699
11.1622550031452
-0.0156582229327573
7.87463345196976
3.92948760606743
7.87463345196976
1.95691468945564
13.7923522525516
4.58701191254363
9.84720638126452
7.21710914314488
10.5047306919697
5.24453621948939
12.4773036269074
5.24453621948939
13.1348279394943
2.61443899452352
9.18968207102955
3.92948760606743
7.21710914314488
3.27196330006074
9.84720638126452
2.61443899452352
11.8197793147911
5.24453621948939
13.1348279394943
7.87463345196976
10.5047306919697
5.90206052690478
11.8197793147911
3.92948760606743
10.5047306919697
5.24453621948939
8.53215776126459
3.27196330006074
7.87463345196976
1.29939038485699
11.1622550031452
2.61443899452352
8.53215776126459
7.21710914314488
15.1074008800786
5.90206052690478
10.5047306919697
7.87463345196976
13.7923522525516
2.61443899452352
12.4773036269074
4.58701191254363
8.53215776126459
3.27196330006074
11.1622550031452
1.95691468945564
7.21710914314488
5.90206052690478
8.53215776126459
4.58701191254363
13.7923522525516
5.24453621948939
11.1622550031452
5.90206052690478
13.7923522525516
3.92948760606743
11.1622550031452
5.24453621948939
7.21710914314488
1.29939038485699
9.84720638126452
3.27196330006074
5.24453621948939
2.61443899452352
