5.24453621948939
1568.83884090453
1448.51165895398
1285.44534814773
1126.98175207507
1026.38040017738
1015.85999816759
1093.44796655631
1240.7336244881
1405.77250115186
1543.19534128993
1606.31780367191
1576.07162302692
1463.63474620781
1299.25338103361
1141.44730709564
1031.64060123893
1008.62722187338
1078.32488732236
1218.37776372755
1386.04673691899
1530.04482905174
1603.03017527352
1586.59203352836
1481.38793602624
1324.23934600184
1159.85801390837
1044.13357891179
1011.91484745283
1069.77706006892
1203.91220714272
1370.26612594295
1514.92174029921
1599.08502121719
1590.53718750972
1493.88092173546
1338.7049050803
1174.32356959456
1049.39378010117
1005.99712142041
1055.3115064846
1184.18644864015
1351.19788816512
1504.40133093453
1595.13986718455
1598.42749554343
1510.31906118176
1359.08819338825
1194.7068531065
1062.54428324078
1009.94227210339
1048.07872980027
1166.43326645658
1331.47212550317
1485.33308938295
1587.24955919028
1599.08502121719
1520.18194504376
1375.52632956119
1207.8573589092
1071.09211040905
1009.28474698809
1038.87337776034
1153.94028666681
1313.71893958956
1473.49762938238
1582.64687957064
1606.31780367191
1536.6200851383
1397.88219539022
1227.58311807235
1084.90013912438
1011.25732233576
1029.66802583642
1133.55700432096
1290.70555111954
1455.08691424006
1571.46894348532
1605.00275231058
1545.82544376881
1411.69023053312
1247.96640312171
1098.70816810313
1015.20247304699
1025.0653499179
1123.69412597472
1275.58246768268
1441.93640373194
1564.89368705298
1608.94790640248
1558.97595631981
1431.41599550968
1263.08948596047
1111.20114693055
1018.49009865589
1015.85999816759
1103.96836968829
1254.54165648973
1420.89558745082
1552.40070001168
1605.66027799091
1568.18131526097
1448.51165895398
1284.78782277904
1127.63927729695
1029.66802583642
1015.20247304699
1094.10549174757
1239.41857383545
1407.08755212102
1542.53781567183
1605.66027799091
1574.75657172605
1462.97722066798
1301.22595718257
1140.78978186109
1031.64060123893
1009.94227210339
1077.66736214544
1219.03528903391
1385.38921145438
1530.04482905174
1605.00275231058
1587.24955919028
1480.07288491249
1322.92429519155
1159.20048865688
1044.79110405839
1009.94227210339
1069.11953489975
1201.93963126774
1369.60860049351
1514.92174029921
1599.08502121719
1589.87966184452
1491.90834502905
1338.7049050803
1173.66604432972
1048.07872980027
1005.99712142041
1057.94160711489
1186.1590244657
1349.22531187349
1505.05885651497
1595.13986718455
1597.76996987034
1510.97658676803
1363.03334603381
1193.39180253967
1062.54428324078
1007.31217164572
1045.44862920558
1165.11821594208
1331.47212550317
1485.33308938295
1583.96193088725
1597.76996987034
1521.49699623639
1374.8688041067
1209.8299348007
1073.06468592371
1009.28474698809
1041.50347833133
1152.62523617535
1313.71893958956
1475.47020603466
1581.98935391332
1606.97532935356
1536.6200851383
1397.22466991421
1226.92559275802
1083.5850887592
1009.94227210339
1029.66802583642
1132.24195386696
1291.36307649381
1453.11433764751
1570.81141783914
1605.00275231058
1547.14049501217
1412.3477560231
1247.96640312171
1099.36569329918
1017.17504841056
1025.72287504734
1122.3790755388
1276.23999304267
1441.27887821326
1564.23616141335
1607.63285503587
1555.03080252709
1430.10094449339
1263.08948596047
1111.20114693055
1019.14762377944
1016.51752328878
1103.96836968829
1255.85670717074
1423.52568945023
1554.37327689726
1608.94790640248
1569.49636654875
1449.82671000607
1284.13029741098
1128.95432774251
1029.01050070343
1013.88742280756
1094.10549174757
1236.78847253754
1403.79992470288
1541.2227644376
1605.00275231058
1575.41409737616
1461.66216959024
1299.91090641597
1140.78978186109
1032.95565151023
1011.25732233576
1079.63993767799
1221.66539026546
1387.3617878501
1532.67493147856
1605.00275231058
1586.59203352836
1482.04546158408
1322.92429519155
1158.542963406
1042.16100347556
1006.65464653277
1065.83190906283
1200.62458068747
1367.63602414898
1514.26421470906
1598.42749554343
1591.19471317558
1495.85349844769
1339.36243050017
1176.29614539272
1053.33893101811
1009.28474698809
1057.94160711489
1185.50149918991
1352.51293902935
1507.03143326016
1595.79739285501
1597.11244419791
1509.66153559615
1357.11561707397
1189.44665085382
1059.91418259385
1005.99712142041
1046.76367950174
1164.46069068574
1329.49954926802
1487.30566607001
1587.90708485285
1602.37264959582
1524.78462422931
1377.49890592845
1213.77508660023
1073.72221109645
1012.57237257048
1039.5309029022
1151.96771093053
1314.37646498564
1473.49762938238
1578.70172563654
1603.68770095188
1533.33245708689
1393.93704254366
1224.95301681871
1084.90013912438
1009.94227210339
1029.01050070343
1135.52958000648
1295.30822875251
1458.37454190713
1575.41409737616
1607.63285503587
1549.77059750671
1415.63538348257
1247.3088777883
1101.33826889092
1018.49009865589
1021.77772427952
1120.40649988942
1272.294840892
1437.99125062942
1562.26358449837
1605.66027799091
1555.68832815758
1429.4434189862
1263.08948596047
1111.85867213799
1021.12019915361
1019.14762377944
1106.59847049526
1259.14433388408
1422.86816394942
1556.34585378872
1607.63285503587
1570.15389219362
1449.82671000607
1283.47277204355
1126.98175207507
1025.0653499179
1011.91484745283
1091.47539098612
1235.47342189228
1403.79992470288
1539.25018759113
1603.03017527352
1576.07162302692
1464.29227174828
1301.8834825668
1144.73493327741
1035.58575205992
1011.91484745283
1080.95498803601
1221.66539026546
1388.01931331661
1530.70235465747
1604.3452266309
1583.96193088725
1479.41535935658
1320.29419357848
1157.88543815573
1041.50347833133
1006.65464653277
1066.48943422902
1198.65200482165
1365.0059223651
1513.60668911956
1600.40007256666
1593.16729017711
1496.51102401972
1340.67748134178
1176.29614539272
1052.02388071009
1010.59979721928
1058.59913227395
1186.1590244657
1353.17046446241
1505.05885651497
1594.48234151474
1595.79739285501
1509.00401001118
1357.11561707397
1190.10417613327
1060.57170775469
1005.33959630864
1046.10615435336
1166.43326645658
1330.81460009082
1486.64814050701
1588.56461051609
1603.03017527352
1524.78462422931
1378.15643138546
1212.46003599794
1073.72221109645
1011.25732233576
1039.5309029022
1151.96771093053
1312.40388879927
1471.5250527359
1578.04419998315
1603.68770095188
1534.6475083055
1393.27951707145
1226.92559275802
1082.27003839641
1010.59979721928
1029.66802583642
1135.52958000648
1295.96575413114
1459.03206744247
1574.09904607659
1608.29038071885
1549.11307188209
1414.32033249687
1248.62392845573
1099.36569329918
1017.83257353293
1024.40782478904
1118.43392424546
1272.9523662489
1438.64877614491
1560.29100758927
1606.97532935356
1555.68832815758
1428.78589347966
1263.08948596047
1113.17372255468
1020.4626740283
1019.14762377944
1106.59847049526
1259.14433388408
1423.52568945023
1555.68832815758
1608.94790640248
1569.49636654875
1447.8541334289
1283.47277204355
1126.3242268538
1026.38040017738
1012.57237257048
1090.16034060899
1236.1309472146
1403.14239922115
1539.90771320597
1605.00275231058
1574.75657172605
1463.63474620781
1302.54100795165
1144.07740803985
1034.92822692161
1013.22989768873
1081.61251321591
1221.66539026546
1388.01931331661
1532.01740587088
1605.00275231058
1585.9345078671
1480.07288491249
1321.60924438377
1155.91286240855
1040.84595318769
1006.65464653277
1066.48943422902
1199.96705539825
1367.63602414898
1514.26421470906
1599.08502121719
1593.16729017711
1496.51102401972
1341.33500676353
1178.26872119636
1052.68140586381
1009.28474698809
1057.94160711489
1187.47407501912
1351.85541359692
1503.74380535474
1595.13986718455
1595.79739285501
1506.37390767778
1357.77314251143
1190.10417613327
1059.91418259385
1005.33959630864
1046.76367950174
1165.77574119903
1330.81460009082
1487.30566607001
1587.90708485285
1602.37264959582
1524.78462422931
1378.81395684311
1211.1449853981
1074.37973626979
1011.25732233576
1039.5309029022
1153.28276142078
1313.71893958956
1471.5250527359
1578.70172563654
1603.03017527352
1533.98998269587
1393.27951707145
1224.29549150683
1084.24261394149
1009.94227210339
1030.98307610417
1133.55700432096
1293.33565262036
1457.05949083838
1573.44152042779
1608.29038071885
1548.45554625813
1413.66280700498
1248.62392845573
1099.36569329918
1016.51752328878
1025.0653499179
1121.06402510528
1274.26741696455
1439.30630166104
1562.92111013604
1605.00275231058
1557.00337942051
1429.4434189862
1261.77443526587
1109.88609651746
1017.83257353293
1017.17504841056
1105.94094529261
1259.14433388408
1423.52568945023
1554.37327689726
1609.60543208677
1570.81141783914
1449.16918447971
1286.10287351703
1128.95432774251
1028.35297557103
1013.88742280756
1092.13291617559
1236.1309472146
1402.48487374007
1539.90771320597
1604.3452266309
1574.75657172605
1462.31969512879
1301.22595718257
1141.44730709564
1032.95565151023
1010.59979721928
1082.9275635775
1222.32291557488
1388.01931331661
1532.01740587088
1604.3452266309
1588.56461051609
1480.73041046904
1322.92429519155
1160.51553916046
1042.16100347556
1007.31217164572
1067.80448456319
1202.59715655879
1365.0059223651
1514.26421470906
1597.76996987034
1590.53718750972
1493.22339616601
1339.36243050017
1172.35099380186
1052.02388071009
1009.94227210339
1058.59913227395
1186.1590244657
1352.51293902935
1504.40133093453
1596.45491852613
1599.08502121719
1511.63411235494
1359.7457188276
1188.78912557497
1062.54428324078
1005.33959630864
1044.79110405839
1167.09079171474
1330.15707467911
1486.64814050701
1584.61945654655
1600.40007256666
1520.83947063975
1376.18385501631
1211.80251069771
1073.06468592371
1011.25732233576
1040.18842804465
1150.6526604427
1313.71893958956
1473.49762938238
1584.61945654655
1605.00275231058
1532.67493147856
1397.88219539022
1225.6105421312
1082.27003839641
1009.28474698809
1030.32555097
1132.89947909366
1292.02060186871
1454.42938870856
1571.46894348532
1607.63285503587
1551.08564875789
1413.00528151372
1247.96640312171
1099.36569329918
1017.17504841056
1024.40782478904
1122.3790755388
1275.58246768268
1439.96382717781
1561.60605886135
1607.63285503587
1557.66090505296
1428.12836797375
1259.8018592286
1112.51619734603
1018.49009865589
1015.20247304699
1105.28342009057
1256.51423251217
1422.21063844925
1555.68832815758
1609.60543208677
1569.49636654875
1447.19660790445
1286.76039888695
1128.29680251943
1027.69545043922
1015.85999816759
1090.81786579726
1234.15837124948
1404.45745018524
1540.56523882146
1606.31780367191
1575.41409737616
1461.66216959024
1297.93833027076
1143.41988280289
1033.61317664676
1010.59979721928
1080.95498803601
1221.00786495665
1388.01931331661
1533.33245708689
1605.00275231058
1587.24955919028
1482.04546158408
1322.26676978735
1157.88543815573
1042.16100347556
1007.96969675926
1067.80448456319
1199.30953010965
1368.29354959652
1514.26421470906
1598.42749554343
1591.19471317558
1495.1959728763
1340.67748134178
1175.63862012606
1052.68140586381
1009.28474698809
1059.2566574336
1184.18644864015
1351.85541359692
1507.03143326016
1595.13986718455
1596.45491852613
1510.31906118176
1357.77314251143
1188.78912557497
1059.2566574336
1004.68207119745
1046.10615435336
1165.11821594208
1329.49954926802
1486.64814050701
1586.59203352836
1601.05759824239
1524.78462422931
1379.47148230139
1211.1449853981
1074.37973626979
1012.57237257048
1040.84595318769
1153.28276142078
1313.71893958956
1473.49762938238
1580.67430260064
1603.68770095188
1534.6475083055
1393.93704254366
1226.2680674443
1082.9275635775
1008.62722187338
1029.66802583642
1132.89947909366
1293.33565262036
1457.05949083838
1574.09904607659
1607.63285503587
1549.11307188209
1415.63538348257
1245.99382712333
1098.05064290768
1017.83257353293
1025.0653499179
1120.40649988942
1272.294840892
1439.30630166104
1561.60605886135
1606.31780367191
1555.03080252709
1428.78589347966
1263.08948596047
1112.51619734603
1019.80514890357
1019.14762377944
1107.2559956985
1259.14433388408
1424.84074045376
1554.37327689726
1608.94790640248
1570.15389219362
1447.8541334289
1284.13029741098
1126.3242268538
1027.69545043922
1011.25732233576
1091.47539098612
1237.4459978611
1403.79992470288
1540.56523882146
1603.68770095188
1575.41409737616
1464.9497972894
1301.22595718257
1144.07740803985
1034.92822692161
1011.91484745283
1082.27003839641
1222.32291557488
1388.01931331661
1531.35988026385
1603.03017527352
1584.61945654655
1480.07288491249
1318.9791427757
1156.570387657
1040.18842804465
1007.96969675926
1066.48943422902
1199.96705539825
1369.60860049351
1516.23679148146
1600.40007256666
1594.48234151474
1497.1685495924
1340.67748134178
1176.95367066
1053.33893101811
1009.28474698809
1058.59913227395
1186.1590244657
1351.85541359692
1501.11370304204
1592.50976450927
1595.13986718455
1507.68895884319
1357.11561707397
1189.44665085382
1061.22923291612
1007.96969675926
1046.76367950174
1167.7483169735
1332.78717632973
1488.62071719794
1589.87966184452
1601.71512391877
1524.12709862942
1378.81395684311
1211.1449853981
1074.37973626979
1011.25732233576
1036.24327719882
1149.33760995729
1310.43131261852
1470.86752718835
1578.70172563654
1603.03017527352
1531.35988026385
1394.5945680165
1228.2406433873
1084.24261394149
1012.57237257048
1032.95565151023
1136.18710523619
1296.62327951039
1458.37454190713
1576.72914867834
1609.60543208677
1548.45554625813
1411.69023053312
1245.33630179177
1098.70816810313
1015.20247304699
1023.75029966078
1116.46134860691
1272.294840892
1438.64877614491
1562.92111013604
1605.66027799091
1558.97595631981
1430.75847000122
1266.37711270781
1113.17372255468
1020.4626740283
1021.12019915361
1107.2559956985
1258.48680854017
1426.15579145984
1554.37327689726
1606.97532935356
1566.86626397582
1445.22403133496
1282.81524667673
1124.35165119359
1025.72287504734
1012.57237257048
1090.81786579726
1236.1309472146
1402.48487374007
1541.2227644376
1607.63285503587
1577.38667433042
1466.9223739166
1301.8834825668
1144.07740803985
1036.24327719882
1013.88742280756
1080.95498803601
1220.35033964846
1385.38921145438
1530.04482905174
1601.05759824239
1583.30440522862
1478.1003082467
1320.29419357848
1158.542963406
1040.84595318769
1009.28474698809
1069.77706006892
1203.25468185045
1370.92365139302
1518.20936825969
1601.71512391877
1594.48234151474
1496.51102401972
1341.99253218591
1175.63862012606
1051.36635555697
1005.33959630864
1058.59913227395
1182.87139809282
1347.91026101555
1501.11370304204
1591.8522388421
1595.79739285501
1507.03143326016
1359.08819338825
1192.73427725717
1063.201808404
1009.94227210339
1049.39378010117
1170.37841801463
1333.44470174395
1489.27824276287
1590.53718750972
1601.71512391877
1519.52441944842
1378.15643138546
1208.51488420576
1071.09211040905
1009.28474698809
1034.92822692161
1149.33760995729
1309.77378722618
1472.84010383291
1580.67430260064
1605.66027799091
1539.90771320597
1396.56714443883
1229.55569401904
1088.18776504778
1012.57237257048
1032.95565151023
1138.15968092896
1293.99317799712
1453.11433764751
1572.12646913216
1605.00275231058
1546.48296939017
1409.71765406698
1245.99382712333
1098.05064290768
1014.54494792698
1023.0927745331
1122.3790755388
1276.23999304267
1441.27887821326
1565.55121269327
1610.26295777172
1558.31843068606
1433.3885720389
1267.03463805913
1113.83124776392
1019.80514890357
1017.83257353293
1105.28342009057
1255.85670717074
1422.21063844925
1550.42812313197
1605.00275231058
1565.55121269327
1445.88155685749
1283.47277204355
1128.95432774251
1029.66802583642
1015.20247304699
1093.44796655631
1240.7336244881
1407.74507760656
1542.53781567183
1608.29038071885
1578.04419998315
1463.63474620781
1301.22595718257
1141.44730709564
1033.61317664676
1008.62722187338
1077.66736214544
1219.03528903391
1386.04673691899
1529.38730344667
1604.3452266309
1586.59203352836
1480.07288491249
1323.58182059638
1159.85801390837
1043.47605376579
1009.94227210339
1071.74963558001
1203.25468185045
1368.9510750447
1517.5518426663
1597.76996987034
1590.53718750972
1493.88092173546
1339.36243050017
1174.32356959456
1048.73625495042
1005.99712142041
1055.96903164128
1182.87139809282
1353.17046446241
1504.40133093453
1595.13986718455
1595.79739285501
1511.63411235494
1360.40324426758
1194.7068531065
1064.51685873222
1008.62722187338
1046.76367950174
1165.11821594208
1334.1022271588
1485.99061494466
1585.27698220649
1599.08502121719
1520.18194504376
1377.49890592845
1207.8573589092
1072.40716075156
1010.59979721928
1038.87337776034
1153.28276142078
1313.0614141941
1475.47020603466
1581.33182825665
1605.66027799091
1536.6200851383
1393.93704254366
1226.92559275802
1082.9275635775
1011.25732233576
1027.69545043922
1134.87205477737
1291.36307649381
1454.42938870856
1570.81141783914
1607.63285503587
1547.14049501217
1412.3477560231
1248.62392845573
1099.36569329918
1015.20247304699
1026.38040017738
1124.35165119359
1274.9249423233
1439.96382717781
1564.23616141335
1606.31780367191
1555.68832815758
1428.78589347966
1263.7470113087
1109.88609651746
1018.49009865589
1017.83257353293
1105.28342009057
1257.82928319689
1422.21063844925
1552.40070001168
1609.60543208677
9.18968207102955
7.87463345196976
8.53215776126459
11.8197793147911
11.1622550031452
7.87463345196976
7.21710914314488
5.90206052690478
4.58701191254363
5.90206052690478
6.55958483478997
2.61443899452352
3.92948760606743
6.55958483478997
7.87463345196976
5.24453621948939
7.21710914314488
9.18968207102955
11.8197793147911
10.5047306919697
8.53215776126459
6.55958483478997
7.87463345196976
8.53215776126459
8.53215776126459
7.21710914314488
5.90206052690478
4.58701191254363
5.24453621948939
6.55958483478997
5.90206052690478
6.55958483478997
7.87463345196976
7.21710914314488
5.24453621948939
6.55958483478997
8.53215776126459
9.84720638126452
9.84720638126452
7.21710914314488
8.53215776126459
9.18968207102955
9.18968207102955
8.53215776126459
7.87463345196976
5.24453621948939
7.21710914314488
7.87463345196976
5.90206052690478
4.58701191254363
5.90206052690478
5.24453621948939
6.55958483478997
5.24453621948939
8.53215776126459
9.18968207102955
9.84720638126452
7.21710914314488
9.18968207102955
12.4773036269074
11.1622550031452
8.53215776126459
8.53215776126459
7.87463345196976
6.55958483478997
5.90206052690478
3.92948760606743
5.90206052690478
7.21710914314488
4.58701191254363
5.24453621948939
9.18968207102955
7.87463345196976
5.90206052690478
7.21710914314488
9.18968207102955
11.1622550031452
7.87463345196976
9.18968207102955
9.84720638126452
9.18968207102955
6.55958483478997
7.87463345196976
7.87463345196976
5.90206052690478
3.27196330006074
8.53215776126459
5.90206052690478
4.58701191254363
7.21710914314488
5.90206052690478
7.21710914314488
10.5047306919697
7.21710914314488
10.5047306919697
10.5047306919697
7.87463345196976
11.8197793147911
8.53215776126459
7.21710914314488
2887.83670415896
2495.95068578858
1956.12156134446
1426.15579145984
1080.95498803601
1022.43524940601
1271.63731553572
1745.05573722287
2305.92551723766
2770.79689074129
3001.58890697383
2917.42542508385
2555.12808686418
2021.8741691509
1482.70298714257
1108.57104610678
1016.51752328878
1230.21321933583
1687.85099324729
2243.46051005467
2729.37269318677
2984.49319862759
2939.78134865332
2602.47001221961
2079.07894370015
1532.01740587088
1134.87205477737
1006.65464653277
1192.73427725717
1631.30378003876
2186.25571981834
2684.00333756559
2975.28781744063
2964.76738199539
2654.41462939668
2144.17403856535
1596.45491852613
1167.7483169735
1007.96969675926
1158.542963406
1570.81141783914
2120.50309416254
2637.31893206665
2954.24694675998
2977.26039911
2696.49634815909
2204.66645630245
1649.05697435372
1206.54230831793
1010.59979721928
1127.63927729695
1516.23679148146
2063.95584185846
2587.34689673917
2933.86360408729
2994.35610722098
2747.7834472663
2266.47393297906
1707.57676645769
1243.36372580078
1015.85999816759
1097.39311771283
1462.97722066798
1993.60054693084
2535.40228581436
2908.22004506423
3000.2738524659
2783.28990332192
2328.28141616841
1770.0417189512
1287.4179242575
1027.69545043922
1076.3523117934
1414.9778579894
1934.4232023091
2478.85499329944
2880.60390596057
3007.50665230031
2820.76894279482
2384.82869378238
1831.19162574306
1329.49954926802
1041.50347833133
1050.05130525251
1360.40324426758
1871.30070760781
2422.96523298102
2843.7823893765
3006.84912503852
2861.53562027055
2445.32113645063
1891.68401248961
1379.47148230139
1062.54428324078
1038.21585261907
1317.66409197542
1810.15079693365
2367.07547812164
2811.56356443764
3002.90396148506
2887.17917704596
2496.60821243308
1956.12156134446
1427.47084246847
1077.00983696912
1022.43524940601
1271.63731553572
1747.68584051669
2303.95293796145
2771.45441771204
3000.2738524659
2917.42542508385
2553.155506728
2021.21664303791
1482.04546158408
1107.91352090234
1015.20247304699
1230.87074465323
1687.19346748399
2246.09061548615
2728.05763934772
2985.80825309602
2939.78134865332
2603.12753898894
2079.07894370015
1532.01740587088
1136.84463046651
1008.62722187338
1192.07675197528
1628.67367721836
2184.28314094319
2686.63344503535
2975.28781744063
2962.79480037278
2653.75710256652
2144.83156481211
1594.48234151474
1171.03594327643
1005.33959630864
1155.91286240855
1572.78399477965
2122.47567282709
2634.03129802529
2952.93189237029
2979.23298078676
2698.46892880511
2202.03635105545
1647.7419229064
1206.54230831793
1011.25732233576
1128.95432774251
1517.5518426663
2059.35315876417
2588.00442349066
2935.83618560195
2991.06847100262
2747.7834472663
2269.10403851357
1710.86439538475
1245.33630179177
1015.20247304699
1098.05064290768
1462.97722066798
1993.60054693084
2532.11465237339
2905.58993651648
3000.2738524659
2783.94743030782
2324.33625747113
1767.41161556532
1288.07544962866
1027.69545043922
1075.03726144373
1413.66280700498
1936.39578037178
2481.48509980266
2879.28885175322
3006.19159777755
2823.39905092576
2388.11632637218
1829.87657392193
1327.52697303851
1040.84595318769
1053.33893101811
1360.40324426758
1867.35555190094
2422.96523298102
2845.75497055793
3004.87654325808
2857.59045779883
2443.34855669751
1894.31411639376
1382.75910960228
1061.22923291612
1036.90080233831
1318.9791427757
1811.46584871372
2365.76042513147
2811.56356443764
3006.19159777755
2889.80928550281
2497.26573907835
1954.14898321886
1427.47084246847
1080.2974628567
1022.43524940601
1270.32226482503
1746.37078886843
2305.26799081152
2769.48183680217
2999.61632521317
2916.7678979343
2553.81303343929
2020.55911692563
1481.38793602624
1108.57104610678
1016.51752328878
1233.500845929
1690.4810963072
2246.09061548615
2730.68774702899
2987.12330756774
2940.4388758314
2600.49743191627
2081.0515222291
1533.98998269587
1135.52958000648
1007.96969675926
1189.44665085382
1627.35862581214
2183.62561465293
2683.34581070011
2975.28781744063
2963.4523275795
2655.07215622763
2144.83156481211
1593.16729017711
1171.03594327643
1011.25732233576
1157.88543815573
1572.78399477965
2121.81814660485
2635.34635163949
2953.58941956473
2978.57545356035
2697.81140192232
2204.00892998961
1648.39944862973
1202.59715655879
1008.62722187338
1127.63927729695
1516.23679148146
2061.32573722887
2589.31947699596
2932.54854974827
2993.69857997566
2747.12592032418
2268.44651212883
1710.20686959799
1245.99382712333
1017.17504841056
1100.02321849582
1461.66216959024
1993.60054693084
2533.42970574747
2905.58993651648
2999.61632521317
2783.94743030782
2324.99378391882
1769.38419310372
1284.78782277904
1025.72287504734
1074.37973626979
1413.00528151372
1935.73825435019
2481.48509980266
2879.94637885649
3006.84912503852
2824.71410499605
2387.45879985272
1832.50667756693
1330.15707467911
1042.81852862038
1052.02388071009
1361.06076970819
1870.64318165494
2421.65017986298
2843.12486231763
3007.50665230031
2856.27540364805
2440.71845037063
1894.31411639376
1378.15643138546
1059.91418259385
1040.18842804465
1317.00656657621
1810.15079693365
2369.04805761251
2810.90603741814
3005.5340705174
2890.46681261905
2500.55337231617
1953.49145717839
1427.47084246847
1081.61251321591
1022.43524940601
1269.00721411681
1746.37078886843
2303.95293796145
2770.79689074129
2995.67116171409
2914.13778934425
2552.49798001748
2019.2440647032
1482.70298714257
1109.22857131182
1012.57237257048
1232.18579528989
1690.4810963072
2246.74814184586
2732.00280087437
2989.75341652104
2940.4388758314
2605.75764607404
2079.73646987575
1537.27761075053
1133.55700432096
1008.62722187338
1189.44665085382
1628.01615151492
2180.99550949916
2682.03075697153
2972.65770855963
2962.79480037278
2652.44204890854
2147.46166980639
1593.16729017711
1173.66604432972
1008.62722187338
1159.85801390837
1573.44152042779
2123.79072527373
2635.34635163949
2957.53458274852
2975.94534466293
2702.41409011842
2204.66645630245
1649.05697435372
1205.2272577291
1009.28474698809
1121.72155032174
1516.23679148146
2057.38058030588
2584.05926299336
2932.54854974827
2993.04105273117
2745.15333950258
2272.39167044829
1710.20686959799
1246.6513524555
1019.80514890357
1098.70816810313
1462.31969512879
1998.86075561711
2530.14207231803
2908.22004506423
2999.61632521317
2783.28990332192
2324.99378391882
1770.69924479937
1282.81524667673
1027.03792530801
1072.40716075156
1413.00528151372
1932.4506242527
2480.82757317571
2879.94637885649
3006.84912503852
2824.0565779605
2389.43137941336
1831.19162574306
1332.78717632973
1044.79110405839
1057.28408195643
1359.7457188276
1871.95823356137
2421.65017986298
2844.43991643617
3006.19159777755
2859.56303903106
2439.40339721174
1892.34153846461
1378.15643138546
1057.94160711489
1035.58575205992
1318.32161737524
1809.49327104464
2364.4453721443
2810.24851039944
3008.16417956293
2887.83670415896
2502.52595226804
1956.77908738772
1432.07352101878
1083.5850887592
1023.75029966078
1268.34968876363
1748.34336634184
2301.32283227022
2770.79689074129
2996.98621621049
2913.48026219878
2549.21034647645
2021.21664303791
1478.75783380132
1107.2559956985
1014.54494792698
1232.18579528989
1685.87841595939
2248.72072092939
2730.03022010748
2987.78083480483
2944.38403891707
2607.07269962126
2080.39399605207
1537.27761075053
1137.50215569743
1008.62722187338
1190.10417613327
1630.64625433267
2178.36540435702
2684.66086443185
2972.00018134144
2958.19210994869
2651.78452208073
2144.83156481211
1593.16729017711
1172.35099380186
1008.62722187338
1158.542963406
1572.12646913216
2125.10577772324
2634.03129802529
2958.84963714967
2977.26039911
2703.72914389583
2206.63903524537
1649.05697435372
1203.91220714272
1010.59979721928
1125.00917641306
1514.26421470906
2056.72305415454
2585.37431648936
2928.60338675076
2990.41094376142
2744.49581256364
2267.78898574484
1710.86439538475
1248.62392845573
1015.20247304699
1102.6533192884
1463.63474620781
1998.86075561711
2532.11465237339
2910.19262648359
3001.58890697383
2783.28990332192
2324.33625747113
1770.69924479937
1284.78782277904
1024.40782478904
1073.06468592371
1411.69023053312
1929.82052018726
2478.85499329944
2876.65874334821
3008.16417956293
2820.76894279482
2386.14374681605
1831.84915165465
1336.07480340711
1038.87337776034
1055.3115064846
1363.69087147694
1873.27328547057
2420.9926533051
2848.38507881111
3007.50665230031
2855.61787657387
2440.71845037063
1895.62916835
1374.8688041067
1057.94160711489
1036.24327719882
1313.71893958956
1805.54811572492
2364.4453721443
2809.59098338154
3008.16417956293
2886.52164993378
2502.52595226804
1958.75166552173
1430.10094449339
1082.27003839641
1025.72287504734
1270.97979018007
1749.00089216766
2306.58304366455
2772.11194468359
2996.32868896188
2914.79531649055
2551.18292659876
2020.55911692563
1480.07288491249
1106.59847049526
1009.94227210339
1230.21321933583
1686.53594172135
2243.46051005467
2726.74258551184
2989.75341652104
2942.41145737056
2603.78506575905
2081.70904840685
1537.93513636341
1139.47473139382
1009.28474698809
1194.04932782278
1632.61883145293
2185.5981935259
2684.00333756559
2972.00018134144
2962.79480037278
2649.81194160197
2142.85898607399
1591.8522388421
1170.37841801463
1003.36702097685
1157.22791290606
1572.12646913216
2122.47567282709
2634.03129802529
2960.1646915541
2981.20556247091
2703.07161700673
2204.00892998961
1653.00212871162
1207.8573589092
1013.88742280756
1124.35165119359
1517.5518426663
2057.38058030588
2588.00442349066
2927.94585958737
2994.35610722098
2741.86570481579
2265.81640659728
1704.94666332813
1245.99382712333
1013.88742280756
1098.70816810313
1464.9497972894
1998.20322952886
2534.74475912463
2912.16520791026
3000.2738524659
2785.26248428203
2329.59646907346
1774.64439990261
1284.78782277904
1027.69545043922
1075.69478661827
1412.3477560231
1930.47804620257
2479.5125199241
2877.97379754909
3002.90396148506
2821.42646982635
2384.82869378238
1827.90399619538
1332.12965091614
1038.21585261907
1053.99645617301
1363.03334603381
1870.64318165494
2422.30770642162
2849.04260587642
3006.84912503852
2861.53562027055
2443.34855669751
1898.2592722708
1378.81395684311
1062.54428324078
1037.5583274784
1317.00656657621
1806.86316749543
2362.47279266915
2809.59098338154
3004.87654325808
2885.20659571184
2498.58079237119
1954.80650926002
1429.4434189862
1078.32488732236
1027.03792530801
1271.63731553572
1748.34336634184
2306.58304366455
2774.08452560302
2997.64374345992
2922.68564230954
2553.81303343929
2020.55911692563
1482.70298714257
1109.22857131182
1013.22989768873
1232.18579528989
1685.22089019809
2243.46051005467
2728.05763934772
2987.78083480483
2938.4662942996
2605.75764607404
2077.76389135109
1535.96255952671
1135.52958000648
1009.28474698809
1193.39180253967
1632.61883145293
2181.65303578651
2687.29097190475
2973.97276299849
2962.79480037278
2653.09957573714
2148.77672230787
1592.50976450927
1171.03594327643
1008.62722187338
1155.2553371607
1570.15389219362
2121.81814660485
2634.03129802529
2954.90447395605
2977.91792633477
2699.12645568869
2205.32398261603
1649.05697435372
1204.56973243561
1011.91484745283
1128.95432774251
1516.89431707356
2058.69563261069
2590.63453050436
2932.54854974827
2993.04105273117
2745.15333950258
2269.76156489903
1708.23429224176
1245.33630179177
1015.85999816759
1096.73559251858
1460.34711851507
1996.23065126834
2533.42970574747
2906.90499078873
2998.30127071018
2783.94743030782
2326.30883681642
1772.01429649774
1284.13029741098
1030.32555097
1075.03726144373
1413.00528151372
1935.08072832929
2482.14262643037
2879.94637885649
3007.50665230031
2822.74152389182
2389.43137941336
1830.53409983215
1331.47212550317
1038.21585261907
1052.68140586381
1357.77314251143
1870.64318165494
2420.9926533051
2846.41249762002
3002.24643422903
2858.90551195284
2443.34855669751
1894.31411639376
1378.15643138546
1063.201808404
1038.21585261907
1316.34904117763
1809.49327104464
2366.41795162618
2812.22109145794
3006.19159777755
2889.80928550281
2501.21089896603
1953.49145717839
1429.4434189862
1080.2974628567
1022.43524940601
1267.69216341107
1748.34336634184
2301.32283227022
2770.79689074129
2996.32868896188
2917.42542508385
2550.52539989055
2020.55911692563
1482.70298714257
1110.5436217237
1013.88742280756
1232.84332060914
1688.50851901127
2246.74814184586
2729.37269318677
2989.75341652104
2938.4662942996
2604.44259252994
2079.73646987575
1534.6475083055
1132.89947909366
1009.94227210339
1190.10417613327
1626.70110011001
2180.99550949916
2683.34581070011
2973.97276299849
2964.10985478703
2652.44204890854
2145.4890910596
1594.48234151474
1171.69346853884
1006.65464653277
1159.85801390837
1574.09904607659
2125.76330394908
2636.00387844777
2954.24694675998
2974.63029021915
2697.15387504031
2203.35140367749
1649.71450007838
1203.25468185045
1007.31217164572
1125.00917641306
1516.23679148146
2056.06552800391
2586.03184323852
2934.52113125803
2995.01363446712
2743.83828562548
2269.10403851357
1710.20686959799
1246.6513524555
1019.14762377944
1101.33826889092
1464.9497972894
1996.88817735447
2532.11465237339
2907.56251792608
2997.64374345992
2783.28990332192
2324.33625747113
1766.09656387645
1286.76039888695
1026.38040017738
1073.06468592371
1410.37517955505
1936.39578037178
2479.5125199241
2878.63132465075
3008.82170682638
2824.0565779605
2387.45879985272
1831.84915165465
1335.41727799038
1044.79110405839
1053.99645617301
1363.03334603381
1872.61575951563
2421.65017986298
2843.12486231763
3005.5340705174
2856.93293072304
2443.34855669751
1891.0264865153
1377.49890592845
1058.59913227395
1035.58575205992
1315.03399038235
1809.49327104464
2365.10289863751
2810.90603741814
3005.5340705174
2891.78186685396
2499.23831901875
1958.09413947636
1430.75847000122
1082.27003839641
1025.0653499179
1269.66473947061
1746.37078886843
2305.92551723766
2768.82430983381
2998.95879796126
2913.48026219878
2552.49798001748
2016.61396026682
1480.07288491249
1104.62589488913
1015.85999816759
1230.87074465323
1689.82357054122
2247.4056682063
2729.37269318677
2987.78083480483
2941.75393019002
2605.75764607404
2083.02410076449
1536.6200851383
1138.15968092896
1011.25732233576
1192.73427725717
1629.33120292247
2183.62561465293
2682.03075697153
2970.6851269075
2960.1646915541
2651.12699525369
2143.51651231931
1592.50976450927
1171.03594327643
1005.99712142041
1157.22791290606
1574.75657172605
2125.10577772324
2638.63398568867
2954.90447395605
2981.20556247091
2702.41409011842
2207.95408787763
1651.68707725633
1206.54230831793
1010.59979721928
1126.98175207507
1514.92174029921
2056.72305415454
2584.71678974097
2931.89102257998
2991.72599824465
2743.18075868813
2263.84382745635
1708.8918180265
1243.36372580078
1016.51752328878
1098.05064290768
1466.26484837356
1997.54570344131
2535.40228581436
2908.22004506423
3003.56148874191
2786.57753825943
2327.62388971701
1770.0417189512
1288.73297500045
1028.35297557103
1071.74963558001
1411.03270504377
1932.4506242527
2478.19746667554
2877.97379754909
3004.87654325808
2822.08399685869
2385.48622029883
1829.21904801239
1328.84202385755
1044.79110405839
1053.99645617301
1364.34839692071
1871.95823356137
2425.59533922617
2847.72755174661
3010.13676135575
2860.87809318991
2443.34855669751
1897.60174628956
1381.44405868003
1059.2566574336
1034.27070178389
1314.37646498564
1807.52069338171
2362.47279266915
2809.59098338154
3003.56148874191
2885.86412282241
2498.58079237119
1955.46403530189
1427.47084246847
1080.95498803601
1027.03792530801
1270.32226482503
1749.65841799415
2307.24057009217
2773.42699862908
2997.64374345992
2920.05553369018
2553.81303343929
2019.90159081406
1482.04546158408
1109.88609651746
1016.51752328878
1231.52826997125
1686.53594172135
2245.43308912718
2728.71516626685
2986.46578033147
2938.4662942996
2599.83990515004
2081.0515222291
1534.6475083055
1134.87205477737
1004.68207119745
1194.7068531065
1629.98872862724
2184.94066723418
2685.31839129889
2975.28781744063
2960.82221875754
2657.70226355925
2144.83156481211
1595.13986718455
1171.03594327643
1007.96969675926
1156.570387657
1571.46894348532
2118.53051550446
2635.34635163949
2954.90447395605
2978.57545356035
2697.15387504031
2202.6938773661
1649.05697435372
1203.91220714272
1007.96969675926
1126.98175207507
1517.5518426663
2061.32573722887
2589.31947699596
2935.83618560195
2991.06847100262
2745.81086644232
2269.76156489903
1710.86439538475
1243.36372580078
1017.83257353293
1096.73559251858
1463.63474620781
1996.23065126834
2534.08723243567
2904.93240938157
3000.93137971945
2781.31732236899
2325.65131036725
1768.06914141078
1284.78782277904
1024.40782478904
1077.66736214544
1410.37517955505
1935.73825435019
2480.82757317571
2882.57648727769
3006.19159777755
2824.0565779605
2387.45879985272
1833.16420347989
1331.47212550317
1043.47605376579
1054.65398132851
1362.37582059131
1868.67060380047
2424.28028610209
2845.09744349665
3006.84912503852
2856.27540364805
2443.34855669751
1891.68401248961
1377.49890592845
1057.28408195643
1038.21585261907
1315.03399038235
1812.78090049652
2367.73300461784
2811.56356443764
3005.5340705174
10.5047306919697
8.53215776126459
8.53215776126459
7.87463345196976
9.84720638126452
7.87463345196976
7.21710914314488
7.21710914314488
7.21710914314488
5.24453621948939
8.53215776126459
6.55958483478997
7.21710914314488
3.92948760606743
6.55958483478997
5.90206052690478
7.21710914314488
5.24453621948939
7.87463345196976
7.21710914314488
10.5047306919697
5.90206052690478
9.84720638126452
7.87463345196976
10.5047306919697
9.84720638126452
11.1622550031452
7.21710914314488
9.18968207102955
6.55958483478997
7.87463345196976
6.55958483478997
5.90206052690478
3.92948760606743
8.53215776126459
5.90206052690478
5.90206052690478
3.92948760606743
8.53215776126459
5.90206052690478
7.87463345196976
6.55958483478997
7.21710914314488
9.84720638126452
8.53215776126459
7.87463345196976
9.18968207102955
8.53215776126459
9.84720638126452
9.18968207102955
10.5047306919697
7.21710914314488
10.5047306919697
7.21710914314488
7.87463345196976
3.92948760606743
5.90206052690478
5.24453621948939
7.87463345196976
5.24453621948939
5.90206052690478
3.27196330006074
7.87463345196976
5.90206052690478
6.55958483478997
6.55958483478997
10.5047306919697
8.53215776126459
9.18968207102955
7.21710914314488
9.84720638126452
7.21710914314488
9.84720638126452
9.18968207102955
10.5047306919697
7.21710914314488
9.84720638126452
6.55958483478997
5.90206052690478
5.90206052690478
9.84720638126452
5.90206052690478
5.90206052690478
5.90206052690478
7.87463345196976
3.27196330006074
7.21710914314488
6.55958483478997
8.53215776126459
6.55958483478997
9.84720638126452
5.90206052690478
9.18968207102955
7.87463345196976
11.1622550031452
7.21710914314488
7.87463345196976
8.53215776126459
11.1622550031452
7.87463345196976
4229.19381210946
3580.87074708369
2670.85280040544
1763.46646050685
1152.62523617535
1025.72287504734
1422.86816394942
2218.4745090409
3169.25838395031
3974.07265996131
4385.02819560709
4275.22083949869
3677.52737437177
2777.37216048468
1858.15018868145
1201.93963126774
1012.57237257048
1353.82798989609
2117.21546306934
3061.42389058119
3896.48429657059
4360.04208821675
4310.7274067463
3758.40334281643
2879.94637885649
1946.91619681223
1249.28145379038
1006.65464653277
1292.02060186871
2020.55911692563
2961.4797459618
3820.86853114823
4337.02856950995
4345.57644774617
3843.22449530407
2987.78083480483
2045.54510969069
1309.77378722618
1010.59979721928
1237.4459978611
1927.19041613298
2852.33024121507
3737.36243913264
4304.15211630029
4369.24749603702
3917.52520739175
3089.69756654465
2146.14661730781
1370.92365139302
1014.54494792698
1185.50149918991
1827.90399619538
2746.46839338285
3649.25366505962
4262.07025975848
4388.31584142242
3991.82593138419
3199.50464834647
2250.03577365541
1443.25145477123
1031.64060123893
1144.73493327741
1740.45305648468
2640.60656612754
3563.77501910145
4218.01582046122
4402.12395411665
4061.52396658158
3296.81872860701
2348.66473653163
1516.23679148146
1053.33893101811
1103.31084448805
1654.97470589954
2530.79959900238
3464.48830306132
4163.4409240705
4404.75407086977
4116.09885063992
3396.76293873048
2455.18403531863
1593.16729017711
1080.2974628567
1073.06468592371
1572.78399477965
2427.56791891797
3369.14677340711
4104.26333305761
4408.69924602915
4181.85173174897
3495.39211317852
2564.33346092483
1678.64563262184
1115.14629818421
1044.79110405839
1495.1959728763
2323.67873102419
3269.20256879426
4040.48304917578
4396.20619148001
4229.19381210946
3582.18580310729
2667.56516616448
1762.80893466614
1153.28276142078
1023.0927745331
1425.49826595648
2219.13203536982
3167.94332901712
3971.44254573469
4387.65831225738
4275.22083949869
3676.86984622927
2776.71463350675
1857.49266274237
1199.30953010965
1014.54494792698
1358.43066794952
2118.53051550446
3062.0814179117
3899.77193882357
4360.04208821675
4311.38493579628
3759.06087107161
2881.91896017117
1946.25867077946
1250.59650446151
1005.99712142041
1293.99317799712
2017.92901248359
2960.1646915541
3818.89594612681
4337.02856950995
4344.91891864518
3843.22449530407
2988.43836204274
2049.4902665368
1310.43131261852
1009.28474698809
1238.76104851005
1927.19041613298
2853.64529535617
3737.36243913264
4304.15211630029
4371.87761259257
3916.86767891415
3091.67014864612
2143.51651231931
1373.55375319961
1013.22989768873
1187.47407501912
1831.19162574306
2744.49581256364
3647.28108075122
4262.07025975848
4385.68572476818
3991.16840280075
3195.55948332371
2251.35082638438
1442.59392925127
1030.98307610417
1143.41988280289
1741.76810812078
2642.57914657345
3563.11749111417
4215.38570481995
4404.75407086977
4060.86643789795
3298.79131150869
2353.26742187417
1516.23679148146
1050.05130525251
1103.31084448805
1653.65965444026
2534.08723243567
3465.14583091591
4162.78339523879
4404.09654168
4121.35908077588
3392.16024440341
2454.52650872212
1592.50976450927
1080.2974628567
1071.09211040905
1572.12646913216
2428.22544548341
3371.77688432427
4103.60580431211
4408.04171683344
4178.56408746532
3497.36469686912
2563.01840747834
1677.33058111461
1114.48877297377
1047.42120465071
1492.56587059721
2321.70615168783
3267.88751360277
4041.14057783003
4394.89113312719
4227.22122532766
3582.18580310729
2668.22269301111
1762.80893466614
1153.28276142078
1022.43524940601
1424.18321495168
2218.4745090409
3167.94332901712
3974.07265996131
4387.00078309332
4273.24825251282
3676.86984622927
2776.05710652962
1854.86255899294
1197.99447953427
1017.83257353293
1357.77314251143
2120.50309416254
3064.71152724206
3901.74452418651
4361.35714646497
4311.38493579628
3759.06087107161
2879.94637885649
1946.91619681223
1249.28145379038
1003.36702097685
1293.33565262036
2015.95643415949
2958.19210994869
3819.55347446636
4337.68609859915
4341.63127315497
3844.53955205233
2990.41094376142
2046.20263582993
1311.08883801148
1012.57237257048
1238.10352318526
1927.84794214551
2852.33024121507
3741.30760850221
4301.52200014927
4370.56255431282
3919.49779283014
3091.67014864612
2144.17403856535
1372.89622774702
1012.57237257048
1186.81654974211
1828.56152210354
2745.81086644232
3647.93860885312
4262.72778873624
4386.34325393026
3991.16840280075
3194.90195582288
2246.74814184586
1441.93640373194
1031.64060123893
1142.76235756653
1742.42563393985
2641.26409294206
3561.80243514226
4216.04323372881
4406.06912925227
4060.20890921526
3298.13378387394
2351.29484243717
1518.86689385373
1052.02388071009
1103.96836968829
1652.34460298364
2532.77217906005
3465.80335877139
4162.78339523879
4404.09654168
4121.35908077588
3394.13282768122
2452.55392893713
1591.19471317558
1078.98241249988
1068.46200973117
1573.44152042779
2429.54049861657
3371.77688432427
4104.92086180406
4406.726658445
4179.87914517589
3494.0770573892
2562.36088075624
1678.64563262184
1115.14629818421
1047.42120465071
1495.85349844769
2324.33625747113
3265.25740323007
4041.14057783003
4396.20619148001
4231.16639889997
3583.50085913447
2669.5377467067
1761.49388298675
1153.94028666681
1023.75029966078
1423.52568945023
2217.81698271271
3165.97074662367
3971.44254573469
4385.68572476818
4271.93319452711
3678.84243065948
2776.71463350675
1856.83513680398
1199.30953010965
1017.17504841056
1358.43066794952
2119.1880417231
3063.39647257522
3903.0595810998
4365.30232123326
4312.04246484725
3759.7183993277
2883.23401438501
1944.94361871602
1249.28145379038
1007.31217164572
1292.67812724422
2016.61396026682
2960.1646915541
3818.23841778818
4335.71351133449
4343.60386044615
3843.22449530407
2986.46578033147
2049.4902665368
1311.08883801148
1010.59979721928
1241.39114981535
1923.24526007247
2852.33024121507
3740.65008027167
4300.86447111396
4372.53514173392
3920.15532131147
3092.32767601494
2142.85898607399
1374.21127865284
1013.22989768873
1186.81654974211
1827.90399619538
2746.46839338285
3649.25366505962
4260.75520180588
4387.00078309332
3992.48345996858
3193.58690082376
2248.72072092939
1443.25145477123
1030.98307610417
1142.10483233078
1741.76810812078
2641.92161975737
3562.45996312777
4218.01582046122
4402.78148330344
4058.89385185274
3298.13378387394
2348.66473653163
1517.5518426663
1050.70883040445
1103.31084448805
1654.31718016957
2532.11465237339
3462.51571950281
4162.78339523879
4404.75407086977
4122.67413831943
3392.16024440341
2457.15661511272
1592.50976450927
1078.98241249988
1072.40716075156
1575.41409737616
2425.59533922617
3370.46182886396
4106.23591929984
4408.69924602915
4178.56408746532
3494.0770573892
2561.04582731438
1679.96068413175
1111.85867213799
1048.73625495042
1495.85349844769
2322.36367813254
3268.54504119809
4039.82552052249
4396.8637206579
4226.56369640233
3580.21321907322
2668.88021985851
1760.17883131008
1153.94028666681
1025.72287504734
1425.49826595648
2219.78956169947
3168.60085648329
3972.75760284612
4388.31584142242
4273.24825251282
3676.86984622927
2776.05710652962
1854.86255899294
1199.96705539825
1015.20247304699
1355.14304076536
2119.1880417231
3062.73894524304
3898.45688191958
4361.35714646497
4310.7274067463
3756.43075805637
2881.91896017117
1945.60114474739
1251.25402979801
1007.96969675926
1295.96575413114
2017.27148637485
2963.4523275795
3820.86853114823
4339.00115678049
4346.23397684814
3843.22449530407
2986.46578033147
2048.17521425192
1309.11626183447
1009.28474698809
1235.47342189228
1923.90278608081
2849.70013294254
3738.01996735862
4299.54941304627
4367.93243776515
3915.55262196175
3090.35509391097
2143.51651231931
1371.58117684372
1014.54494792698
1188.13160029674
1829.87657392193
2749.75602809743
3649.91119316423
4264.04284669468
4389.63089975547
3994.45604572738
3196.21701082538
2250.69330001953
1443.90898029184
1033.61317664676
1140.13225662715
1739.13800485127
2637.97645887727
3559.82985119109
4212.09806029012
4400.80889574602
4056.92126581608
3293.53109045473
2348.00721005711
1517.5518426663
1050.70883040445
1104.62589488913
1657.60480882608
2537.37486588817
3465.14583091591
4166.72856824347
4408.04171683344
4123.33166709264
3397.42046649497
2457.15661511272
1594.48234151474
1078.32488732236
1068.46200973117
1572.78399477965
2426.25286578935
3368.48924567999
4103.60580431211
4404.09654168
4175.93397205573
3491.44694582115
2558.41572043991
1674.70047810814
1113.83124776392
1049.39378010117
1497.1685495924
2325.65131036725
3269.86009639128
4045.74327843623
4400.80889574602
4229.19381210946
3586.78849921804
2669.5377467067
1764.78151219029
1151.31018568631
1023.0927745331
1424.18321495168
2216.50193005853
3164.65569169892
3970.78501718038
4384.37066644699
4271.27566553572
3672.2671492571
2774.08452560302
1853.54750712235
1199.30953010965
1014.54494792698
1357.11561707397
2121.16062038334
3065.36905457673
3900.42946727695
4363.98726297322
4314.67258106089
3760.3759275847
2883.23401438501
1949.5463009503
1251.25402979801
1004.02454608686
1294.65070337451
2018.58653859304
2958.84963714967
3818.23841778818
4335.05598224824
4344.91891864518
3840.59438181862
2985.80825309602
2044.88758355216
1313.71893958956
1011.25732233576
1240.07609916147
1923.90278608081
2855.61787657387
3739.99255204204
4302.83705822282
4371.2200834522
3920.15532131147
3092.9852033846
2143.51651231931
1371.58117684372
1016.51752328878
1184.18644864015
1830.53409983215
2745.15333950258
3649.25366505962
4261.41273078169
4387.65831225738
3989.19581705607
3197.53206583128
2246.74814184586
1441.93640373194
1034.27070178389
1145.39245851558
1741.11058230239
2640.60656612754
3563.77501910145
4218.67334937396
4402.12395411665
4059.55138053353
3296.81872860701
2351.95236891543
1514.26421470906
1048.73625495042
1101.99579408936
1654.97470589954
2535.40228581436
3462.51571950281
4161.46833757825
4406.726658445
4122.67413831943
3395.44788320411
2453.86898212636
1595.79739285501
1080.95498803601
1073.72221109645
1571.46894348532
2429.54049861657
3373.09193978806
4106.89344804916
4407.38418763873
4175.93397205573
3492.10447371184
2560.3883005946
1675.35800385876
1109.88609651746
1044.13357891179
1495.85349844769
2323.67873102419
3267.22998600831
4039.16799187014
4399.49383737936
4227.87875425396
3584.1583871494
2668.22269301111
1764.78151219029
1154.59781191345
1027.69545043922
1424.18321495168
2221.10461436096
3169.25838395031
3973.41513140324
4387.00078309332
4273.24825251282
3671.60962112183
2773.42699862908
1854.2050330573
1195.36437839084
1013.22989768873
1357.11561707397
2117.21546306934
3060.76636325151
3899.11441037111
4361.35714646497
4308.75481960222
3761.69098410146
2883.89154149314
1946.91619681223
1251.91155513512
1010.59979721928
1293.33565262036
2021.8741691509
2962.79480037278
3820.86853114823
4337.02856950995
4344.91891864518
3840.59438181862
2984.49319862759
2044.23005741434
1308.45873644338
1007.96969675926
1237.4459978611
1921.93020805787
2852.33024121507
3738.67749558552
4300.86447111396
4371.87761259257
3920.15532131147
3092.9852033846
2146.14661730781
1375.52632956119
1015.20247304699
1190.10417613327
1831.84915165465
2747.7834472663
3651.88377748344
4263.38531771498
4387.00078309332
3990.51087421825
3196.21701082538
2241.48793098877
1438.64877614491
1030.98307610417
1140.13225662715
1739.13800485127
2639.29151250084
3560.48737917392
4214.07064700511
4402.78148330344
4058.89385185274
3298.79131150869
2351.95236891543
1515.57926589001
1053.99645617301
1104.62589488913
1655.63223163018
2535.40228581436
3465.80335877139
4166.72856824347
4406.06912925227
4120.70155200554
3393.47529992108
2453.21145553137
1593.16729017711
1077.00983696912
1069.77706006892
1571.46894348532
2426.25286578935
3366.51666250383
4104.92086180406
4404.75407086977
4175.27644320574
3494.0770573892
2563.01840747834
1677.98810686789
1115.80382339526
1046.76367950174
1497.1685495924
2326.96636326634
3270.51762398917
4044.42822111544
4399.49383737936
4228.53628318122
3585.47344318193
2670.85280040544
1761.49388298675
1151.96771093053
1025.0653499179
1420.23806195256
2218.4745090409
3163.9981642378
3972.10007428994
4384.37066644699
4271.27566553572
3677.52737437177
2776.71463350675
1855.52008492926
1198.65200482165
1015.20247304699
1357.77314251143
2121.16062038334
3066.02658191222
3901.74452418651
4367.2749086307
4311.38493579628
3759.7183993277
2882.57648727769
1946.25867077946
1248.62392845573
1007.96969675926
1294.65070337451
2019.2440647032
2958.19210994869
3819.55347446636
4335.71351133449
4343.60386044615
3841.9094385595
2987.78083480483
2046.20263582993
1310.43131261852
1012.57237257048
1238.10352318526
1925.87536411002
2856.27540364805
3739.99255204204
4302.83705822282
4368.58996690059
3919.49779283014
3092.32767601494
2144.83156481211
1372.89622774702
1012.57237257048
1185.50149918991
1829.21904801239
2745.81086644232
3647.93860885312
4262.07025975848
4387.65831225738
3992.48345996858
3197.53206583128
2250.69330001953
1443.90898029184
1032.95565151023
1142.10483233078
1742.42563393985
2643.23667339032
3559.82985119109
4217.35829154945
4400.80889574602
4058.23632317291
3296.81872860701
2349.32226300689
1512.2916379425
1050.70883040445
1101.99579408936
1652.34460298364
2533.42970574747
3465.80335877139
4164.09845290317
4408.04171683344
4123.98919586681
3395.44788320411
2456.49908851393
1597.11244419791
1080.95498803601
1070.43458523869
1574.75657172605
2428.88297204962
3371.77688432427
4103.60580431211
4407.38418763873
4177.90655861147
3492.10447371184
2559.07324715737
1675.35800385876
1110.5436217237
1044.79110405839
1494.53844730556
2322.36367813254
3268.54504119809
4041.14057783003
4400.1513665622
4228.53628318122
3585.47344318193
2669.5377467067
1765.43903803304
1155.91286240855
1029.66802583642
1425.49826595648
2220.44708802985
3168.60085648329
3973.41513140324
4383.71313728787
4270.6181365453
3672.92467739327
2772.76947165594
1852.88998118809
1197.33695424749
1012.57237257048
1355.80056620093
2113.92783199413
3063.39647257522
3900.42946727695
4366.61737949723
4313.35752295211
3762.3485123612
2885.20659571184
1948.23124887986
1253.22660581119
1010.59979721928
1296.62327951039
2021.8741691509
2960.1646915541
3820.86853114823
4336.37104042173
4342.94633134811
3839.93685344956
2985.1507258614
2044.23005741434
1307.80121105292
1007.31217164572
1237.4459978611
1921.27268205162
2852.33024121507
3726.18445943022
4303.49458726106
4369.90502517443
3922.78543524611
3095.61531287159
2145.4890910596
1374.8688041067
1017.17504841056
1188.13160029674
1831.84915165465
2747.12592032418
3651.22624937613
4262.07025975848
4387.00078309332
3989.85334563669
3194.2444283229
2247.4056682063
1439.96382717781
1029.66802583642
1139.47473139382
1739.13800485127
2640.60656612754
3562.45996312777
4216.04323372881
4402.78148330344
4058.23632317291
3298.13378387394
2349.97978948291
1518.20936825969
1053.33893101811
1105.28342009057
1655.63223163018
2533.42970574747
3463.8307752076
4162.78339523879
4405.41160006052
4121.35908077588
3394.13282768122
2452.55392893713
1593.16729017711
1077.00983696912
1071.09211040905
1574.09904607659
2428.88297204962
3371.77688432427
4107.55097679944
4407.38418763873
4181.19420289031
3494.0770573892
2563.01840747834
1677.98810686789
1113.83124776392
1046.10615435336
1495.1959728763
2322.36367813254
3267.88751360277
4039.82552052249
4396.8637206579
4225.24863855459
3582.18580310729
2666.90763931865
1762.80893466614
1152.62523617535
1027.03792530801
1425.49826595648
2221.10461436096
3167.94332901712
3976.04524564113
4386.34325393026
4275.22083949869
3674.8972618072
2775.39957955329
1852.88998118809
1198.65200482165
1011.91484745283
1355.14304076536
2118.53051550446
3063.39647257522
3898.45688191958
4362.01467559055
4308.09729055615
3759.7183993277
2881.91896017117
1948.23124887986
1253.22660581119
1011.25732233576
1295.96575413114
2023.189221379
2962.79480037278
3823.49864452301
4337.02856950995
4344.26138954517
3841.25191018859
2985.80825309602
2042.91500514084
1308.45873644338
1007.31217164572
1236.1309472146
1922.58773406482
2849.04260587642
3738.01996735862
4300.86447111396
4367.93243776515
3919.49779283014
3094.30025812642
2146.14661730781
1374.21127865284
1018.49009865589
1189.44665085382
1832.50667756693
2748.44097420922
3653.19883370075
4262.72778873624
4387.00078309332
3989.85334563669
3194.2444283229
2246.09061548615
1439.30630166104
1030.32555097
1140.13225662715
1739.13800485127
2639.29151250084
3559.17232320914
4216.04323372881
4402.78148330344
4060.86643789795
3298.79131150869
2351.95236891543
1518.86689385373
1053.33893101811
1106.59847049526
1657.60480882608
2534.74475912463
3464.48830306132
4162.78339523879
4405.41160006052
4120.04402323615
3392.16024440341
2453.21145553137
1593.16729017711
1077.00983696912
1070.43458523869
1571.46894348532
2428.88297204962
3371.11935659368
4106.23591929984
4408.04171683344
4179.87914517589
3493.41952949587
2564.33346092483
1677.98810686789
1115.14629818421
1048.73625495042
1497.1685495924
2323.67873102419
3270.51762398917
4041.79810648521
4398.17877901665
5.90206052690478
5.90206052690478
5.90206052690478
4.58701191254363
3.92948760606743
5.24453621948939
5.90206052690478
8.53215776126459
7.87463345196976
8.53215776126459
9.84720638126452
8.53215776126459
7.87463345196976
8.53215776126459
9.84720638126452
9.18968207102955
7.87463345196976
6.55958483478997
5.90206052690478
5.24453621948939
5.24453621948939
4.58701191254363
5.24453621948939
3.92948760606743
5.24453621948939
5.90206052690478
5.90206052690478
7.21710914314488
9.18968207102955
8.53215776126459
8.53215776126459
9.18968207102955
8.53215776126459
8.53215776126459
8.53215776126459
10.5047306919697
9.18968207102955
9.18968207102955
6.55958483478997
5.24453621948939
5.90206052690478
6.55958483478997
6.55958483478997
5.24453621948939
4.58701191254363
5.24453621948939
4.58701191254363
6.55958483478997
9.84720638126452
8.53215776126459
9.18968207102955
9.18968207102955
9.18968207102955
9.84720638126452
9.18968207102955
8.53215776126459
9.18968207102955
8.53215776126459
7.87463345196976
6.55958483478997
7.87463345196976
5.90206052690478
6.55958483478997
5.90206052690478
5.24453621948939
6.55958483478997
3.92948760606743
5.24453621948939
7.21710914314488
7.21710914314488
8.53215776126459
9.18968207102955
9.18968207102955
10.5047306919697
9.18968207102955
8.53215776126459
9.84720638126452
9.84720638126452
9.18968207102955
5.90206052690478
7.87463345196976
5.90206052690478
5.24453621948939
5.90206052690478
5.24453621948939
5.90206052690478
5.24453621948939
5.90206052690478
6.55958483478997
8.53215776126459
9.18968207102955
9.18968207102955
9.84720638126452
9.18968207102955
9.18968207102955
9.18968207102955
11.1622550031452
8.53215776126459
8.53215776126459
8.53215776126459
5588.96582371226
4706.56007473261
3425.69416119296
2137.59877613745
1244.67877646082
1027.03792530801
1551.74317438446
2650.46946842744
3987.88075989765
5144.47505480802
5761.23901072955
5642.22584646456
4830.17566767589
3574.29546701919
2263.84382745635
1309.11626183447
1010.59979721928
1457.71701637243
2508.44369216495
3842.56696693132
5041.24280259293
5729.0199736088
5695.48587667196
4953.13376734214
3726.84198764073
2402.58190999064
1390.64941518896
1008.62722187338
1375.52632956119
2371.02063711012
3691.99299373554
4923.54491647804
5685.62290755069
5733.62269302872
5060.31117840465
3869.52563097211
2538.03239258098
1472.84010383291
1012.57237257048
1297.28080489026
2240.17287828184
3546.02176375702
4804.53200443232
5635.65053461112
5767.81432476672
5167.48861782851
4029.96259083664
2682.03075697153
1570.15389219362
1028.35297557103
1230.87074465323
2108.66762231118
3392.16024440341
4678.28630060802
5572.52754658415
5787.54026756921
5264.14559700236
4163.4409240705
2819.45388873417
1666.81016915278
1053.99645617301
1173.00851906548
1988.34033828968
3242.90146561403
4551.3831050557
5504.80185223899
5804.63608550435
5360.14506905255
4308.09729055615
2975.28781744063
1778.5895550303
1085.55766430786
1120.40649988942
1866.04050000417
3089.69756654465
4414.61700883508
5425.24061483101
5805.29361697898
5441.02135483794
4444.20582407004
3120.60135366508
1890.36896054168
1129.6118529662
1081.61251321591
1754.91862463047
2945.04156610087
4277.19342649333
5342.39174026494
5803.32102255855
5520.58259548753
4579.65687074476
3269.20256879426
2006.09354263446
1178.26872119636
1046.10615435336
1649.05697435372
2797.09797019367
4133.19459880565
5246.39227253593
5784.25261036343
5582.39051277633
4703.27242648127
3421.09146659726
2134.31114495058
1243.36372580078
1027.03792530801
1551.08564875789
2653.09957573714
3992.48345996858
5148.42023694628
5765.84173054349
5646.82856482957
4830.17566767589
3573.63793901765
2262.52877469942
1309.77378722618
1009.28474698809
1457.05949083838
2508.44369216495
3843.88202367774
5039.92774222516
5726.38984825121
5692.19822026966
4947.87352703262
3722.23929018627
2399.9518038511
1389.33436425152
1009.94227210339
1375.52632956119
2374.96579612558
3696.59569089771
4933.40786652918
5685.62290755069
5734.28022437901
5057.68105754971
3870.18315938279
2536.05981250486
1472.18257828408
1011.25732233576
1296.62327951039
2235.5701938307
3542.73412394954
4804.53200443232
5634.33547225406
5767.81432476672
5168.80367861247
4019.44213273957
2683.34581070011
1569.49636654875
1030.98307610417
1232.18579528989
2112.61277956908
3392.81777216181
4680.9164190514
5571.87001551369
5790.82792480383
5263.48806645238
4163.4409240705
2823.39905092576
1666.81016915278
1050.05130525251
1171.03594327643
1985.05270791184
3243.55899317689
4548.09545800354
5503.48679033075
5803.97855403087
5359.48753834239
4305.46717438166
2973.97276299849
1775.30192575553
1089.50281542132
1123.69412597472
1869.32812975127
3094.30025812642
4413.95947963045
5425.24061483101
5806.60867993172
5439.70629314623
4443.54829482075
3119.28629885634
1889.05390859653
1126.98175207507
1078.32488732236
1753.60357296733
2944.38403891707
4276.53589749414
5342.39174026494
5802.66349108738
5518.61000254614
4577.02675292751
3273.14773438925
2011.35375142802
1183.52892336618
1050.05130525251
1648.39944862973
2793.81033519224
4131.87954123147
5246.39227253593
5786.22520468344
5581.73298168895
4704.58748577873
3421.09146659726
2132.99609248088
1240.7336244881
1025.0653499179
1551.08564875789
2655.72968305936
3989.85334563669
5147.76270658721
5763.21160492862
5646.17103363116
4828.86060798392
3575.61052302496
2266.47393297906
1313.71893958956
1012.57237257048
1457.71701637243
2507.12863884917
3840.59438181862
5037.29762150241
5729.0199736088
5692.19822026966
4946.55846696578
3720.26670557657
2397.32169772361
1388.67683878375
1007.96969675926
1376.18385501631
2375.62332263078
3695.28063456113
4927.4900964701
5686.93797008535
5736.91034979165
5061.62623883853
3872.81327303476
2538.68991927455
1476.78525713939
1014.54494792698
1299.91090641597
2235.5701938307
3542.07659599071
4802.55941501744
5632.36287872698
5763.86913633061
5166.17355704887
4017.4695468733
2678.08559580463
1564.23616141335
1028.35297557103
1232.18579528989
2112.61277956908
3394.13282768122
4681.5739486648
5573.84260872844
5793.4580506123
5268.09078032513
4165.41351057139
2824.71410499605
1669.44027212723
1051.36635555697
1171.03594327643
1983.73765576563
3240.27135537111
4548.75298741196
5502.82925937831
5800.69089668081
5355.54235410455
4302.17952918556
2972.65770855963
1775.30192575553
1087.5302398619
1123.03660075646
1870.64318165494
3094.30025812642
4417.90465487306
5427.21320729687
5809.23880585106
5442.33641653409
4446.17841182391
3120.60135366508
1892.9990644403
1129.6118529662
1079.63993767799
1753.60357296733
2943.06898455191
4274.56331050242
5339.76161754988
5800.03336521426
5515.32234766627
4574.39663512642
3271.1751515879
2006.75106873118
1182.87139809282
1048.07872980027
1649.71450007838
2798.41302419984
4135.82471396551
5249.02239462895
5789.51286190652
5586.99323041962
4707.87513404032
3425.69416119296
2136.94124989863
1242.04867514321
1025.72287504734
1546.48296939017
2650.46946842744
3985.90817416708
5145.79011551646
5761.23901072955
5641.5683152741
4826.88801845377
3572.32288301724
2263.18630107752
1313.71893958956
1013.22989768873
1459.68959297845
2513.04637879432
3845.19708042785
5043.21539315257
5730.99256763903
5694.17081410761
4951.16117721816
3724.21187480415
2401.26685691937
1389.33436425152
1005.99712142041
1371.58117684372
2371.02063711012
3690.67793741164
4923.54491647804
5682.99278249507
5734.28022437901
5058.33858776184
3873.47080145007
2538.68991927455
1476.1277315867
1015.20247304699
1301.8834825668
2240.83040463494
3546.67929172119
4807.81965347785
5635.65053461112
5767.81432476672
5167.48861782851
4018.12707549444
2680.05817638454
1566.86626397582
1027.03792530801
1228.2406433873
2108.66762231118
3389.53013337851
4678.94383021733
5570.55495337618
5788.8553304596
5262.8305359035
4164.7559817368
2824.71410499605
1670.75532361846
1053.99645617301
1175.63862012606
1987.02528613643
3244.87404830517
4552.04063446915
5506.77444510976
5803.97855403087
5358.83000763332
4305.46717438166
2972.65770855963
1775.30192575553
1086.21518949194
1118.43392424546
1866.04050000417
3089.04003917916
4412.64442122418
5423.26802237514
5806.60867993172
5439.04876230205
4445.52088257162
3120.60135366508
1891.68401248961
1130.92690341537
1083.5850887592
1757.54872796486
2948.32920203215
4279.16601349674
5343.70680162907
5803.32102255855
5517.29494059083
4575.05416457518
3271.1751515879
2006.75106873118
1180.8988222764
1045.44862920558
1647.08439718374
2793.15280819435
4132.53707001808
5244.4196809776
5784.91014180228
5583.70557495448
4706.56007473261
3424.37910558982
2135.62619742316
1243.36372580078
1028.35297557103
1552.40070001168
2655.07215622763
3991.82593138419
5149.07776730643
5764.52666773375
5645.51350243389
4829.51813782938
3572.32288301724
2263.84382745635
1309.77378722618
1009.94227210339
1456.40196530496
2508.44369216495
3839.93685344956
5037.9551516815
5725.73231691468
5692.19822026966
4947.87352703262
3723.55434659728
2400.60933038486
1389.99188971992
1010.59979721928
1376.84138047206
2374.30826962113
3697.25321906736
4928.14762647246
5689.56809516837
5736.25281843677
5061.62623883853
3870.18315938279
2536.71733919613
1473.49762938238
1013.22989768873
1297.93833027076
2234.91266748347
3540.76154007571
4802.55941501744
5634.33547225406
5764.52666773375
5165.51602666067
4019.44213273957
2682.03075697153
1569.49636654875
1030.32555097
1232.18579528989
2114.58535820774
3394.79035544223
4683.54653751115
5573.84260872844
5792.80051915845
5266.11818865883
4166.07103940695
2825.3716320324
1669.44027212723
1050.05130525251
1171.03594327643
1983.73765576563
3242.24393805202
4548.09545800354
5500.85666652771
5802.00595961737
5356.85741551275
4304.80964534048
2975.28781744063
1777.27450331835
1087.5302398619
1123.03660075646
1869.98565570276
3092.9852033846
4419.21971329519
5429.18579977272
5809.89633733378
5441.67888568546
4444.86335332034
3119.94382626029
1891.0264865153
1127.63927729695
1079.63993767799
1752.2885213069
2942.41145737056
4273.24825251282
5337.78902552514
5799.37583374887
5515.32234766627
4575.05416457518
3272.49020678795
2008.72364702559
1182.87139809282
1049.39378010117
1651.02955152968
2797.09797019367
4137.79730034546
5250.337455682
5788.8553304596
5585.02063713715
4707.21760438595
3422.40652219166
2133.65361871537
1240.07609916147
1025.0653499179
1548.45554625813
2651.78452208073
3987.22323131985
5144.47505480802
5759.92394793593
5642.88337765615
4827.54554829611
3572.980411017
2264.50135383593
1314.37646498564
1013.88742280756
1460.34711851507
2512.38885213068
3844.53955205233
5042.55786296496
5731.65009898473
5696.14340795585
4949.84611714078
3722.89681839132
2399.9518038511
1388.01931331661
1006.65464653277
1372.89622774702
2371.67816361082
3692.65052189884
4922.88738648304
5684.3078450206
5733.62269302872
5060.31117840465
3872.81327303476
2538.68991927455
1476.1277315867
1015.85999816759
1301.22595718257
2240.83040463494
3546.67929172119
4809.13471310332
5635.65053461112
5767.81432476672
5166.83108743815
4018.12707549444
2678.08559580463
1567.52378961807
1025.72287504734
1228.89816870286
2109.32514851904
3390.84518888922
4677.62877099973
5571.87001551369
5788.8553304596
5264.80312755342
4164.7559817368
2825.3716320324
1668.12522063867
1053.99645617301
1173.66604432972
1988.34033828968
3245.53157587059
4553.35569329908
5506.11691415172
5804.63608550435
5356.85741551275
4306.12470342382
2971.34265412406
1775.30192575553
1085.55766430786
1119.09144945951
1864.72544811016
3090.35509391097
4412.64442122418
5423.26802237514
5805.29361697898
5441.02135483794
4440.26064858917
3123.23146329261
1890.36896054168
1130.26937819048
1083.5850887592
1758.20625380015
2945.69909328549
4278.50848449463
5343.70680162907
5803.97855403087
5517.29494059083
4577.02675292751
3271.8326791875
2008.72364702559
1181.55634754793
1046.10615435336
1646.42687146174
2795.12538919041
4130.56448366112
5243.10461994416
5784.91014180228
5583.70557495448
4705.90254508029
3423.72157778956
2134.96867118651
1242.70620047169
1028.35297557103
1551.08564875789
2654.41462939668
3991.82593138419
5149.73529766765
5765.18419913805
5646.17103363116
4828.2030781395
3572.980411017
2264.50135383593
1309.77378722618
1009.94227210339
1457.05949083838
2509.10121882399
3839.27932508143
5037.9551516815
5725.07478557929
5691.54068899262
4948.53105706762
3722.23929018627
2397.32169772361
1389.33436425152
1009.94227210339
1376.18385501631
2373.65074311743
3699.22580358174
4927.4900964701
5687.59550135439
5736.91034979165
5060.96870862106
3869.52563097211
2538.68991927455
1472.84010383291
1011.91484745283
1297.93833027076
2236.88524652736
3541.41906803277
4801.90188521456
5632.36287872698
5766.49926195008
5166.83108743815
4019.44213273957
2680.71570324608
1570.15389219362
1029.66802583642
1232.84332060914
2113.27030578125
3394.79035544223
4684.20406712864
5575.15767087724
5792.14298770576
5264.14559700236
4162.78339523879
2824.71410499605
1666.81016915278
1052.02388071009
1170.37841801463
1984.39518183838
3240.27135537111
4548.09545800354
5500.19913557974
5803.32102255855
5356.85741551275
4307.43976151106
2975.94534466293
1775.95945160913
1088.18776504778
1123.69412597472
1868.67060380047
3095.61531287159
4412.64442122418
5429.84333060023
5809.23880585106
5441.02135483794
4443.54829482075
3121.2588810707
1890.36896054168
1127.63927729695
1078.32488732236
1752.94604713678
2941.75393019002
4273.90578150713
5337.78902552514
5800.69089668081
5515.97987864
4575.71169402495
3271.1751515879
2008.72364702559
1182.87139809282
1049.39378010117
1649.05697435372
2799.72807820921
4137.13977155118
5250.99498621016
5788.19779901383
5585.67816823018
4704.58748577873
3421.09146659726
2130.36598755013
1242.04867514321
1022.43524940601
1547.79802063483
2649.81194160197
3989.19581705607
5144.47505480802
5760.58147933217
5640.91078408478
4828.86060798392
3571.66535501837
2265.15888021624
1311.74636340506
1013.88742280756
1460.34711851507
2514.36143212389
3845.19708042785
5042.55786296496
5730.99256763903
5694.82834538922
4949.84611714078
3723.55434659728
2397.97922425436
1386.70426238423
1005.33959630864
1373.55375319961
2370.36311061016
3690.67793741164
4924.20244647409
5681.67771997411
5732.96516167958
5058.99611797505
3872.15574462038
2536.71733919613
1475.47020603466
1015.20247304699
1300.56843179896
2242.14545734333
3545.36423579375
4809.79224291762
5636.30806579135
5769.12938758797
5167.48861782851
4018.12707549444
2678.74312266381
1569.49636654875
1026.38040017738
1229.55569401904
2108.01009610405
3392.81777216181
4678.28630060802
5571.21248444437
5788.19779901383
5264.80312755342
4161.46833757825
2825.3716320324
1669.44027212723
1054.65398132851
1174.32356959456
1987.6828122127
3244.2165207406
4554.01322271555
5507.43197606892
5804.63608550435
5357.51494621851
4308.09729055615
2972.65770855963
1775.30192575553
1084.24261394149
1121.72155032174
1866.69802595221
3091.01262127813
4413.30195042682
5423.92555319265
5804.63608550435
5438.39123145898
4440.26064858917
3120.60135366508
1890.36896054168
1131.58442864086
1082.27003839641
1756.89120213025
2945.69909328549
4279.82354249983
5342.39174026494
5803.97855403087
5517.29494059083
4577.02675292751
3273.80526199141
2009.38117312513
1182.21387282007
1047.42120465071
1648.39944862973
2795.7829161907
4132.53707001808
5247.04980305755
5785.56767324228
5582.39051277633
4701.95736718791
3420.43393880137
2132.33856624711
1240.07609916147
1025.72287504734
1551.74317438446
2656.38720989187
3991.82593138419
5149.07776730643
5763.86913633061
5644.85597123775
4830.17566767589
3574.29546701919
2265.81640659728
1314.37646498564
1013.22989768873
1461.00464405233
2509.7587454838
3843.22449530407
5039.27021204288
5725.73231691468
5692.19822026966
4943.27081681713
3720.26670557657
2399.2942773181
1388.01931331661
1006.65464653277
1375.52632956119
2372.99321661447
3695.93816272897
4927.4900964701
5688.25303262458
5736.25281843677
5063.59882949736
3874.78585828348
2540.00497266402
1476.1277315867
1015.85999816759
1301.8834825668
2238.85782557785
3542.07659599071
4803.87447462632
5633.02040990154
5765.84173054349
5164.20096588751
4016.15448963383
2677.42806894623
1564.23616141335
1025.72287504734
1230.21321933583
2104.72246507915
3393.47529992108
4681.5739486648
5574.50013980227
5790.82792480383
5266.11818865883
4166.07103940695
2826.02915906955
1670.09779787251
1055.3115064846
1173.66604432972
1988.34033828968
3244.87404830517
4552.69816388361
5502.82925937831
5801.34842814851
5354.8848234021
4300.86447111396
2970.02759969176
1772.67182234794
1084.90013912438
1118.43392424546
1866.04050000417
3091.01262127813
4413.30195042682
5426.5556764738
5807.92374288908
5442.99394738384
4444.20582407004
3123.23146329261
1890.36896054168
1131.58442864086
1084.24261394149
1755.57615046305
2945.04156610087
4277.85095549349
5342.39174026494
5802.66349108738
5516.63740961485
4573.73910567868
3271.1751515879
2007.40859482861
1179.58377173517
1046.10615435336
1648.39944862973
2797.09797019367
4134.50965638366
5247.04980305755
5786.22520468344
5584.36310604525
4705.24501542899
3422.40652219166
2133.65361871537
1242.04867514321
1027.03792530801
1552.40070001168
2653.75710256652
3990.51087421825
5148.42023694628
5764.52666773375
5644.85597123775
4830.17566767589
3572.980411017
2263.84382745635
1311.08883801148
1009.94227210339
1455.74443977219
2511.07379880571
3841.9094385595
5038.61268186166
5727.04737958889
5692.19822026966
4945.24340690316
3718.29412097506
2396.00664466438
1386.70426238423
1007.96969675926
1376.84138047206
2374.30826962113
3694.6231063942
4926.17503646854
5687.59550135439
5736.91034979165
5063.59882949736
3872.15574462038
2540.6624993599
1476.1277315867
1015.20247304699
1299.25338103361
2240.17287828184
3542.07659599071
4804.53200443232
5629.73275404011
5765.18419913805
5163.54343550255
4016.81201825309
2676.77054208862
1565.55121269327
1025.72287504734
1229.55569401904
2109.98267472761
3390.18766113343
4680.9164190514
5574.50013980227
5790.82792480383
5267.4332497686
4165.41351057139
2826.6866861075
1669.44027212723
1055.3115064846
1174.32356959456
1987.6828122127
3246.84663100398
4554.01322271555
5504.80185223899
5803.97855403087
5356.85741551275
4304.80964534048
2972.00018134144
1776.6169774634
1084.90013912438
1120.40649988942
1866.69802595221
3091.67014864612
4413.95947963045
5424.58308401127
5806.60867993172
5439.70629314623
4442.23323632513
3125.20404552206
1891.0264865153
1130.26937819048
1082.27003839641
1756.23367629631
2946.35662047093
4279.16601349674
5343.70680162907
5803.97855403087
5518.61000254614
4577.6842823803
3271.8326791875
2005.43601653844
1180.24129700548
1048.07872980027
1647.08439718374
2795.7829161907
4133.19459880565
5246.39227253593
5784.91014180228
86.7775539453406
4.58701191254363
6.55958483478997
6.55958483478997
7.21710914314488
7.21710914314488
9.84720638126452
8.53215776126459
10.5047306919697
8.53215776126459
9.84720638126452
9.18968207102955
11.1622550031452
9.84720638126452
9.84720638126452
9.84720638126452
9.84720638126452
8.53215776126459
7.87463345196976
5.90206052690478
7.21710914314488
6.55958483478997
5.90206052690478
5.90206052690478
5.90206052690478
5.90206052690478
6.55958483478997
5.24453621948939
6.55958483478997
5.90206052690478
8.53215776126459
8.53215776126459
9.84720638126452
9.18968207102955
9.18968207102955
9.18968207102955
9.84720638126452
9.18968207102955
9.84720638126452
8.53215776126459
9.18968207102955
8.53215776126459
9.18968207102955
5.90206052690478
5.90206052690478
5.24453621948939
5.24453621948939
5.24453621948939
5.24453621948939
4.58701191254363
4.58701191254363
5.24453621948939
5.90206052690478
5.24453621948939
7.87463345196976
8.53215776126459
9.18968207102955
8.53215776126459
9.18968207102955
8.53215776126459
9.18968207102955
9.84720638126452
9.18968207102955
7.87463345196976
9.84720638126452
8.53215776126459
6.55958483478997
5.24453621948939
5.90206052690478
4.58701191254363
5.90206052690478
5.90206052690478
5.90206052690478
4.58701191254363
6.55958483478997
5.24453621948939
7.21710914314488
6.55958483478997
8.53215776126459
9.18968207102955
9.18968207102955
7.87463345196976
9.84720638126452
9.18968207102955
9.84720638126452
9.84720638126452
9.84720638126452
7.87463345196976
9.84720638126452
8.53215776126459
7.87463345196976
6.55958483478997
4.58701191254363
5.90206052690478
6.55958483478997
5.90206052690478
5.90206052690478
5.24453621948939
5.24453621948939
5.90206052690478
6057.78578939114
5859.86873340929
4219.33087828766
2541.32002605655
1351.85541359692
1019.14762377944
1649.05697435372
3044.98570758832
4770.99798564734
6289.89463322983
7128.90692355173
7025.67410812584
6015.70374863601
4408.04171683344
2711.61946662659
1445.22403133496
1011.25732233576
1539.90771320597
2865.48078277133
4579.65687074476
6149.18273840809
7081.56448190737
7090.11242225794
6168.25116952732
4606.61557930476
2889.80928550281
1553.71575126808
1009.28474698809
1431.41599550968
2687.29097190475
4385.02819560709
5995.9777936977
7018.44123691205
7134.82472923493
6307.64800706754
4795.98411703526
3067.99916392371
1664.83759192893
1022.43524940601
1340.01995592066
2520.93669881774
4196.97489576421
5840.80031832726
6948.74266780093
7173.61923579421
6443.09970339491
4986.01027080767
3256.05201703333
1793.71264991314
1049.39378010117
1258.48680854017
2353.92494835467
3998.4012172704
5673.78734494415
6864.57837725306
7193.34525783628
6563.42819586787
5167.48861782851
3441.47482870357
1922.58773406482
1082.9275635775
1187.47407501912
2198.7487195131
3803.77279457104
5503.48679033075
6771.86617523027
7207.81100808854
6680.46906461536
5350.28210851582
3635.4455750709
2069.21605115186
1136.18710523619
1129.6118529662
2049.4902665368
3611.7745645836
5326.61100423858
6664.0307379552
7203.8658034109
6780.41410769025
5524.52778140058
3827.44381461283
2217.81698271271
1194.04932782278
1078.98241249988
1906.14958409977
3419.77641100635
5143.15999410389
6549.62000609793
7194.00279192479
6875.09891242058
5698.11600181437
4024.70236175787
2376.93837564343
1268.34968876363
1047.42120465071
1776.6169774634
3233.69607982346
4964.31177822406
6426.00385536094
7167.70142941288
6955.97553750436
5859.21120183848
4216.04323372881
2540.00497266402
1349.8828373034
1019.14762377944
1649.05697435372
3047.61581683232
4768.36786664074
6288.5795685363
7128.24938959349
7028.30424315166
6020.30647160773
4413.30195042682
2711.61946662659
1446.53908238065
1009.28474698809
1540.56523882146
2869.42594530119
4583.60204750096
6149.84027049889
7083.53708350713
7088.79735449732
6166.93610527986
4603.98546132153
2887.83670415896
1548.45554625813
1009.28474698809
1432.73104652852
2687.94849877494
4385.02819560709
5997.29285732725
7018.44123691205
7133.50966129615
6304.36034517896
4794.66905745126
3069.3142186022
1665.49511766954
1023.0927745331
1342.65005760891
2521.59422549134
4195.65983800349
5841.45784986557
6948.74266780093
7173.61923579421
6441.784638132
4983.38015043316
3254.07943429867
1791.08254642939
1046.76367950174
1258.48680854017
2353.92494835467
3997.08616008562
5673.12981369906
6863.92084381598
7192.68772374908
6560.79806444081
5165.51602666067
3440.15977305843
1923.24526007247
1082.9275635775
1188.13160029674
2200.06377212785
3806.40290785014
5505.4593831948
6772.5237084888
7207.81100808854
6678.49646537462
5348.96704712966
3634.78804698609
2066.58594649945
1135.52958000648
1129.6118529662
2050.80531882453
3613.08962069128
5330.55618818579
6664.68827100651
7204.52333752053
6778.44150787274
5523.21271942508
3824.15617286901
2215.84440373254
1192.07675197528
1079.63993767799
1907.46463608099
3420.43393880137
5146.4476458723
6551.5926046029
7195.31786010577
6874.441378963
5697.45847052706
4020.09966136355
2376.93837564343
1268.34968876363
1047.42120465071
1777.27450331835
3235.01113492618
4965.62683834788
6426.66138796227
7167.70142941288
6954.66047027394
5858.55367026883
4214.07064700511
2537.37486588817
1348.56778644421
1019.80514890357
1651.68707725633
3048.2733441454
4774.94316418823
6289.89463322983
7128.90692355173
7025.67410812584
6015.04621678762
4408.69924602915
2711.61946662659
1445.88155685749
1011.25732233576
1541.2227644376
2867.45336403262
4582.94451803906
6151.15533468408
7084.19461737633
7088.13982061897
6164.30597679933
4602.670402336
2884.54906860209
1549.11307188209
1007.31217164572
1434.70362306157
2689.92107939025
4389.63089975547
5996.63532551188
7019.75630439377
7134.16719526488
6303.04528043204
4793.35399787141
3067.99916392371
1666.81016915278
1025.0653499179
1343.9651084568
2524.22433219343
4197.63242464601
5844.08797603039
6950.05773500811
7172.30416770025
6440.46957287402
4980.09249998883
3252.10685157169
1787.79491709004
1046.76367950174
1258.48680854017
2355.2400013179
3998.4012172704
5675.10240743774
6863.92084381598
7191.37265557866
6562.11313015185
5162.88590511867
3440.15977305843
1925.21783809959
1085.55766430786
1190.10417613327
2201.37882474552
3807.71796449521
5506.11691415172
6773.1812417486
7207.81100808854
6679.81153153386
5352.25470060333
3636.76063124321
2066.58594649945
1133.55700432096
1128.95432774251
2050.80531882453
3611.7745645836
5325.95347358456
6664.0307379552
7202.55073519558
6777.78397460277
5523.21271942508
3824.15617286901
2215.84440373254
1193.39180253967
1083.5850887592
1910.09474005176
3421.74899439403
5149.73529766765
6552.25013744037
7195.31786010577
6874.441378963
5695.48587667196
4023.38730449762
2375.62332263078
1269.00721411681
1044.79110405839
1777.27450331835
3234.3536073744
4961.68165798911
6425.34632276085
7166.38636134263
6952.68786943798
5857.89613870034
4213.41311809915
2536.05981250486
1349.22531187349
1020.4626740283
1654.31718016957
3048.9308714593
4772.97057491313
6293.83982733953
7131.53705939781
7029.61931067237
6017.01881233631
4411.32936282188
2710.96193972802
1445.88155685749
1009.94227210339
1539.90771320597
2865.48078277133
4578.34181183411
6147.86767423007
7080.24941418073
7082.22201577265
6167.59363740299
4603.98546132153
2888.49423127277
1545.82544376881
1008.62722187338
1434.70362306157
2691.89366001263
4388.97337058845
5999.2654527804
7022.3864393728
7136.79733115296
6308.3055394489
4799.2717660134
3071.28680062616
1668.12522063867
1025.72287504734
1343.9651084568
2519.62164547284
4193.02972249365
5838.17019218564
6946.11253340204
7168.35896344999
6437.83944237281
4983.38015043316
3254.07943429867
1788.45244295655
1045.44862920558
1255.85670717074
2355.2400013179
3997.08616008562
5675.10240743774
6864.57837725306
7196.63292829204
6565.40079445125
5172.09133059128
3444.10494000436
1926.53289012116
1086.21518949194
1189.44665085382
2200.72129843632
3804.43032288944
5502.17172842699
6770.55110871701
7203.8658034109
6676.5238661452
5347.65198574791
3634.13051890219
2065.27089417753
1132.24195386696
1126.98175207507
2046.86016196988
3610.4595084795
5329.24112686566
6665.34580405908
7206.49593985738
6781.72917424162
5527.815436359
3829.41639967018
2219.13203536982
1197.33695424749
1082.27003839641
1909.43721405802
3421.09146659726
5147.10517622922
6549.62000609793
7191.37265557866
6873.12631205168
5696.80093924088
4022.07224724116
2375.62332263078
1265.7195873571
1044.13357891179
1774.64439990261
3232.38102472415
4961.02412793301
6425.34632276085
7169.0164974884
6957.94813835969
5861.18379655439
4218.01582046122
2541.97755275398
1351.85541359692
1023.0927745331
1654.31718016957
3050.2459260896
4772.31304515683
6291.86723027922
7127.59185563656
7026.33164188034
6016.36128048557
4410.01430442353
2710.30441283023
1443.25145477123
1007.96969675926
1537.27761075053
2863.5082015173
4578.99934128893
6147.21014214286
7082.22201577265
7086.8247528662
6168.25116952732
4606.61557930476
2889.15175838738
1551.08564875789
1011.25732233576
1435.36114857386
2693.20871376483
4389.63089975547
5998.6079209615
7020.41383813658
7134.16719526488
6306.33294230846
4795.98411703526
3068.65669126254
1664.18006618898
1019.80514890357
1340.67748134178
2518.306592131
4191.71466474451
5837.51266065313
6946.77006699982
7171.64663365525
6441.784638132
4984.0376805252
3255.39448945425
1790.42502056016
1049.39378010117
1260.45938457373
2357.87010725334
4000.37380305462
5676.41746993589
6865.89344413106
7195.97539419824
6562.11313015185
5168.14614821995
3442.78988435221
1924.56031208985
1081.61251321591
1188.13160029674
2196.11861429235
3801.80020962136
5501.51419747679
6769.89357546229
7206.49593985738
6680.46906461536
5349.62457782219
3635.4455750709
2067.90099882423
1135.52958000648
1128.95432774251
2051.46284496946
3613.08962069128
5332.52878017423
6664.0307379552
7205.18087163149
6780.41410769025
5524.52778140058
3827.44381461283
2217.15945638526
1192.73427725717
1080.2974628567
1904.17700613316
3418.46135541894
5147.10517622922
6550.27753893167
7194.00279192479
6875.75644587944
5697.45847052706
4024.04483312727
2377.59590215088
1268.34968876363
1046.10615435336
1778.5895550303
3233.03855227338
4961.02412793301
6424.68879016199
7167.70142941288
6955.97553750436
5859.21120183848
4216.70076263865
2540.00497266402
1347.91026101555
1018.49009865589
1649.71450007838
3045.64323489808
4770.99798564734
6292.52476263144
7130.87952543432
7029.61931067237
6018.33387604134
4412.64442122418
2712.9345204261
1447.19660790445
1011.25732233576
1541.2227644376
2866.79583694472
4580.3144002016
6147.86767423007
7081.56448190737
7084.85215124684
6163.64844468219
4603.32793182826
2887.83670415896
1549.11307188209
1007.96969675926
1433.3885720389
2691.23613313772
4387.00078309332
5997.95038914378
7021.07137188069
7138.76993308281
6308.3055394489
4798.6142362157
3071.28680062616
1668.12522063867
1024.40782478904
1343.9651084568
2519.62164547284
4191.71466474451
5839.48525525413
6945.45499980554
7169.0164974884
6439.15450762095
4982.72262034218
3254.07943429867
1787.1373912242
1046.10615435336
1259.14433388408
2356.55505428413
3999.0587458642
5673.78734494415
6865.89344413106
7195.97539419824
6564.08572872775
5171.43380019336
3444.10494000436
1927.19041613298
1084.24261394149
1188.13160029674
2197.43366690127
3805.08785120875
5502.17172842699
6768.57850895666
7203.20826930258
6675.86633307125
5346.99445505868
3633.47299081918
2065.27089417753
1132.89947909366
1129.6118529662
2051.46284496946
3612.43209263699
5329.24112686566
6664.68827100651
7207.81100808854
6781.72917424162
5527.15790536507
3830.07392802448
2217.81698271271
1194.04932782278
1080.2974628567
1906.80711009003
3420.43393880137
5145.79011551646
6549.62000609793
7190.71512149542
6872.46877859794
5694.17081410761
4022.07224724116
2373.65074311743
1267.03463805913
1046.76367950174
1777.27450331835
3230.40844208157
4961.68165798911
6425.34632276085
7170.33156556919
6958.60567198072
5861.84132812869
4218.67334937396
2542.63507945217
1351.19788816512
1021.77772427952
1651.68707725633
3046.30076220866
4770.34045589414
6291.20969792821
7128.24938959349
7025.01657437263
6015.04621678762
4411.32936282188
2710.30441283023
1445.22403133496
1009.94227210339
1540.56523882146
2865.48078277133
4581.62945911831
6148.52520631848
7083.53708350713
7088.13982061897
6167.59363740299
4607.93063830246
2889.15175838738
1550.42812313197
1009.28474698809
1434.70362306157
2689.92107939025
4386.34325393026
5994.66273007287
7019.75630439377
7132.85212732872
6305.01787755425
4794.66905745126
3069.3142186022
1665.49511766954
1023.75029966078
1343.30758303254
2522.25175216571
4195.65983800349
5841.45784986557
6949.40020140387
7172.96170174657
6441.784638132
4985.35274071245
3254.07943429867
1789.10996882374
1046.10615435336
1257.82928319689
2355.89752780064
3997.08616008562
5673.12981369906
6864.57837725306
7193.34525783628
6560.79806444081
5166.17355704887
3442.78988435221
1925.21783809959
1084.24261394149
1190.76170141333
2198.7487195131
3805.74537952899
5505.4593831948
6771.86617523027
7208.46854220611
6681.12659769813
5350.93963921056
3636.76063124321
2067.24347266149
1133.55700432096
1126.3242268538
2049.4902665368
3610.4595084795
5326.61100423858
6662.71567185634
7204.52333752053
6778.44150787274
5522.55518843901
3826.12875791254
2218.4745090409
1194.04932782278
1083.5850887592
1908.12216207264
3421.09146659726
5147.76270658721
6552.25013744037
7194.00279192479
6877.07151280102
5697.45847052706
4025.3598903894
2376.28084913673
1267.03463805913
1042.16100347556
1775.95945160913
3231.72349717578
4960.36659787796
6423.37372496795
7166.38636134263
6954.66047027394
5859.21120183848
4216.04323372881
2541.32002605655
1350.54036273395
1023.75029966078
1653.00212871162
3048.2733441454
4771.65551540157
6293.83982733953
7132.19459336261
7030.93437819829
6018.33387604134
4411.98689202253
2711.61946662659
1445.22403133496
1007.31217164572
1537.93513636341
2864.16572860117
4580.97192965945
6145.89507797202
7079.59188031937
7084.19461737633
6164.30597679933
4602.670402336
2889.15175838738
1549.77059750671
1011.91484745283
1436.01867408679
2691.23613313772
4387.65831225738
5999.92298460047
7023.04397312081
7135.4822632063
6310.93566898649
4795.98411703526
3069.97174594268
1665.49511766954
1023.0927745331
1341.33500676353
2519.62164547284
4193.02972249365
5838.17019218564
6946.77006699982
7167.0438953771
6438.49697499627
4983.38015043316
3254.07943429867
1790.42502056016
1048.73625495042
1260.45938457373
2358.52763373907
4000.37380305462
5676.41746993589
6867.20851101419
7195.97539419824
6564.08572872775
5168.80367861247
3442.13235652745
1923.90278608081
1082.9275635775
1187.47407501912
2197.43366690127
3801.14268130664
5503.48679033075
6769.23604220884
7205.18087163149
6675.86633307125
5348.96704712966
3634.78804698609
2067.90099882423
1134.21452954886
1131.58442864086
2052.12037111511
3613.74714874646
5329.89865752517
6666.660870168
7207.81100808854
6783.04424079807
5527.15790536507
3828.10134296436
2217.15945638526
1193.39180253967
1078.98241249988
1906.80711009003
3419.77641100635
5143.81752445542
6547.64740760415
7193.34525783628
6872.46877859794
5696.80093924088
4022.07224724116
2377.59590215088
1271.63731553572
1046.76367950174
1776.6169774634
3234.3536073744
4961.68165798911
6427.97645316859
7168.35896344999
6957.29060473996
5859.86873340929
4217.35829154945
2540.6624993599
1349.8828373034
1019.14762377944
1652.34460298364
3044.98570758832
4769.68292614197
6291.20969792821
7127.59185563656
7026.33164188034
6017.01881233631
4410.67183362221
2711.61946662659
1445.88155685749
1010.59979721928
1541.88029005439
2866.79583694472
4584.25957696386
6149.84027049889
7084.19461737633
7086.8247528662
6165.6210410372
4605.30052031112
2886.52164993378
1549.77059750671
1006.65464653277
1433.3885720389
2689.92107939025
4386.34325393026
5995.3202618847
7019.09877065226
7134.82472923493
6305.67540993075
4797.29917662341
3071.28680062616
1665.49511766954
1024.40782478904
1343.9651084568
2521.59422549134
4196.31736688337
5839.48525525413
6952.68786943798
7171.64663365525
6440.46957287402
4982.06509025225
3252.10685157169
1790.42502056016
1045.44862920558
1259.14433388408
2353.92494835467
3999.0587458642
5673.12981369906
6864.57837725306
7194.66032601462
6562.77066300924
5170.77626979652
3444.76246783175
1924.56031208985
1088.18776504778
1188.13160029674
2202.03635105545
3807.06043617222
5506.11691415172
6773.1812417486
7207.1534739723
6677.18139922042
5348.96704712966
3633.47299081918
2063.95584185846
1132.24195386696
1126.3242268538
2049.4902665368
3607.82939628206
5327.2685348937
6666.00333711291
7204.52333752053
6782.38670751921
5526.50037437227
3826.78628626222
2221.76214069281
1193.39180253967
1085.55766430786
1907.46463608099
3424.37910558982
5148.42023694628
6552.25013744037
7191.37265557866
6873.7838455067
5697.45847052706
4020.09966136355
2374.96579612558
1265.06206200702
1044.79110405839
1775.30192575553
3229.75091453575
4961.68165798911
6426.00385536094
7168.35896344999
6958.60567198072
5859.86873340929
4219.33087828766
2541.97755275398
1351.19788816512
1025.72287504734
1651.68707725633
3050.2459260896
4772.97057491313
6289.89463322983
7130.22199147214
7023.70150687012
6017.67634418823
4410.01430442353
2710.30441283023
1444.56650581308
1007.31217164572
1537.27761075053
2866.79583694472
4582.28698857818
6149.84027049889
7082.87954963924
7086.8247528662
6168.25116952732
4607.2731088031
2889.80928550281
1553.05822563955
1011.91484745283
1435.36114857386
2692.55118688833
4385.68572476818
5996.63532551188
7020.41383813658
7132.19459336261
6306.33294230846
4794.66905745126
3066.02658191222
1664.18006618898
1019.14762377944
1340.67748134178
2520.93669881774
4195.00230912458
5842.11538140503
6948.74266780093
7174.27676984317
6440.46957287402
4986.01027080767
3254.07943429867
1792.3975981699
1048.73625495042
1261.11690991949
2356.55505428413
3997.74368867754
5677.07500118667
6863.92084381598
7192.68772374908
6563.42819586787
5164.85849627355
3442.13235652745
1921.93020805787
1084.24261394149
1187.47407501912
2199.40624582011
3805.74537952899
5506.11691415172
6773.83877500967
7208.46854220611
6679.81153153386
5351.59716990639
3636.10310315661
2068.55852498769
1135.52958000648
1128.29680251943
2048.83274039401
3612.43209263699
5326.61100423858
6664.68827100651
7205.18087163149
6778.44150787274
5524.52778140058
3826.12875791254
2213.87182475895
1194.04932782278
1079.63993767799
1910.09474005176
3418.46135541894
5148.42023694628
6553.56520311906
7194.66032601462
6875.75644587944
5698.77353310284
4024.04483312727
2377.59590215088
1266.37711270781
1044.13357891179
1775.30192575553
3231.06596962825
4961.02412793301
6423.37372496795
7166.38636134263
1872.61575951563
5.90206052690478
9.18968207102955
3.92948760606743
7.21710914314488
9.84720638126452
5.90206052690478
12.4773036269074
5.90206052690478
11.8197793147911
7.21710914314488
12.4773036269074
9.18968207102955
9.84720638126452
9.84720638126452
7.87463345196976
5.24453621948939
9.84720638126452
5.90206052690478
5.24453621948939
5.24453621948939
5.90206052690478
3.92948760606743
7.87463345196976
4.58701191254363
5.90206052690478
7.87463345196976
7.21710914314488
6.55958483478997
9.84720638126452
13.1348279394943
5.90206052690478
9.18968207102955
11.8197793147911
7.21710914314488
10.5047306919697
8.53215776126459
7.21710914314488
9.84720638126452
6.55958483478997
5.90206052690478
7.21710914314488
6.55958483478997
6.55958483478997
5.24453621948939
3.27196330006074
7.87463345196976
6.55958483478997
6.55958483478997
7.21710914314488
10.5047306919697
7.21710914314488
8.53215776126459
11.8197793147911
5.90206052690478
11.1622550031452
9.84720638126452
9.18968207102955
6.55958483478997
9.84720638126452
6.55958483478997
5.90206052690478
8.53215776126459
5.90206052690478
4.58701191254363
5.90206052690478
8.53215776126459
4.58701191254363
5.90206052690478
6.55958483478997
4.58701191254363
7.21710914314488
11.8197793147911
5.90206052690478
9.84720638126452
9.18968207102955
9.18968207102955
10.5047306919697
9.18968207102955
8.53215776126459
9.84720638126452
9.18968207102955
6.55958483478997
6.55958483478997
6.55958483478997
4.58701191254363
5.90206052690478
6.55958483478997
3.27196330006074
7.87463345196976
5.90206052690478
5.24453621948939
6.55958483478997
8.53215776126459
7.21710914314488
7.87463345196976
10.5047306919697
7.21710914314488
7.87463345196976
11.1622550031452
