0.0035773767518107
0.0783651569124402
0.450530750953902
0.674093234122367
0.760888103429863
0.756942881818681
0.674093234122367
0.621490289275151
0.600449112653799
0.584668230681281
0.585983304162845
0.617545068601338
0.65173698198695
0.705655003292541
0.763518251185431
0.824011652829995
0.858203578271677
0.856888504179146
0.82664180086973
0.79244987727747
0.749052438676124
0.708285150800045
0.668832939425705
0.639901319436134
0.639901319436134
0.659627423819927
0.692504265931952
0.728011257482571
0.777984064052482
0.833217171020948
0.859518652367179
0.858203578271677
0.839792541246275
0.810860912809112
0.783244359729231
0.74247706947191
0.696449487109163
0.675408307803899
0.66488771843413
0.672778160443784
0.70433992954321
0.741161995639935
0.787189581517865
0.833217171020948
0.859518652367179
0.867409097002479
0.851628207838708
0.825326726848381
0.796395099128254
0.758257955686119
0.729326331285023
0.701709782053392
0.692504265931952
0.693819339654738
0.714860519620451
0.746422290985571
0.785874507585362
0.830587022951569
0.86214880056707
0.872669393485388
0.866094022889179
0.839792541246275
0.813491060789588
0.783244359729231
0.747737364829369
0.721435888514613
0.699079634575376
0.706970077044822
0.721435888514613
0.747737364829369
0.78850465545333
0.824011652829995
0.866094022889179
0.879244764155843
0.870039245237997
0.859518652367179
0.818751356786088
0.795080025175032
0.764833325067649
0.730641405090417
0.714860519620451
0.706970077044822
0.721435888514613
0.751682586378486
0.78192928580561
0.83190209698477
0.867409097002479
0.884505060745667
0.881874912444808
0.852943281919373
0.833217171020948
0.808230764840481
0.776668990140685
0.74247706947191
0.717490667169265
0.713545445850464
0.720120814729881
0.733271552710079
0.780614211884938
0.821381504802112
0.860833726465636
0.885820134900548
0.879244764155843
0.871354319360208
0.846367911545748
0.816121208781915
0.791134803333129
0.751682586378486
0.726696183683082
0.717490667169265
0.71617559339338
0.737216774161716
0.767463472840959
0.806915690860613
0.85031313376102
0.87529954174466
0.879244764155843
0.871354319360208
0.84373776341706
0.834532245060082
0.797710173084432
0.770093620626092
0.74247706947191
0.722750962302307
0.724066036092943
0.738531847984838
0.759573029556513
0.800340321005685
0.835847319102179
0.880559838298844
0.883189986593756
0.872669393485388
0.866094022889179
0.839792541246275
0.813491060789588
0.779299137967229
0.749052438676124
0.731956478898773
0.729326331285023
0.733271552710079
0.756942881818681
0.785874507585362
0.82664180086973
0.860833726465636
0.881874912444808
0.880559838298844
0.866094022889179
0.847682985614533
0.818751356786088
0.789819729391745
0.752997660234101
0.73590170034155
0.724066036092943
0.729326331285023
0.750367512525827
0.783244359729231
0.818751356786088
0.851628207838708
0.873984467613546
0.879244764155843
0.872669393485388
0.851628207838708
0.825326726848381
0.797710173084432
0.767463472840959
0.74247706947191
0.729326331285023
0.731956478898773
0.747737364829369
0.779299137967229
0.810860912809112
0.848998059686295
0.872669393485388
0.881874912444808
0.87529954174466
0.856888504179146
0.835847319102179
0.808230764840481
0.777984064052482
0.749052438676124
0.73590170034155
0.730641405090417
0.745107217144728
0.772723768423056
0.802970468938774
0.842422689357171
0.866094022889179
0.883189986593756
0.87529954174466
0.864778948778842
0.85031313376102
0.821381504802112
0.787189581517865
0.758257955686119
0.73590170034155
0.738531847984838
0.74247706947191
0.764833325067649
0.796395099128254
0.835847319102179
0.86872417111875
0.883189986593756
0.883189986593756
0.86872417111875
0.848998059686295
0.830587022951569
0.80428554290976
0.770093620626092
0.747737364829369
0.739846921810901
0.741161995639935
0.760888103429863
0.789819729391745
0.83190209698477
0.860833726465636
0.885820134900548
0.88976535738302
0.876614615878751
0.86872417111875
0.839792541246275
0.813491060789588
0.787189581517865
0.758257955686119
0.743792143306841
0.73590170034155
0.758257955686119
0.780614211884938
0.813491060789588
0.852943281919373
0.876614615878751
0.879244764155843
0.8871352090584
0.866094022889179
0.842422689357171
0.822696578814579
0.789819729391745
0.764833325067649
0.747737364829369
0.743792143306841
0.755627807954198
0.775353916231857
0.810860912809112
0.847682985614533
0.873984467613546
0.895025654067915
0.885820134900548
0.876614615878751
0.858203578271677
0.830587022951569
0.806915690860613
0.777984064052482
0.751682586378486
0.750367512525827
0.750367512525827
0.771408694523096
0.800340321005685
0.83190209698477
0.86872417111875
0.881874912444808
0.884505060745667
0.876614615878751
0.858203578271677
0.839792541246275
0.810860912809112
0.78850465545333
0.762203177306169
0.745107217144728
0.749052438676124
0.764833325067649
0.793764951224773
0.829271948921324
0.858203578271677
0.881874912444808
0.891080431549788
0.881874912444808
0.864778948778842
0.84373776341706
0.820066430792622
0.795080025175032
0.763518251185431
0.752997660234101
0.749052438676124
0.766148398952822
0.789819729391745
0.818751356786088
0.855573430089585
0.884505060745667
0.88976535738302
0.885820134900548
0.871354319360208
0.85031313376102
0.83190209698477
0.795080025175032
0.774038842325972
0.752997660234101
0.752997660234101
0.754312734092672
0.774038842325972
0.806915690860613
0.841107615300238
0.873984467613546
0.888450283219228
0.885820134900548
0.87529954174466
0.860833726465636
0.835847319102179
0.810860912809112
0.783244359729231
0.758257955686119
0.751682586378486
0.751682586378486
0.770093620626092
0.797710173084432
0.83190209698477
0.864778948778842
0.879244764155843
0.881874912444808
0.873984467613546
0.859518652367179
0.834532245060082
0.810860912809112
0.784559433655822
0.758257955686119
0.749052438676124
0.752997660234101
0.766148398952822
0.79244987727747
0.827956874894049
0.860833726465636
0.883189986593756
0.891080431549788
0.892395505719527
0.87529954174466
0.856888504179146
0.837162393147246
0.805600616883702
0.779299137967229
0.764833325067649
0.771408694523096
0.771408694523096
0.795080025175032
0.82664180086973
0.860833726465636
0.885820134900548
0.895025654067915
0.895025654067915
0.883189986593756
0.864778948778842
0.84373776341706
0.818751356786088
0.784559433655822
0.772723768423056
0.764833325067649
0.763518251185431
0.780614211884938
0.809545838823318
0.847682985614533
0.872669393485388
0.893710579892236
0.892395505719527
0.885820134900548
0.870039245237997
0.839792541246275
0.816121208781915
0.791134803333129
0.767463472840959
0.762203177306169
0.759573029556513
0.771408694523096
0.806915690860613
0.829271948921324
0.872669393485388
0.892395505719527
0.891080431549788
0.88976535738302
0.86872417111875
0.85031313376102
0.827956874894049
0.795080025175032
0.775353916231857
0.762203177306169
0.758257955686119
0.772723768423056
0.79244987727747
0.82664180086973
0.856888504179146
0.881874912444808
0.891080431549788
0.885820134900548
0.873984467613546
0.858203578271677
0.830587022951569
0.810860912809112
0.783244359729231
0.762203177306169
0.759573029556513
0.758257955686119
0.78850465545333
0.817436282782516
0.846367911545748
0.87529954174466
0.885820134900548
0.891080431549788
0.880559838298844
0.855573430089585
0.845052837479919
0.820066430792622
0.785874507585362
0.768778546732044
0.752997660234101
0.767463472840959
0.779299137967229
0.806915690860613
0.842422689357171
0.872669393485388
0.885820134900548
0.891080431549788
0.880559838298844
0.870039245237997
0.848998059686295
0.824011652829995
0.795080025175032
0.768778546732044
0.762203177306169
0.763518251185431
0.768778546732044
0.801655394970744
0.834532245060082
0.866094022889179
0.877929690015812
0.888450283219228
0.88976535738302
0.87529954174466
0.847682985614533
0.834532245060082
0.808230764840481
0.779299137967229
0.766148398952822
0.759573029556513
0.771408694523096
0.793764951224773
0.82664180086973
0.858203578271677
0.884505060745667
0.896340728246578
0.888450283219228
0.871354319360208
0.852943281919373
0.837162393147246
0.805600616883702
0.787189581517865
0.760888103429863
0.756942881818681
0.767463472840959
0.784559433655822
0.817436282782516
0.85031313376102
0.877929690015812
0.892395505719527
0.895025654067915
0.884505060745667
0.863463874671474
0.838477467195283
0.806915690860613
0.787189581517865
0.766148398952822
0.759573029556513
0.760888103429863
0.777984064052482
0.808230764840481
0.841107615300238
0.870039245237997
0.88976535738302
0.893710579892236
0.88976535738302
0.87529954174466
0.852943281919373
0.829271948921324
0.799025247043581
0.774038842325972
0.760888103429863
0.758257955686119
0.766148398952822
0.796395099128254
0.83190209698477
0.860833726465636
0.888450283219228
0.888450283219228
0.883189986593756
0.872669393485388
0.851628207838708
0.824011652829995
0.805600616883702
0.783244359729231
0.763518251185431
0.762203177306169
0.767463472840959
0.78850465545333
0.818751356786088
0.852943281919373
0.879244764155843
0.88976535738302
0.891080431549788
0.876614615878751
0.858203578271677
0.838477467195283
0.813491060789588
0.79244987727747
0.770093620626092
0.763518251185431
0.771408694523096
0.784559433655822
0.813491060789588
0.847682985614533
0.873984467613546
0.893710579892236
0.896340728246578
0.885820134900548
0.86872417111875
0.845052837479919
0.829271948921324
0.802970468938774
0.780614211884938
0.770093620626092
0.764833325067649
0.78192928580561
0.810860912809112
0.837162393147246
0.87529954174466
0.892395505719527
0.892395505719527
0.896340728246578
0.86872417111875
0.854258356002994
0.833217171020948
0.805600616883702
0.787189581517865
0.767463472840959
0.766148398952822
0.78192928580561
0.801655394970744
0.839792541246275
0.864778948778842
0.88976535738302
0.900285950800374
0.891080431549788
0.8871352090584
0.866094022889179
0.838477467195283
0.821381504802112
0.789819729391745
0.775353916231857
0.772723768423056
0.771408694523096
0.793764951224773
0.824011652829995
0.854258356002994
0.884505060745667
0.893710579892236
0.896340728246578
0.8871352090584
0.864778948778842
0.85031313376102
0.825326726848381
0.799025247043581
0.779299137967229
0.766148398952822
0.775353916231857
0.793764951224773
0.820066430792622
0.85031313376102
0.87529954174466
0.897655802428197
0.904231173380929
0.885820134900548
0.87529954174466
0.855573430089585
0.821381504802112
0.805600616883702
0.783244359729231
0.771408694523096
0.768778546732044
0.780614211884938
0.810860912809112
0.841107615300238
0.872669393485388
0.891080431549788
0.896340728246578
0.897655802428197
0.883189986593756
0.859518652367179
0.84373776341706
0.813491060789588
0.787189581517865
0.771408694523096
0.767463472840959
0.777984064052482
0.800340321005685
0.833217171020948
0.860833726465636
0.8871352090584
0.897655802428197
0.884505060745667
0.877929690015812
0.856888504179146
0.839792541246275
0.816121208781915
0.789819729391745
0.776668990140685
0.763518251185431
0.775353916231857
0.795080025175032
0.821381504802112
0.851628207838708
0.881874912444808
0.90686132178282
0.897655802428197
0.885820134900548
0.86872417111875
0.845052837479919
0.822696578814579
0.802970468938774
0.775353916231857
0.772723768423056
0.776668990140685
0.789819729391745
0.817436282782516
0.842422689357171
0.873984467613546
0.897655802428197
0.896340728246578
0.88976535738302
0.872669393485388
0.854258356002994
0.827956874894049
0.812175986797868
0.78192928580561
0.768778546732044
0.774038842325972
0.783244359729231
0.810860912809112
0.838477467195283
0.867409097002479
0.888450283219228
0.902916099184431
0.893710579892236
0.879244764155843
0.86214880056707
0.834532245060082
0.817436282782516
0.795080025175032
0.780614211884938
0.768778546732044
0.774038842325972
0.800340321005685
0.834532245060082
0.858203578271677
0.896340728246578
0.902916099184431
0.902916099184431
0.895025654067915
0.871354319360208
0.845052837479919
0.830587022951569
0.801655394970744
0.783244359729231
0.768778546732044
0.777984064052482
0.787189581517865
0.818751356786088
0.854258356002994
0.8871352090584
0.901601024990917
0.905546247580382
0.896340728246578
0.881874912444808
0.86214880056707
0.829271948921324
0.812175986797868
0.789819729391745
0.776668990140685
0.779299137967229
0.783244359729231
0.810860912809112
0.847682985614533
0.879244764155843
0.8989708766128
0.8989708766128
0.904231173380929
0.891080431549788
0.86214880056707
0.847682985614533
0.822696578814579
0.797710173084432
0.785874507585362
0.774038842325972
0.785874507585362
0.812175986797868
0.839792541246275
0.870039245237997
0.892395505719527
0.90949147019662
0.90949147019662
0.891080431549788
0.872669393485388
0.848998059686295
0.818751356786088
0.799025247043581
0.779299137967229
0.776668990140685
0.784559433655822
0.80428554290976
0.837162393147246
0.86214880056707
0.88976535738302
0.901601024990917
0.902916099184431
0.901601024990917
0.883189986593756
0.856888504179146
0.83190209698477
0.809545838823318
0.789819729391745
0.779299137967229
0.774038842325972
0.795080025175032
0.824011652829995
0.854258356002994
0.880559838298844
0.897655802428197
0.902916099184431
0.902916099184431
0.884505060745667
0.863463874671474
0.833217171020948
0.812175986797868
0.785874507585362
0.775353916231857
0.775353916231857
0.793764951224773
0.813491060789588
0.841107615300238
0.871354319360208
0.893710579892236
0.895025654067915
0.900285950800374
0.888450283219228
0.866094022889179
0.842422689357171
0.816121208781915
0.78850465545333
0.775353916231857
0.771408694523096
0.774038842325972
0.797710173084432
0.829271948921324
0.858203578271677
0.884505060745667
0.897655802428197
0.902916099184431
0.8871352090584
0.870039245237997
0.847682985614533
0.82664180086973
0.799025247043581
0.783244359729231
0.777984064052482
0.777984064052482
0.78850465545333
0.817436282782516
0.848998059686295
0.872669393485388
0.885820134900548
0.892395505719527
0.885820134900548
0.87529954174466
0.851628207838708
0.83190209698477
0.809545838823318
0.785874507585362
0.775353916231857
0.774038842325972
0.787189581517865
0.813491060789588
0.841107615300238
0.870039245237997
0.892395505719527
0.893710579892236
0.891080431549788
0.876614615878751
0.856888504179146
0.839792541246275
0.817436282782516
0.791134803333129
0.783244359729231
0.777984064052482
0.78850465545333
0.810860912809112
0.838477467195283
0.866094022889179
0.892395505719527
0.900285950800374
0.901601024990917
0.888450283219228
0.872669393485388
0.846367911545748
0.821381504802112
0.797710173084432
0.784559433655822
0.780614211884938
0.78850465545333
0.801655394970744
0.833217171020948
0.859518652367179
0.88976535738302
0.905546247580382
0.895025654067915
0.901601024990917
0.885820134900548
0.858203578271677
0.839792541246275
0.802970468938774
0.79244987727747
0.780614211884938
0.775353916231857
0.793764951224773
0.822696578814579
0.852943281919373
0.884505060745667
0.897655802428197
0.90949147019662
0.902916099184431
0.892395505719527
0.870039245237997
0.839792541246275
0.822696578814579
0.799025247043581
0.780614211884938
0.785874507585362
0.78850465545333
0.810860912809112
0.845052837479919
0.864778948778842
0.892395505719527
0.900285950800374
0.897655802428197
0.895025654067915
0.866094022889179
0.846367911545748
0.827956874894049
0.797710173084432
0.78850465545333
0.78192928580561
0.78850465545333
0.802970468938774
0.834532245060082
0.864778948778842
0.88976535738302
0.900285950800374
0.904231173380929
0.896340728246578
0.879244764155843
0.863463874671474
0.833217171020948
0.812175986797868
0.793764951224773
0.78850465545333
0.78850465545333
0.796395099128254
0.833217171020948
0.86214880056707
0.8871352090584
0.900285950800374
0.8871352090584
0.8989708766128
0.885820134900548
0.858203578271677
0.847682985614533
0.817436282782516
0.799025247043581
0.787189581517865
0.783244359729231
0.79244987727747
0.820066430792622
0.846367911545748
0.871354319360208
0.892395505719527
0.895025654067915
0.891080431549788
0.877929690015812
0.859518652367179
0.841107615300238
0.817436282782516
0.793764951224773
0.780614211884938
0.775353916231857
0.785874507585362
0.80428554290976
0.830587022951569
0.858203578271677
0.879244764155843
0.8871352090584
0.888450283219228
0.884505060745667
0.863463874671474
0.845052837479919
0.825326726848381
0.796395099128254
0.78192928580561
0.780614211884938
0.78192928580561
0.801655394970744
0.825326726848381
0.858203578271677
0.884505060745667
0.893710579892236
0.895025654067915
0.8871352090584
0.873984467613546
0.854258356002994
0.830587022951569
0.80428554290976
0.787189581517865
0.78192928580561
0.783244359729231
0.796395099128254
0.821381504802112
0.854258356002994
0.881874912444808
0.895025654067915
0.8989708766128
0.892395505719527
0.881874912444808
0.860833726465636
0.837162393147246
0.820066430792622
0.799025247043581
0.787189581517865
0.787189581517865
0.795080025175032
0.816121208781915
0.845052837479919
0.872669393485388
0.895025654067915
0.8989708766128
0.897655802428197
0.881874912444808
0.860833726465636
0.842422689357171
0.812175986797868
0.800340321005685
0.787189581517865
0.784559433655822
0.795080025175032
0.810860912809112
0.838477467195283
0.867409097002479
0.891080431549788
0.90949147019662
0.902916099184431
0.896340728246578
0.879244764155843
0.855573430089585
0.830587022951569
0.810860912809112
0.795080025175032
0.791134803333129
0.791134803333129
0.808230764840481
0.833217171020948
0.855573430089585
0.879244764155843
0.896340728246578
0.893710579892236
0.892395505719527
0.883189986593756
0.855573430089585
0.841107615300238
0.816121208781915
0.796395099128254
0.787189581517865
0.780614211884938
0.79244987727747
0.820066430792622
0.847682985614533
0.879244764155843
0.895025654067915
0.897655802428197
0.897655802428197
0.881874912444808
0.871354319360208
0.847682985614533
0.822696578814579
0.801655394970744
0.78850465545333
0.783244359729231
0.78850465545333
0.810860912809112
0.845052837479919
0.866094022889179
0.892395505719527
0.838477467195283
0.525489927046742
0.390037387691351
0.337434468124975
0.304557645757839
0.270365752420169
0.254584879232958
0.245379370066381
0.230913570234073
0.228283424847639
0.219077916086249
0.208557334818188
0.201981971619603
0.196721681112756
0.196721681112756
0.188831245439182
0.183570955047898
0.18094080986959
0.179625737284759
0.171735301836442
0.173050374403942
0.166475011595296
0.166475011595296
0.158584576320145
0.166475011595296
0.153324286194419
0.158584576320145
0.146748923602154
0.153324286194419
0.145433851092356
0.148063996114836
0.144118778585437
0.142803706081402
0.142803706081402
0.134913271117732
0.13754341609409
0.133598198633869
0.134913271117732
0.134913271117732
0.121762546408839
0.133598198633869
0.124392691327564
0.128337908727268
0.125707763791247
0.115187184162423
0.120447473953796
0.116502256605948
0.116502256605948
0.115187184162423
0.107296749561762
0.111241966849136
0.108611821988006
0.107296749561762
0.108611821988006
0.103351532300294
0.109926894417129
0.0994063150647335
0.104666604717906
0.102036459885561
0.0967761702554171
0.100721387473712
0.0941460254576185
0.09809124265864
0.0954610978550861
0.0915158806713166
0.0954610978550861
0.0902008082824892
0.0888857358965325
0.0915158806713166
0.0875706635134534
0.0888857358965325
0.0902008082824892
0.0849405187559285
0.0836254463814754
0.0836254463814754
0.0862555911332521
0.0823103740099
0.0836254463814754
0.0849405187559285
0.0836254463814754
0.0796802292753895
0.0809953016412095
0.0783651569124402
0.0770500845523756
0.0783651569124402
0.0770500845523756
0.0770500845523756
0.0757350121951745
0.0770500845523756
0.0770500845523756
0.0783651569124402
0.0744199398408583
0.0717897951408375
0.0717897951408375
0.0744199398408583
0.0731048674894126
0.0757350121951745
0.0731048674894126
0.0691596504523275
0.0704747227951472
0.312448082960429
2.30347183419173
4.19324144650538
5.31500773425224
5.34130943584385
4.32211951045262
2.46391130642701
0.495243240813281
0.283516480394958
0.674093234122367
0.896340728246578
1.2763972910539
2.03651117640982
2.87684590261102
3.65537313878318
3.99203392137584
3.81318285354883
3.2503284209852
2.51519934433639
1.80374262859329
1.22116414179773
0.817436282782516
0.705655003292541
0.766148398952822
0.917381915509374
1.20012294347865
1.75903003726068
2.5270350460754
3.30950701300818
3.81186777239545
3.88156707809912
3.47389202550564
2.83213322415327
2.08648409764344
1.41579526286919
0.930532657935295
0.706970077044822
0.767463472840959
0.8989708766128
1.11595815789679
1.53020683123486
2.26007428006853
3.05964189139431
3.7329629092573
3.94074574121646
3.6461675735573
3.01624427691625
2.24560842945271
1.57228925298183
1.06993054597866
0.759573029556513
0.750367512525827
0.880559838298844
1.0830812918666
1.43946661995412
2.11541579093795
2.92155858477538
3.65931838107232
4.00123949271088
3.79740187992719
3.19114983554466
2.47311685133888
1.72746821022474
1.18434204524474
0.825326726848381
0.758257955686119
0.863463874671474
0.992341151326379
1.28165759126045
1.81294816254466
2.62303574744151
3.38841181263597
3.87893691545029
3.88419724076124
3.41865865560974
2.74007772132676
2.04703179103324
1.35793194968651
0.860833726465636
0.731956478898773
0.845052837479919
0.973930110053331
1.17119129704718
1.65382395401507
2.39947249637316
3.1766839601032
3.80660744781511
3.935485415333
3.55937225222073
2.92287366371875
2.21930688384919
1.57491940444473
1.03047831010987
0.752997660234101
0.801655394970744
0.921327138205903
1.12121845663545
1.48023395946264
2.17196410491571
2.968901428761
3.66589378495353
3.95784180070599
3.72770258547185
3.13197125667237
2.42445897284224
1.73667374292743
1.13042397954356
0.780614211884938
0.775353916231857
0.895025654067915
1.03047831010987
1.35661687445505
1.96812718620102
2.76111897773557
3.5383309643578
3.94863623014162
3.85263528969332
3.30556177333491
2.64802223413244
1.94445580692835
1.28034251620429
0.838477467195283
0.759573029556513
0.867409097002479
0.996286374532389
1.23168474124625
1.73535866681782
2.49021286372874
3.30819193311383
3.8539503709496
3.91444411233209
3.50939919491912
2.83476338160711
2.14434748574079
1.46839827994962
0.989711002537298
0.768778546732044
0.835847319102179
0.962094440972116
1.15672547437691
1.58149478315541
2.25612904804481
3.09646411249586
3.76715501515321
3.95258147464921
3.65931838107232
3.03202522722916
2.30741706655414
1.62489228456123
1.06993054597866
0.79244987727747
0.793764951224773
0.93579295498899
1.06861547140633
1.44867214797502
2.0707031746634
2.86238003564584
3.62118104018706
3.95915688222852
3.79477171770333
3.22665698601988
2.5138842663812
1.83267430723453
1.22379429164179
0.846367911545748
0.774038842325972
0.892395505719527
1.03573860807024
1.28823296658654
1.83267430723453
2.60593973089268
3.37263085177062
3.88156707809912
3.86841626498798
3.41471341512378
2.72429677955615
2.06281271334139
1.41579526286919
0.938423103533701
0.764833325067649
0.848998059686295
0.997601448940365
1.22510936656834
1.66039933364301
2.41262327332033
3.19904031322358
3.82107334053875
3.96441720835198
3.5883040244064
2.90446255880389
2.23508781106104
1.5946455408058
1.04757427865592
0.777984064052482
0.824011652829995
0.963409515302551
1.13305412897288
1.53152190686719
2.19432041668504
2.97416174501665
3.68825015876681
3.9538965561584
3.71060653353449
3.09120379504056
2.45470576166986
1.76560541811597
1.17382144666265
0.799025247043581
0.80428554290976
0.913436692839618
1.08176621726434
1.36319225064259
1.93393519424033
2.74796819238432
3.4896729893943
3.92101951942829
3.82370350289528
3.30687685322274
2.61383020000238
1.97207241617739
1.33689074634636
0.888450283219228
0.772723768423056
0.880559838298844
1.02653308667097
1.25930131571594
1.74982450419237
2.5138842663812
3.2976712940763
3.84737496470141
3.89603297290544
3.49098806973966
2.80977688631247
2.1667037963953
1.53283698250257
1.03179338459548
0.780614211884938
0.85031313376102
0.989711002537298
1.19223249430757
1.6104264503895
2.29426629212259
3.11487522399674
3.77110025828521
3.9538965561584
3.63959216992345
2.99257285231697
2.35607493468154
1.73141343850747
1.16724607264651
0.827956874894049
0.821381504802112
0.944998474947575
1.10412248591017
1.4644530535
2.04703179103324
2.82424275186857
3.56200241326275
3.90523854253723
3.743483556987
3.20035539284809
2.55465168446364
1.89316782194441
1.31190431838547
0.852943281919373
0.809545838823318
0.901601024990917
1.06072502403519
1.31058924325986
1.84977029986015
2.60593973089268
3.36342529148297
3.86315593983659
3.84605988346173
3.39367213302896
2.72824201495575
2.09042932845848
1.44735707253435
0.96603966397236
0.791134803333129
0.877929690015812
1.01075219318421
1.21984906688021
1.67486516909401
2.39158203035606
3.17931411924518
3.7684700961939
3.88814248477937
3.55411193017613
2.90314747990548
2.25612904804481
1.6183169053464
1.08702651569136
0.822696578814579
0.837162393147246
0.97261503569905
1.13305412897288
1.51311084829173
2.14434748574079
2.93076413744637
3.64222233136709
3.91838935657983
3.71455177623968
3.12276570054831
2.45996607294072
1.77218079904815
1.22905459136605
0.881874912444808
0.827956874894049
0.92527236092922
1.09228681416631
1.38291837965939
1.9352502708155
2.72166662263903
3.46205630289885
3.87762183413087
3.81581301586554
3.29898637394459
2.65196746897801
1.98916841306406
1.40527466003588
0.950258772132273
0.822696578814579
0.8989708766128
1.03442353357566
1.27376714096872
1.72746821022474
2.48363747428483
3.24375302227811
3.79477171770333
3.86447102111945
3.46600154373829
2.85317448414264
2.15881333370836
1.51179577270204
1.00549189545085
0.783244359729231
0.858203578271677
1.00286174660209
1.21195861743833
1.60385107134282
2.34686939173288
3.1240807799849
3.8000320421643
3.98151326862181
3.64090725064362
2.96627127065248
2.23508781106104
1.5946455408058
1.07519084429791
0.820066430792622
0.827956874894049
0.959464292320185
1.1106978592061
1.46971335543891
2.12330625300725
2.89920224322949
3.65800330030597
3.97230769763723
3.7684700961939
3.13986173347634
2.44813037265232
1.77086572285556
1.2040681681048
0.860833726465636
0.800340321005685
0.920012063970752
1.06598532227064
1.34215104710879
1.88790751605811
2.66511825200327
3.47389202550564
3.93154017095538
3.90260837976865
3.36868561162775
2.67826903534667
1.94182565373777
1.35004149834318
0.939738177810518
0.801655394970744
0.884505060745667
1.02784816114762
1.23299981619086
1.6867008529206
2.45865099511828
3.24506810201303
3.86184085855705
3.9538965561584
3.54490636672461
2.87553082377998
2.12462133002972
1.4973299414164
1.0396838315719
0.808230764840481
0.852943281919373
0.992341151326379
1.15541039960673
1.5394123607252
2.228512424668
3.02018951445095
3.73164782830599
3.98282835020438
3.73164782830599
3.07147760504365
2.35607493468154
1.67486516909401
1.13042397954356
0.841107615300238
0.830587022951569
0.934477880721097
1.06598532227064
1.39080883145696
1.97601764618166
2.79399594251084
3.54490636672461
3.95784180070599
3.82896382764814
3.27926017626205
2.56648738705767
1.83004415456914
1.27245206593066
0.896340728246578
0.810860912809112
0.90686132178282
1.06730039683699
1.29086311673812
1.78664663736962
2.57569293369719
3.34895941135407
3.90786870531912
3.935485415333
3.48441266804563
2.76374913484413
2.05360717527389
1.39475405739665
0.979190407500276
0.808230764840481
0.880559838298844
1.00286174660209
1.16856114744373
1.6104264503895
2.32056784129961
3.14380697192204
3.8000320421643
3.974937860759
3.6461675735573
2.98994269409258
2.25218381604927
1.6104264503895
1.10412248591017
0.82664180086973
0.85031313376102
0.964724589635964
1.1462048762995
1.4815490349793
2.1062102519989
2.89657208546155
3.61986595951631
3.96573228989119
3.76452485308177
3.18457443756807
2.47180177348486
1.82741400191609
1.25009579074503
0.881874912444808
0.81480613478427
0.929217583679311
1.09886218732738
1.36845255164711
1.90500351036935
2.65722778214995
3.44890550031359
3.90918378671505
3.88025199677304
3.35027449134947
2.69404997577891
2.02073025484751
1.42763094128874
0.956834143680169
0.808230764840481
0.896340728246578
1.03179338459548
1.24746564078048
1.70379684110855
2.45602083948285
3.23980778309286
3.84605988346173
3.95126639314335
3.55279684967319
2.85974987805748
2.17327918205361
1.5525631173991
1.05414965130817
0.824011652829995
0.864778948778842
1.00286174660209
1.16987622224396
1.57097417725495
2.24034812023182
3.01624427691625
3.73559307116988
3.98019818704257
3.71192161443291
3.05306649503545
2.39289710801771
1.70774206922552
1.14094457733284
0.833217171020948
0.830587022951569
0.960779366644651
1.06861547140633
1.39869928336362
1.97996287621383
2.76506421340319
3.54622144720782
3.95652671918679
3.84342972099235
3.27663001662636
2.57043262131273
1.90894873989998
1.32505506980781
0.897655802428197
0.806915690860613
0.917381915509374
1.05414965130817
1.30927416813726
1.79716724729185
2.57437785559632
3.33449353161989
3.88419724076124
3.91312903092284
3.46731662402466
2.77163960624643
2.07201825156128
1.43946661995412
1.00154667218218
0.806915690860613
0.885820134900548
1.01075219318421
1.20012294347865
1.63409781559044
2.32582815128573
3.14643713090203
3.80134712328783
3.98414343179029
3.64485249282394
2.97416174501665
2.23903304293443
1.58544001041847
1.08045114266506
0.835847319102179
0.85031313376102
0.975245184410589
1.11201293387428
1.48417918602173
2.11278563693978
2.89262684883371
3.63827708920656
3.96967753452881
3.77899074463864
3.19114983554466
2.45470576166986
1.7734958752438
1.20669831787061
0.876614615878751
0.827956874894049
0.929217583679311
1.08571144108011
1.34872642312988
1.88922259252505
2.64670715585694
3.43838485848112
3.90655362392651
3.86710118369514
3.34632925137304
2.66248809537277
1.94445580692835
1.34609627271237
0.950258772132273
0.810860912809112
0.908176395988235
1.0370536825678
1.24352041585625
1.69985161301917
2.45076052824987
3.23980778309286
3.85132020844036
3.95652671918679
3.55937225222073
2.88736653337482
2.15092287113379
1.5104806971154
1.04494412961595
0.829271948921324
0.872669393485388
1.00023159776526
1.15015010055601
1.52231637750483
2.20747118873597
2.9965180896777
3.71060653353449
3.96573228989119
3.71718193805966
3.06621728783388
2.36396540018877
1.69327623293156
1.15672547437691
0.866094022889179
0.839792541246275
0.962094440972116
1.10543756056337
1.41316511214266
1.99837395006627
2.77689992057851
3.55279684967319
3.94995131164082
3.8486900459444
3.25821889954097
2.57306277749862
1.88396228667583
1.28297266631963
0.917381915509374
0.817436282782516
0.923957286685145
1.06730039683699
1.28691789151529
1.77744110384925
2.51914457822092
3.34369909140506
3.88682740343666
3.93022508950283
3.47520710581167
2.76243405628825
2.0785936360974
1.46708320446337
1.00680696987971
0.821381504802112
0.88976535738302
1.03573860807024
1.20932846764845
1.65250887809866
2.33240353883905
3.13854665400093
3.78162090678295
3.9683624529796
3.64222233136709
2.96758634970514
2.27585520844548
1.59990584395148
1.09360188879253
0.835847319102179
0.864778948778842
0.992341151326379
1.11990338194628
1.4973299414164
2.12199117598792
2.93076413744637
3.6461675735573
3.97362277919645
3.78425106894051
3.1661633236649
2.48626763005291
1.76166018959357
1.20932846764845
0.87529954174466
0.830587022951569
0.943683400658841
1.06861547140633
1.33163044563232
1.87475675155861
2.69273489739204
3.45153566080445
3.92627984516519
3.8894575661254
3.36474037151427
2.68089919205354
1.93919550055958
1.33689074634636
0.93579295498899
0.81480613478427
0.905546247580382
1.04099890607842
1.23826011599946
1.68144054896702
2.43892482816029
3.22928714540848
3.84342972099235
3.95652671918679
3.57120797701339
2.87684590261102
2.15618317950435
1.5091656215318
1.0515195022383
0.829271948921324
0.880559838298844
0.996286374532389
1.16593099785231
1.54598773902404
2.20352595708786
3.01229903941054
3.70008588646606
3.96573228989119
3.70797637174756
3.05964189139431
2.34818446928754
1.69196115692323
1.16330084827289
0.864778948778842
0.838477467195283
0.951573846435892
1.12121845663545
1.41579526286919
1.9825930295841
2.74533803535237
3.52649524030446
3.92496476372597
3.81844317819551
3.2503284209852
2.57174769940409
1.92341458175039
1.3342605959833
0.93184773219425
0.813491060789588
0.917381915509374
1.08176621726434
1.30269879256962
1.7958521710408
2.56780246513952
3.34501417138743
3.88814248477937
3.91181394951692
3.45548090156529
2.75191342795618
2.11147055994538
1.48286411049899
1.0094371187464
0.816121208781915
0.892395505719527
1.03047831010987
1.21458876724025
1.63146766385251
2.32188291879143
3.12671093886778
3.75926452897864
3.93943065974059
3.59750958861758
2.97547682408861
2.32714322879011
1.6682897892976
1.1462048762995
0.824011652829995
0.852943281919373
1.00549189545085
1.13699935313936
1.48943948814308
2.09174440540306
2.9057776377055
3.61329055621201
3.95652671918679
3.75531928593604
3.18457443756807
2.50073348700335
1.86029091096581
1.26850684083458
0.877929690015812
0.829271948921324
0.951573846435892
1.10412248591017
1.37108270216753
1.9142090459841
2.67695395699801
3.46337138317539
3.92627984516519
3.87630675281476
3.33843877150826
2.66511825200327
1.98522318296678
1.37765807852161
0.958149217998688
0.821381504802112
0.916066841283147
1.04757427865592
1.25930131571594
1.72615313413663
2.45470576166986
3.26347921864318
3.84605988346173
3.96047196375438
3.54490636672461
2.89262684883371
2.15881333370836
1.54730281469295
1.06993054597866
0.833217171020948
0.881874912444808
1.01206726762502
1.18171189558118
1.5525631173991
2.23903304293443
3.02281967282354
3.72901766641325
3.9683624529796
3.71586685714801
3.04254586102908
2.37317094342365
1.69722146097492
1.14883502580084
0.863463874671474
0.845052837479919
0.975245184410589
1.11990338194628
1.40921988607563
1.99179856647775
2.75059834942903
3.53307064252348
3.94600606715324
3.82633366526508
3.25164350073636
2.57043262131273
1.8944828984237
1.30795909301769
0.929217583679311
0.824011652829995
0.933162806456188
1.07913606806878
1.30664401790114
1.79190694230611
2.55596676251697
3.34106893145014
3.8894575661254
3.91970443800239
3.46074122262558
2.7834753135655
2.0746484053664
1.46182290254878
0.998916523351312
0.827956874894049
0.901601024990917
1.03179338459548
1.20669831787061
1.61305660202957
2.33371861635914
3.11882046225798
3.78425106894051
3.95784180070599
3.62775644359019
2.993887931434
2.27848536321887
1.63146766385251
1.10806770987873
0.834532245060082
0.860833726465636
0.991026076930346
1.13699935313936
1.48549426154751
2.09568963625546
2.86764035086103
3.60671515299004
3.93811557826806
3.75400420492846
3.16879348275503
2.49021286372874
1.85240045261806
1.2763972910539
0.8989708766128
0.829271948921324
0.938423103533701
1.10280741125998
1.36845255164711
1.89053766899507
2.63881668627072
3.42654913666995
3.88288215942851
3.86052577728083
3.34632925137304
2.69010474062787
2.00626441047488
1.39212390676715
0.959464292320185
0.816121208781915
0.917381915509374
1.04888935318039
1.24483549082797
1.6959063849574
2.44681529485828
3.21745142826204
3.81318285354883
3.92364968229008
3.52386507943984
2.88210621796727
2.19037518513071
1.59070031347861
1.08045114266506
0.838477467195283
0.881874912444808
1.02916323562725
1.18828726976263
1.56439879866635
2.24166319753235
3.01361411857589
3.71455177623968
3.95915688222852
3.6856199970922
3.07279268435417
2.38500664209509
1.7379888190401
1.17513652147489
0.858203578271677
0.854258356002994
0.981820556241637
1.11595815789679
1.40921988607563
2.00626441047488
2.78479039217248
3.54753652769433
3.94995131164082
3.81449793470552
3.28583557540818
2.57306277749862
1.92867488797061
1.32900029529345
0.93579295498899
0.83190209698477
0.93184773219425
1.09360188879253
1.31584954378044
1.82609892559419
2.56780246513952
3.36211021145494
3.88288215942851
3.92364968229008
3.44233009914374
2.77163960624643
2.09042932845848
1.45130229886546
1.01601249096534
0.834532245060082
0.904231173380929
1.04494412961595
1.20538324298619
1.63146766385251
2.31399245388763
3.11882046225798
3.76715501515321
3.95258147464921
3.61197547556102
2.98205221949667
2.25744412538291
1.63804304322029
1.13831442786752
0.856888504179146
0.870039245237997
0.988395928147227
1.13962950259867
1.473658581925
2.10358009804435
2.88210621796727
3.57778337979106
3.92759492660775
3.73559307116988
3.16090300552352
2.49810333116573
1.81557831512992
1.26193146573475
0.872669393485388
0.842422689357171
0.959464292320185
1.10412248591017
1.35924702492098
1.88922259252505
2.67563887865253
3.40682293424015
3.90392346115127
3.8552654522092
3.36474037151427
2.65722778214995
1.97338749284238
1.37634300324473
0.967354738311734
0.82664180086973
0.920012063970752
1.05677980039
1.2264244414979
1.70248176507568
2.42708912832622
3.24375302227811
3.82764874645495
3.95521163767093
3.54490636672461
2.88473637566463
2.14303240867156
1.53283698250257
1.05414965130817
0.846367911545748
0.888450283219228
1.01075219318421
1.16724607264651
1.54204251203559
2.21010134318367
2.98336729858794
3.60013974985039
3.08725855698303
1.62752243626857
0.120447473953796
0.263790388541459
0.253269806486188
0.192776463262966
0.27431097078216
0.266420534084247
0.21381762542908
0.20987240746657
0.195406608493279
0.154639358721525
0.16121472140032
0.16121472140032
0.155954431251516
0.127022836257815
0.141488633580245
0.148063996114836
0.162529793944735
0.165159939042219
0.182255882457298
0.183570955047898
0.171735301836442
0.14937906863041
0.14017356108198
0.144118778585437
0.124392691327564
0.11781732905235
0.129652981199598
0.13754341609409
0.138858488586592
0.130968053674806
0.130968053674806
0.14017356108198
0.138858488586592
0.157269503784391
0.146748923602154
0.144118778585437
0.146748923602154
0.129652981199598
0.128337908727268
0.120447473953796
0.113872111721783
0.111241966849136
0.113872111721783
0.113872111721783
0.113872111721783
0.113872111721783
0.115187184162423
0.107296749561762
0.120447473953796
0.115187184162423
0.125707763791247
0.121762546408839
0.125707763791247
0.127022836257815
0.11781732905235
0.121762546408839
0.113872111721783
0.107296749561762
0.102036459885561
0.0994063150647335
0.103351532300294
0.0967761702554171
0.100721387473712
0.0967761702554171
0.100721387473712
0.100721387473712
0.0967761702554171
0.100721387473712
0.09809124265864
0.103351532300294
0.0994063150647335
0.107296749561762
0.100721387473712
0.102036459885561
0.0915158806713166
0.0967761702554171
0.0902008082824892
0.0954610978550861
0.0875706635134534
0.0994063150647335
0.0915158806713166
0.0928309530630358
0.0902008082824892
0.0928309530630358
0.0915158806713166
0.0875706635134534
0.0902008082824892
0.0888857358965325
0.0888857358965325
0.0941460254576185
0.0849405187559285
0.0862555911332521
0.0862555911332521
0.0836254463814754
0.0823103740099
0.0823103740099
0.0836254463814754
0.349270124621647
3.83948447731319
7.58221967748543
10.4201957265297
11.9759616806083
12.1982144429985
11.2671208435972
9.28132083443971
6.43809165288864
2.6966801325622
0.311133010086074
1.4986450169726
3.73822323309569
6.16849867129176
7.95044538974454
8.89731288549509
8.84470908297722
8.14376400792595
6.61299840045042
4.3089686861173
1.66171440957778
0.212502552772023
0.635956098638829
0.998916523351312
1.3000686423637
1.88001705732135
3.10040935062127
4.71532931478813
6.27633584572251
7.18243209522857
7.32840712635177
6.70242443163162
5.37944690563723
3.58435878265097
1.49075456368103
0.45579104370325
0.486037727918983
0.654367129252833
0.93579295498899
1.49469979031313
2.7887356280126
4.46546351764456
6.12510079084844
7.1627057431873
7.43887474803249
6.89048217010819
5.65298470657225
3.83816939609343
1.90763366338668
0.59255867161469
0.472886995461344
0.658312350173738
0.852943281919373
1.26061639072383
2.32845830629763
3.9538965561584
5.71084849170396
6.93651029936617
7.52172548163337
7.25344696950302
6.18954006927948
4.60880756516392
2.6966801325622
1.17119129704718
0.529435147104401
0.60833955379865
0.820066430792622
1.27771236610101
2.13382686927424
3.60145483047174
5.20322551806818
6.5432987113774
7.30079022505064
7.26396769254071
6.51305167967936
5.14667687711515
3.53570080343407
1.97470256951047
0.774038842325972
0.503133680551024
0.713545445850464
1.10938278454092
1.89711305139158
3.16221808505401
4.83500192449819
6.2513491811979
7.15876047287932
7.34418821354857
6.78395994539352
5.63062824596847
4.08540472393928
2.48232239640553
1.09754711268918
0.499188460668996
0.653052055618417
1.01732756541809
1.70774206922552
2.81635227969907
4.39313396770332
5.82263082331842
6.84182386693849
7.28763932024733
6.93651029936617
5.90285110065383
4.51149141840607
2.96101095447404
1.4986450169726
0.568887349131451
0.59255867161469
0.90686132178282
1.45524752522392
2.47706208491991
3.90655362392651
5.46887270843433
6.66165668002716
7.23503570476051
7.11010214182705
6.25529444393102
4.95072931041498
3.46337138317539
1.97338749284238
0.739846921810901
0.525489927046742
0.793764951224773
1.28954804166082
2.11804594494858
3.49361823044023
5.03752486738814
6.30921303787127
7.12456813160943
7.18900754609474
6.57880609887135
5.34788486146032
3.94600606715324
2.49021286372874
1.02916323562725
0.487352801180826
0.697764560840803
1.1462048762995
1.8655512165927
3.04649109875727
4.57330032026685
6.00016752047409
6.94966119426905
7.24029606604106
6.81157681615323
5.7358351283115
4.491765174713
3.03860062332992
1.52889175560556
0.537325587298803
0.617545068601338
1.00023159776526
1.66171440957778
2.70983091666977
4.19324144650538
5.63194333185809
6.68532827730516
7.18900754609474
6.96281208954073
6.12378570362335
4.88234494278564
3.52386507943984
2.02204533162729
0.70433992954321
0.562311981943715
0.854258356002994
1.47891888394904
2.39026695269757
3.79082647439242
5.19928026383945
6.43283130057429
7.12062286162428
7.11930777163665
6.38417304441631
5.19928026383945
3.95784180070599
2.44287006149508
1.00549189545085
0.495243240813281
0.741161995639935
1.28297266631963
2.08122378993363
3.30950701300818
4.82448125437298
6.16192323460939
6.96544226863934
7.16928119377486
6.62351910912462
5.5385722424644
4.3273798402813
2.86764035086103
1.35267164877885
0.497873387380828
0.655682202890191
1.09623203805396
1.79716724729185
2.9110379533441
4.38392838935513
5.77265754248677
6.78922030160393
7.18769245591408
6.84708422379521
5.90285110065383
4.66272597883798
3.27663001662636
1.75903003726068
0.624120436405711
0.593873745113868
0.942368326373092
1.56702895009264
2.57832308990844
3.9907188397699
5.39785809900525
6.55644959532486
7.13903412184056
7.03251184064415
6.2211021679884
5.01911368737762
3.77636058250758
2.23508781106104
0.856888504179146
0.504448753850887
0.80428554290976
1.36713747639144
2.26007428006853
3.55148176917355
5.04804554198449
6.33288461761621
7.0548683667821
7.14166430193081
6.48411973811608
5.37681673521212
4.11039127959933
2.659857938755
1.16461592306109
0.496558314095594
0.685928897362217
1.17513652147489
1.89974320437181
3.1293410977636
4.60486231560817
5.99227699921952
6.93651029936617
7.20478862855267
6.76817887711442
5.69638254477876
4.42206578644934
3.08199823961822
1.52363145311889
0.562311981943715
0.618860142156336
1.03179338459548
1.68144054896702
2.69799521095862
4.19192636438688
5.64903944874444
6.73267147541647
7.20084335788801
6.96149699999696
6.03172960678002
4.86787902005798
3.53175556207311
1.98653825966277
0.721435888514613
0.572832569479303
0.912121618622308
1.50127516809413
2.40210265173739
3.76583993411584
5.25188365613344
6.414420067931
7.12851340162795
7.10615687196425
6.36181655000632
5.26108925035827
4.00386965597951
2.57700801180123
1.04099890607842
0.492613094257429
0.739846921810901
1.29743849216987
2.09963486713588
3.37131577171973
4.80475499848099
6.13693657603588
7.00094968791563
7.18111700506648
6.66034159132421
5.57013429886228
4.35105132517937
3.00835380193384
1.40921988607563
0.518914560342537
0.649106834732834
1.13436920369204
1.82346877295963
2.97810698224219
4.40891495954336
5.83315151467361
6.83656351014058
7.2126791699824
6.87601618755873
5.89364549438498
4.7731929906609
3.43575469805573
1.90894873989998
0.658312350173738
0.596503892121028
0.976560258770839
1.59070031347861
2.57569293369719
4.00123949271088
5.476763221225
6.57880609887135
7.17848682475346
7.03251184064415
6.24608883093756
5.14010145416573
3.88814248477937
2.41393835103238
0.912121618622308
0.493928167533895
0.808230764840481
1.41448018750442
2.2745401310635
3.59882466923234
5.07829248268387
6.30000742384215
7.07853998385853
7.14955484229063
6.53803835790034
5.45046151241453
4.25110506305022
2.86369511444483
1.25404101571447
0.491298020983898
0.69513441338048
1.23299981619086
1.98522318296678
3.18062919882104
4.58645115142045
5.95939982871031
6.92072922596932
7.19821317746348
6.78001467827423
5.74898599019777
4.55751932333224
3.2503284209852
1.62883751212683
0.583353157202659
0.616229995049281
1.06335517314693
1.70248176507568
2.79794117841808
4.19192636438688
5.62142264484013
6.71820549771255
7.20084335788801
6.9680724477527
6.05277099879594
4.89286561412199
3.58041354092516
2.09042932845848
0.749052438676124
0.560996908514973
0.883189986593756
1.4973299414164
2.4007875740537
3.80923761009865
5.27950043932076
6.44203691716249
7.12062286162428
7.07853998385853
6.37233725312776
5.23873280753724
3.99597916621368
2.56517230897899
1.02390293772664
0.499188460668996
0.737216774161716
1.30269879256962
2.10752532898084
3.35553481136372
4.81133041702576
6.14351201237683
7.02067603312147
7.20084335788801
6.66165668002716
5.56750412741827
4.41680545564629
3.00440856448613
1.46708320446337
0.520229633677523
0.639901319436134
1.14225965207
1.84582507074644
2.95049032227153
4.41943562104104
5.81868556411888
6.82078244009957
7.18637736573712
6.85497475919056
5.88575497486494
4.7731929906609
3.43575469805573
1.90105828086656
0.649106834732834
0.593873745113868
0.964724589635964
1.60779629876166
2.58884371488032
4.0064998192615
5.46755762298152
6.5880117182848
7.18769245591408
7.04566273824288
6.26186988189166
5.04673045764782
3.75400420492846
2.31399245388763
0.879244764155843
0.512339193711526
0.801655394970744
1.37108270216753
2.23245765649444
3.60540007235553
5.0651416386763
6.36444672576496
7.1140474117232
7.17191137403589
6.51173659138832
5.30974739410171
4.07488406928632
2.62172066922638
1.18828726976263
0.512339193711526
0.724066036092943
1.17908174592965
1.95366134319291
3.08068316028509
4.64826006241075
6.06197660809122
6.99831950861766
7.26659787333738
6.79842592511342
5.68323168430936
4.42732611730663
3.01361411857589
1.54861789036491
0.562311981943715
0.639901319436134
1.03179338459548
1.70379684110855
2.73218725038405
4.22743358276703
5.65956013635598
6.76160343215396
7.24818660807356
6.99305915006605
6.09616887272552
4.85472818157606
3.50808411452784
2.02073025484751
0.766148398952822
0.59255867161469
0.91475176705989
1.50785054595124
2.44287006149508
3.81055269124539
5.2426780620795
6.4683386798228
7.16007556297826
7.14692466215585
6.41573515595339
5.2413629772286
4.04989751534416
2.54676121621021
1.08702651569136
0.501818607254087
0.755627807954198
1.28691789151529
2.12199117598792
3.34369909140506
4.85735834924491
6.17638919542924
7.02067603312147
7.21004898949095
6.65902650262492
5.60827178638547
4.37603789376011
2.95969587543747
1.44998722341872
0.526805000396358
0.662257571121138
1.13831442786752
1.8550306053883
2.97547682408861
4.44310711020393
5.77265754248677
6.78659012349139
7.17059628390352
6.8576049376851
5.91205670709731
4.75741198749201
3.42391897630346
1.86686629300714
0.66357264477616
0.595188818615981
0.996286374532389
1.60779629876166
2.63881668627072
4.02885620769798
5.43205031708283
6.5880117182848
7.17322646417198
7.040402379159
6.22636251797487
5.04278520465861
3.836854314877
2.3179376863254
0.916066841283147
0.520229633677523
0.825326726848381
1.39343898208039
2.28243059540246
3.56200241326275
5.05067571066819
6.31578847657187
7.04960800759464
7.13903412184056
6.53146291613591
5.4123240371334
4.17483029715221
2.7887356280126
1.23168474124625
0.499188460668996
0.708285150800045
1.21327369233779
1.93919550055958
3.15695776695151
4.65220531230445
5.95282439487637
6.90231797434358
7.18374718539437
6.76028834317287
5.72399935291691
4.47861434600899
3.15432760791971
1.58544001041847
0.578092863317501
0.613599847953985
1.02653308667097
1.69064608091798
2.77953007776372
4.22217325396335
5.67271099618861
6.76686378811499
7.21399426023371
6.95886682092049
6.02252399806124
4.8073851658886
3.47389202550564
2.01810010129727
0.752997660234101
0.566257202247563
0.905546247580382
1.48943948814308
2.40473280711422
3.80660744781511
5.29133620401504
6.45913306272654
7.14823975222139
7.10221160213482
6.37496742894432
5.16377297719023
3.86841626498798
2.45733591729898
0.993656225725402
0.513654267031875
0.771408694523096
1.30795909301769
2.11015548295408
3.38841181263597
4.84420751103823
6.13693657603588
6.99568932933447
7.16139065308092
6.61957384334443
5.5109554447801
4.25373522759349
2.88868161223473
1.32900029529345
0.529435147104401
0.66488771843413
1.14094457733284
1.83793461260229
2.97679190316379
4.41812053834197
5.84630237918766
6.85365966994882
7.21136407973481
6.86944074109253
5.85156272509287
4.66141089550933
3.29635621421127
1.81031800997172
0.643846540259922
0.593873745113868
0.943683400658841
1.60779629876166
2.58489848049208
4.04069194314362
5.49122916166979
6.60510786909799
7.18637736573712
7.01541567431861
6.19874568118873
4.96914048790894
3.65537313878318
2.21799180660187
0.842422689357171
0.534695440555616
0.83190209698477
1.40921988607563
2.27322505368465
3.60540007235553
5.03883995170056
6.32893935424408
7.09300597266252
7.17059628390352
6.52488747446244
5.34656977633002
4.08803488763601
2.67826903534667
1.22116414179773
0.512339193711526
0.713545445850464
1.20538324298619
1.98522318296678
3.15301252840867
4.65220531230445
6.01857873723544
6.92467449426878
7.20347353832739
6.74450727568564
5.7042730612303
4.40628479420281
2.98731253588107
1.52626160435613
0.563627055375399
0.642531466649054
1.03310845908408
1.69853653699551
2.73613248584105
4.25242014532017
5.64509419094843
6.76817887711442
7.23898097571534
6.97333280602372
6.05671625990099
4.76530248901472
3.41865865560974
1.97864779953333
0.776668990140685
0.576777789853551
0.867409097002479
1.49206963922202
2.45076052824987
3.78819631220171
5.27029484475403
6.4933253556954
7.15218502244027
7.09826633233875
6.33419970541416
5.11511484774987
3.87499167150199
2.3942121856825
1.01206726762502
0.516284413681355
0.775353916231857
1.28297266631963
2.14303240867156
3.34895941135407
4.88760527842626
6.20532111837474
7.03908728939729
7.20215844810584
6.66954721232157
5.51884595824581
4.24452965175099
2.90314747990548
1.35793194968651
0.541270807435552
0.678038455175802
1.11858830726012
1.83661953625572
2.98073714040863
4.39970938091074
5.81737047772614
6.84182386693849
7.19821317746348
6.86549547325695
5.85156272509287
4.63247906314334
3.35027449134947
1.77875618005721
0.668832939425705
0.616229995049281
0.988395928147227
1.60385107134282
2.63092621679892
3.98808867656805
5.46229728120539
6.62483419772532
7.18769245591408
7.05092309738595
6.20532111837474
5.07040197623774
3.80792252895522
2.29163613727394
0.90686132178282
0.52154470701543
0.824011652829995
1.40921988607563
2.26533458947737
3.58567386323283
5.09670366487692
6.30000742384215
7.10221160213482
7.17454155431177
6.52620256278986
5.40311844009369
4.14852865636137
2.77426976340608
1.23299981619086
0.512339193711526
0.713545445850464
1.21721891705421
1.98653825966277
3.20956095031053
4.63773939617784
6.00279769425423
6.93914047831725
7.18506227556389
6.76291852113872
5.71479375003065
4.52595733093379
3.22139666728163
1.60516614714604
0.605709406738619
0.620175215714269
1.08702651569136
1.7340435907113
2.81372212233483
4.20770735003086
5.65298470657225
6.74450727568564
7.22319989209699
6.97859316435379
6.06066152103829
4.93494830167291
3.64879773503392
2.16275856503778
0.797710173084432
0.572832569479303
0.888450283219228
1.50653547037374
2.44287006149508
3.82501858407851
5.30711722404741
6.46307832717458
7.1666510135287
7.12062286162428
6.41310497991224
5.24925348638631
3.9986093294556
2.58884371488032
1.07519084429791
0.511024120394104
0.758257955686119
1.33163044563232
2.12725148408399
3.40945309452162
4.8336868407205
6.15403271070918
7.03777219963926
7.1968980872568
6.66428685744401
5.55698344178321
4.3418457475889
3.01229903941054
1.43552139370501
0.558366761666271
0.649106834732834
1.15015010055601
1.85766075817089
3.00440856448613
4.40891495954336
5.81737047772614
6.84971440224562
7.21530935048873
6.87733127686301
5.88575497486494
4.7679326562164
3.43969993869872
1.92867488797061
0.697764560840803
0.597818965629017
0.976560258770839
1.61963198118325
2.60199449638068
4.01702047252309
5.4715028793505
6.5814362758284
7.1798019149081
7.02988166116879
6.2513491811979
5.09801874934529
3.8486900459444
2.39026695269757
0.923957286685145
0.518914560342537
0.810860912809112
1.41974048898173
2.28769090502448
3.55148176917355
5.04410028898489
6.3223639153628
7.09432106257601
7.16796610364992
6.53146291613591
5.39391284322571
4.24058440501188
2.80057133570556
1.29743849216987
0.511024120394104
0.70039470831292
1.2264244414979
2.01283979423405
3.15827284647228
4.63379414639684
5.99490717295674
6.91546886828829
7.20610371878167
6.76686378811499
5.72925969750128
4.59697181658874
3.22928714540848
1.69327623293156
0.597818965629017
0.626750583548038
1.0580948749354
1.76560541811597
2.79925625706023
4.23532407607353
5.65956013635598
6.70505460927517
7.19952826767388
6.94966119426905
6.08696326277786
4.91785220942959
3.62249612086109
2.14697763988863
0.780614211884938
0.56494212881001
0.88976535738302
1.5394123607252
2.47706208491991
3.84342972099235
5.24793840151798
6.46307832717458
7.14823975222139
7.12062286162428
6.39600883599817
5.22821212891126
3.96441720835198
2.55465168446364
1.09886218732738
0.516284413681355
0.780614211884938
1.34215104710879
2.15881333370836
3.38972689272932
4.87971477498598
6.19874568118873
7.01804585371265
7.17454155431177
6.61431348902192
5.5175308726594
4.34316083009168
2.92681890056811
1.42763094128874
0.541270807435552
0.679353528866166
1.14751995104867
1.87081152226899
2.98468237768243
4.44968252405528
5.84761746565862
6.83656351014058
7.21662444074747
6.85628984843599
5.88707006144271
4.62590364692702
3.26610937821379
1.79979739980319
0.658312350173738
0.610969700870449
0.979190407500276
1.64987872627506
2.62698098210592
4.07619915110622
5.46361236664415
6.62877946354931
7.18637736573712
7.03382693038738
6.19348533150471
4.97308574031714
3.6921954013035
2.2508687387237
0.916066841283147
0.551791394595831
0.833217171020948
1.42894601668386
2.31399245388763
3.59224926619144
5.08881315813952
6.35392602281721
7.07327962440455
7.14034921188384
6.45913306272654
5.30448705400708
4.10513095199142
2.64670715585694
1.20275309322641
0.529435147104401
0.739846921810901
1.21327369233779
2.01152471747601
3.16879348275503
4.69691814658295
6.00016752047409
6.96544226863934
7.21793953100994
6.74056200889628
5.69901271691511
4.415490372954
3.02676491040661
1.54598773902404
0.59255867161469
0.65173698198695
1.04494412961595
1.69327623293156
2.77426976340608
4.21428276085879
5.68586185637493
6.80500137058744
7.25739224061422
7.00489495689029
6.0554011728624
4.81133041702576
3.47389202550564
1.96155180296905
0.768778546732044
0.575462716392529
0.905546247580382
1.51179577270204
2.46917161778628
3.81318285354883
5.29659654396995
6.47228394434709
7.1666510135287
7.12193795161563
6.35655619853244
5.19401992491655
3.89208772882743
2.47443192919607
1.01601249096534
0.526805000396358
0.78850465545333
1.31190431838547
2.1285665611158
3.3870967325459
4.90075611776894
6.21584181805957
7.06801926500982
7.22056971154603
6.67875283349802
5.53725715682518
4.25110506305022
2.91235303226177
1.37897315380151
0.541270807435552
0.685928897362217
1.12647875542209
1.86029091096581
2.9965180896777
4.45231268961957
5.87786445547313
6.83393333176367
6.64193034986656
5.25714399566956
2.93470937435356
0.947628623533966
0.27431097078216
0.162529793944735
0.71617559339338
0.775353916231857
1.0396838315719
0.621490289275151
0.127022836257815
0.226968352158764
0.392667533791901
0.446585531422549
0.390037387691351
0.276941116371326
0.162529793944735
0.116502256605948
0.14937906863041
0.269050679638625
0.278256189170257
0.278256189170257
0.226968352158764
0.167790084151257
0.166475011595296
0.195406608493279
0.215132698089043
0.167790084151257
0.146748923602154
0.121762546408839
0.120447473953796
0.141488633580245
0.183570955047898
0.201981971619603
0.183570955047898
0.200666898988558
0.179625737284759
0.145433851092356
0.141488633580245
0.141488633580245
0.128337908727268
0.11255703928402
0.119132401501631
0.127022836257815
0.132283126152899
0.129652981199598
0.144118778585437
0.152009213670198
0.157269503784391
0.15989964885879
0.134913271117732
0.134913271117732
0.132283126152899
0.138858488586592
0.115187184162423
0.119132401501631
0.11781732905235
0.107296749561762
0.11781732905235
0.108611821988006
0.116502256605948
0.119132401501631
0.119132401501631
0.132283126152899
0.121762546408839
0.130968053674806
0.144118778585437
0.138858488586592
0.130968053674806
0.127022836257815
0.127022836257815
0.121762546408839
0.121762546408839
0.11781732905235
0.105981677138395
0.108611821988006
0.104666604717906
0.103351532300294
0.104666604717906
0.0994063150647335
0.107296749561762
0.103351532300294
0.107296749561762
0.111241966849136
0.116502256605948
0.116502256605948
0.116502256605948
0.123077618866766
0.119132401501631
0.11781732905235
0.119132401501631
0.113872111721783
0.115187184162423
0.104666604717906
0.104666604717906
0.0967761702554171
0.0941460254576185
0.0915158806713166
0.0967761702554171
0.276941116371326
4.73505556718122
10.1558607527253
14.742951774355
17.9571047672309
19.8337944753374
20.5899968764805
20.1809897968248
18.7764291308735
16.240869756641
12.8728641176412
8.6237731806392
4.96651031965408
3.45285074105478
5.09538858041201
7.2863242297875
9.23266227434521
10.2321364993883
10.1716419405665
9.1445508414719
7.48753311358112
5.1861294166366
2.44944545044952
0.545216027598677
1.18039682075391
3.09120379504056
5.6056416147369
7.65191952170949
9.04723375710009
9.62850639415137
9.29447179755858
8.2121488450289
6.72083567544394
4.7968644963406
2.59410402744239
0.918696989738578
0.471571922231654
0.834532245060082
1.40132943402343
2.35475985710801
4.12222701691325
6.26186988189166
8.19373754171213
9.41677577357656
9.80998986581454
9.19715467985858
8.27395822595278
6.65508123654897
4.37603789376011
1.85371552900163
0.319023447375763
0.689874118495212
1.27245206593066
2.14566256281315
3.66326362339115
5.83052134181348
7.87680022352826
9.4404475148423
10.0756397235823
9.71004243717791
8.49489395497299
6.55381941850624
4.14984373836901
1.53152190686719
0.303242572900899
0.492613094257429
0.816121208781915
1.49075456368103
2.99783316880439
5.28870603405854
7.49805384194233
9.19452448778908
10.1598060496306
10.0545981446688
9.06696019137765
7.27054314456033
4.8363170082793
2.38895187504223
0.637271172234989
0.516284413681355
0.766148398952822
1.26982191586358
2.56648738705767
4.64826006241075
7.02725148170821
8.88416193427826
10.0703793287566
10.2597535834562
9.4233512571321
7.95965103636032
5.80158944129047
3.40156261371646
1.3605621001585
0.475517141929494
0.678038455175802
1.20143801835102
2.3179376863254
4.13669291844363
6.34866567143016
8.33708270885371
9.68900087621135
10.2610686827424
9.97700733139232
8.94334121784075
7.71504391807179
6.09090852416248
3.91444411233209
1.38423345495141
0.278256189170257
0.977875333134058
2.23508781106104
3.87630675281476
6.06986713048405
8.02935093822324
9.34839075049334
10.0756397235823
9.925718496452
9.03934318363709
7.89258132957108
6.55776468373963
4.46677860046572
1.97601764618166
0.29666720865972
0.718805740948092
1.75113958033577
3.2976712940763
5.33736418051594
7.45465583899951
8.97621860103011
9.96254124911979
10.0388169611649
9.40757009676594
8.32919214800608
7.0824852534879
5.35051503173139
2.84396893279641
0.675408307803899
0.409763483729542
1.39343898208039
2.66117301706229
4.75741198749201
7.00094968791563
8.71056941486511
9.80209927849859
10.1032567974829
9.66664421880973
8.67637695693435
7.41520311259328
5.78054806017191
3.37920625207403
1.04231398058794
0.303242572900899
1.1462048762995
2.34555431418136
4.29187261498604
6.399954099924
8.32524686763426
9.51935332838576
10.0927360072145
9.80867476791848
9.00515070026728
7.8702247628385
6.51173659138832
4.45362777240679
1.81294816254466
0.308502864346075
0.784559433655822
1.93919550055958
3.53044048162602
5.79632909592561
7.89258132957108
9.30762276107397
10.0848454146836
10.0427622569862
9.29184160490309
8.24108089461786
6.9115236000662
4.95993489907737
2.54281598212625
0.480777434900851
0.483407581404073
1.53809728507458
3.01624427691625
5.2163763657236
7.32051658295497
8.99989031844633
10.0282961724867
10.1808476337444
9.5943138645626
8.60010148333547
7.46780674855093
5.81605539133696
3.40287769384248
1.04625920413444
0.288776771666058
1.21590384214573
2.48495255216729
4.54042324387308
6.74450727568564
8.63034865233586
9.86390888302122
10.212410011869
9.86127868690273
8.83550341818042
7.69926281816573
6.18033445754655
3.93417033387046
1.48417918602173
0.275626043575294
0.944998474947575
2.10226502107174
4.00255457434353
6.16981375863902
8.197682820931
9.52198352241786
10.1716419405665
9.97306203617854
9.16559237606808
8.12140742881228
6.84576913457551
4.81922091939286
2.36528047778431
0.39792782602796
0.579407936784385
1.6959063849574
3.27136969739406
5.45703693948544
7.62298750961489
9.16822256796368
10.0664340326799
10.1571758516897
9.46411925739839
8.38574117047974
7.19558299705383
5.40311844009369
2.91761334796457
0.730641405090417
0.399242899094268
1.4250007905076
2.76769437053091
4.93757846976208
7.12851340162795
8.83024303838258
9.91388261233875
10.2268761026268
9.71924812042391
8.76974867520193
7.6466591557384
6.20926638072955
3.91444411233209
1.35924702492098
0.278256189170257
1.01075219318421
2.33503369388237
4.19981685714833
6.52094220950202
8.44492038768397
9.67979519361148
10.276849874495
9.95202046231989
9.07485076533676
7.95439066684275
6.61825875475834
4.63642431291409
2.0707031746634
0.357160562416929
0.718805740948092
1.90631858687647
3.5278103207417
5.85813815755446
7.97937742259388
9.45622867640292
10.2531780870865
10.1637513465726
9.37600777775216
8.3134110267267
7.12325304161067
5.3058021390255
2.91498319010675
0.672778160443784
0.420284068551368
1.46839827994962
2.97547682408861
5.14010145416573
7.39679184142349
9.05512433070482
10.0822152172058
10.2715894771789
9.70741224200091
8.66454110672533
7.46649165757892
5.860768330564
3.61723579818471
1.0830812918666
0.305872718617685
1.16330084827289
2.51914457822092
4.4983405891924
6.79185047973115
8.69741846919558
9.84681260853932
10.2636988813271
9.84286731452487
8.86969588839212
7.7847437825025
6.37496742894432
4.31291393338245
1.72220790589075
0.328228957679194
0.851628207838708
2.10884040596591
3.93811557826806
6.1553477980169
8.2213544969693
9.52329861943989
10.191368426192
10.058543440636
9.20373016010151
8.06354334682801
6.81289190527741
4.85604326540876
2.2811155180048
0.418968995438433
0.59255867161469
1.78138633248238
3.27926017626205
5.53199681430353
7.64797424722553
9.19978487194388
10.1019416986851
10.1690117425523
9.51540803736756
8.47648264005878
7.23372061444968
5.52410630062667
3.04517601951131
0.833217171020948
0.379516803405615
1.38949375614978
2.8110919649834
4.87576952331234
7.1140474117232
8.83681851313965
9.92440339820104
10.2544931863523
9.7915784956361
8.74476187542977
7.5716989472005
6.08696326277786
3.79477171770333
1.24483549082797
0.292721990149836
1.0515195022383
2.34818446928754
4.23269391162456
6.51568185627237
8.46859207675626
9.72845380386667
10.276849874495
9.99015831570126
9.12613949952927
8.04644714220303
6.71557531999579
4.71532931478813
2.10094994410226
0.395297679904111
0.696449487109163
1.95497641981453
3.59487942739793
5.91600196705514
8.00173399469487
9.4417626116171
10.2216157059306
10.195313723427
9.40625500009463
8.28579406582144
7.06144381584969
5.32026807445869
2.78610547078266
0.639901319436134
0.441325238754949
1.54204251203559
3.00177840620378
5.26503450507837
7.43229929362212
9.04723375710009
10.0453924542206
10.1887382280557
9.5772176007826
8.56985431638931
7.44282002072367
5.86997393620953
3.52518015987051
1.09623203805396
0.311133010086074
1.20143801835102
2.57174769940409
4.48387467744983
6.77738450021304
8.61193733183001
9.84155221652811
10.2229308050985
9.8257710408813
8.87495626865953
7.75186648663576
6.27239058281626
4.05252767886014
1.58280985890671
0.291406917319016
0.897655802428197
2.11015548295408
3.9683624529796
6.15929305996161
8.21872431068142
9.5943138645626
10.2597535834562
10.0467075528439
9.18926410369753
8.15823003029502
6.95097628377962
5.02174385590903
2.60593973089268
0.516284413681355
0.518914560342537
1.7379888190401
3.27136969739406
5.56750412741827
7.67427607775991
9.29184160490309
10.1979439216041
10.2216157059306
9.6140403236105
8.4883184852737
7.27185823497543
5.64903944874444
3.2082458706633
0.91475176705989
0.350585197580259
1.35793194968651
2.75191342795618
4.92179746143402
7.16796610364992
8.87758645881673
9.98226772506734
10.2518629878247
9.74686517134269
8.7605430119641
7.67296098619735
6.16192323460939
4.00123949271088
1.39606913271594
0.315078228717852
1.00154667218218
2.34818446928754
4.20113193928702
6.52225729781852
8.49357886102539
9.75870105085034
10.2492327893135
9.99147341415441
9.10904325413211
7.96622649834296
6.57354574500099
4.58776623455456
1.98785333636187
0.366366073310431
0.750367512525827
1.94182565373777
3.60013974985039
5.89101532119738
7.9741170528478
9.42992674078716
10.207149615352
10.112462489181
9.36548700525648
8.34891855038519
7.12325304161067
5.26766467490922
2.85317448414264
0.616229995049281
0.451845824136861
1.53678220942701
3.05043633651449
5.19928026383945
7.43624456625711
9.06433000008946
10.0887907109308
10.2163553092995
9.6653291213516
8.59352601208554
7.4059974769167
5.72399935291691
3.31871257235982
0.96603966397236
0.333489249345057
1.31716461891814
2.61514527819844
4.66272597883798
6.77606941118795
8.64481469041058
9.79815398489497
10.2216157059306
9.81525025743903
8.95912236146543
7.86364930224367
6.34735058359244
4.08540472393928
1.57360432871175
0.29403706298357
0.922642212444039
2.13514194632163
3.99334900298512
6.25003409362741
8.20294319327652
9.4956815828153
10.1861080299357
10.0217206796944
9.21425092869585
8.10694140762221
6.74450727568564
4.79291924531675
2.19958072546789
0.379516803405615
0.642531466649054
1.79716724729185
3.35684989137543
5.61090195804816
7.64402897277548
9.15375651273335
10.0467075528439
10.1229832799368
9.477270226043
8.4370298249382
7.26133751175894
5.49254424718587
2.99257285231697
0.775353916231857
0.367681146306857
1.42105556435865
2.77689992057851
4.94941422633416
7.14955484229063
8.81840718406619
9.98621302036609
10.2110949127336
9.7613312463407
8.7579128225027
7.5098896616358
5.97649595709641
3.64353741209386
1.23694504104279
0.297982281502158
1.09491696342175
2.41130819561143
4.33527033512568
6.5774910103983
8.43439963738718
9.65612343925701
10.1900533271218
9.91782790700682
9.05643942631938
7.87943040783075
6.48017447349373
4.39707921561761
1.80900293368988
0.319023447375763
0.775353916231857
1.97338749284238
3.64485249282394
5.91074162045184
7.99515853219788
9.37206248803647
10.116407785684
10.0559132433205
9.33260959284623
8.28053369250802
6.99831950861766
5.10853942521717
2.68089919205354
0.54916124778817
0.474202068693955
1.60122091974554
3.08462839829416
5.33736418051594
7.43755965714292
9.0524941394875
10.0269810739201
10.2203006067667
9.59036857286106
8.61588261473144
7.44676529344856
5.86602867662581
3.5278103207417
1.15672547437691
0.324283738960297
1.19880786860929
2.51651442229473
4.610122648356
6.82604279672113
8.69215809103682
9.9546506589956
10.32156325432
9.8257710408813
8.9328204557382
7.71898919313332
6.17901937017051
4.08014439658601
1.51179577270204
0.297982281502158
0.973930110053331
2.17985456779002
4.05515784238949
6.20663620582274
8.23187524227436
9.52066842539981
10.2084647144751
10.0059394974063
9.17742823972277
8.04776223484357
6.77738450021304
4.75478182034521
2.32977338380829
0.415023776117131
0.626750583548038
1.80768785741112
3.37263085177062
5.59643601407804
7.70715336805076
9.21688112088399
10.0480226514712
10.0467075528439
9.41940596698684
8.3778506087764
7.11799268165273
5.39785809900525
2.89525700658239
0.739846921810901
0.413708703015864
1.44209677080206
2.8465990903079
4.97045557204156
7.18243209522857
8.86969588839212
9.90599202311166
10.2097798136023
9.73765948750624
8.7605430119641
7.60457623014061
6.03041451980946
3.71060653353449
1.30927416813726
0.307187791480423
1.10149233661279
2.35344477953763
4.29713294450415
6.55513450691372
8.43571473116076
9.75212556219478
10.2084647144751
9.85075790259005
9.03539789695871
7.84129273693097
6.45387271017997
4.28529720316432
1.82215369664697
0.297982281502158
0.802970468938774
1.99837395006627
3.7329629092573
5.96729034942889
7.94255483565089
9.33786997866508
10.1242983787996
10.0651189339958
9.33523978574771
8.28710915915941
6.99831950861766
5.08223773595373
2.65328254726622
0.534695440555616
0.496558314095594
1.5946455408058
3.09777919186777
5.22952721372732
7.40994274932707
9.02093184610758
10.0269810739201
10.1519154558565
9.599574253554
8.60404676613203
7.35733911995671
5.6398338472699
3.32265781213083
0.912121618622308
0.359790708371953
1.32110984434937
2.62303574744151
4.70349356372207
6.8273578858857
8.69084299650687
9.81262006161873
10.2216157059306
9.79683888703514
8.89205250496135
7.75844194561987
6.30132251154976
4.08803488763601
1.62357720871215
0.317708374486891
0.937108029259853
2.14303240867156
4.00255457434353
6.27633584572251
8.23713561501904
9.58247798956598
10.2005741197974
10.0296112710573
9.25370381318012
8.11877724310693
6.79185047973115
4.89155053019289
2.33371861635914
0.458421190095443
0.614914921500166
1.76560541811597
3.44496025960186
5.62668298832086
7.76238722105575
9.26422458297775
10.1269285765373
10.1545456537649
9.49173629201258
8.44755057529682
7.25739224061422
5.6056416147369
3.16879348275503
0.90949147019662
0.39792782602796
1.37108270216753
2.83476338160711
4.91127678949118
7.16796610364992
8.88679212449028
10.0085696944138
10.2387119954318
9.740289682868
8.76974867520193
7.55986312591771
5.97255069664603
3.77767566357145
1.25272594072165
0.312448082960429
1.11858830726012
2.38632171974098
4.37735297635083
6.53672326954018
8.50672980067558
9.7087273395874
10.2466025908186
9.93229398776743
9.05775452193788
7.91888317419178
6.61431348902192
4.51280650134613
2.05492225213135
0.351900270541776
0.746422290985571
1.94577088352829
3.66457870417069
5.95019422136777
7.94650011268059
9.360226619104
10.1308738731743
10.0361867639711
9.30367747197771
8.20951865879476
7.02067603312147
5.16771823113714
2.64144684278675
0.582038083726964
0.480777434900851
1.60779629876166
3.05043633651449
5.25714399566956
7.3310373075139
9.02093184610758
10.0269810739201
10.1861080299357
9.62587619947153
8.62903355798876
7.41783329424883
5.81605539133696
3.44364517937117
1.10675263521956
0.341379686931035
1.23694504104279
2.62172066922638
4.59697181658874
6.8576049376851
8.65270525683146
9.85996358884953
10.2216157059306
9.7915784956361
8.94465631312121
7.74397593597963
6.23425304306264
4.10250078820757
1.51574099948025
0.309817937214625
0.960779366644651
2.15355302531282
3.95521163767093
6.20795129327434
8.23713561501904
9.53381939575991
10.207149615352
10.0217206796944
9.23529246664414
8.12535270739902
6.80105610329202
4.89155053019289
2.32977338380829
0.453160897322739
0.634641025045603
1.74061897127465
3.26610937821379
5.57013429886228
7.77422304756775
9.3181435321719
10.2018892189002
10.2821102718765
9.64034227040887
8.58037506987684
7.32314676407231
5.53988732810714
3.17931411924518
0.833217171020948
0.361105781353835
1.40132943402343
2.74402295684119
4.94941422633416
7.12062286162428
8.89468269522039
10.0164602855336
10.372852136996
9.92834869296605
8.97884879179127
7.79394942576921
6.26713023232511
3.99334900298512
1.48286411049899
0.313763155837691
1.05414965130817
2.32056784129961
4.28661228552192
6.58538154129131
8.46464679515721
9.83497672660476
10.2952612656159
9.97174693778204
9.16296218418827
7.94650011268059
6.5472439765234
4.39050380244405
1.8313592309003
0.333489249345057
0.787189581517865
1.98653825966277
3.69088032045464
5.91600196705514
7.89126623737996
9.35102094349013
10.1374493676507
10.0756397235823
9.37469268117629
8.26738275949364
7.00226477757015
5.0743472294452
2.53361043604119
0.517599487010479
0.530750220462814
1.61568675368188
3.05306649503545
5.28476077914997
7.46254638468538
9.03802808807369
10.037501862566
10.191368426192
9.67453480364266
8.69215809103682
7.40862765851987
5.7003278029886
3.397617373358
0.956834143680169
0.354530416473537
1.30532894278762
2.62566590388128
4.71532931478813
6.84708422379521
8.65139016241826
9.80867476791848
10.1519154558565
9.80209927849859
8.9328204557382
7.70846845971149
6.17770428279808
4.03543161624546
1.46708320446337
0.315078228717852
0.989711002537298
2.18642995360452
4.02754112599851
6.21847199301678
8.22661486959112
9.50883255241704
10.1519154558565
10.0006791034398
9.23792265895892
8.06880371761171
6.68927354363333
4.72321981565289
2.17327918205361
0.405818264469453
0.679353528866166
1.80637278113543
3.38315149229526
5.62142264484013
7.7452910277462
9.21688112088399
10.0572283419762
10.1019416986851
9.48516080742113
8.41730341868224
7.17717173460251
5.33473401031483
2.95969587543747
0.697764560840803
0.43738001928488
1.48286411049899
2.86632527205243
5.01779860311711
7.14297939198151
8.84602417796383
9.92308829995412
10.1558607527253
9.69426126635668
8.75922791723144
7.50462929729006
5.87917954202953
3.66983902732185
1.17776667110839
0.3295440305913
1.15541039960673
2.42708912832622
4.31291393338245
6.55513450691372
8.47648264005878
9.65086304957684
10.1571758516897
9.93492418432188
9.0603847131867
7.8518134734121
6.47885938529354
4.31554409824276
1.81294816254466
0.317708374486891
0.81480613478427
2.02204533162729
3.7329629092573
5.95939982871031
7.94123974331526
9.37600777775216
10.1216681810781
10.037501862566
9.37600777775216
8.24634126747007
6.93782538883986
5.10459417173919
2.57700801180123
0.56494212881001
0.546531100992247
1.62226213286613
3.13197125667237
5.29265128899852
7.4691218395267
9.05643942631938
9.99936400495834
10.1335040709527
9.599574253554
8.59615620057387
7.39021638761199
5.72531443905769
3.33449353161989
1.02784816114762
0.3532153435062
1.2658766907856
2.58226832424911
4.68376731256129
6.83919368853218
8.7355562127108
9.88232025630237
9.94149967577874
8.8092015198168
6.61299840045042
4.24452965175099
2.21799180660187
0.59913403913994
0.0783651569124402
1.04757427865592
1.62357720871215
1.98127795289741
1.48812441260819
0.501818607254087
0.16121472140032
0.672778160443784
1.02916323562725
0.976560258770839
0.84373776341706
0.578092863317501
0.269050679638625
0.0994063150647335
0.308502864346075
0.362420854338616
0.449215677773864
0.445270458251265
0.29666720865972
0.226968352158764
0.311133010086074
0.354530416473537
0.300612427195723
0.258530097490649
0.208557334818188
0.179625737284759
0.187516172837029
0.246694442795778
0.284831553208384
0.259845170249001
0.261160243010259
0.215132698089043
0.219077916086249
0.217762843417624
0.216447770751884
0.20592718953008
0.178310664702821
0.174365446974335
0.176995592123767
0.183570955047898
0.191461390652151
0.226968352158764
0.228283424847639
0.20987240746657
0.22565327947278
0.190146318044221
0.200666898988558
0.188831245439182
0.178310664702821
0.169105156710096
0.175680519547605
0.178310664702821
0.179625737284759
0.182255882457298
0.171735301836442
0.176995592123767
0.182255882457298
0.192776463262966
0.190146318044221
0.199351826360406
0.191461390652151
0.18620110023776
0.178310664702821
0.175680519547605
0.173050374403942
0.165159939042219
0.166475011595296
0.174365446974335
0.178310664702821
0.173050374403942
0.170420229271826
0.167790084151257
0.171735301836442
0.163844866492035
0.169105156710096
0.175680519547605
0.18094080986959
0.190146318044221
0.175680519547605
0.176995592123767
0.175680519547605
0.163844866492035
0.169105156710096
0.165159939042219
0.16121472140032
0.166475011595296
0.162529793944735
0.163844866492035
0.158584576320145
0.154639358721525
0.157269503784391
0.157269503784391
0.155954431251516
0.276941116371326
4.66535614550553
11.6327194887917
17.4520968167978
21.7815124017066
24.7366266854392
25.7836299170965
25.6283440063988
24.8212793198225
23.9129462238442
23.4819943104024
20.1612627801397
16.0962066465089
11.4052066245112
6.72609603095067
4.69034272952936
5.85156272509287
7.57301403847295
8.74081659138395
8.97095821955491
8.31209593331179
6.83919368853218
4.50886125253614
1.81557831512992
1.07913606806878
2.91366811118265
6.15929305996161
9.51409294036947
11.8181491425614
12.9307288605628
13.1529821569195
12.3468213882307
10.520143321886
7.85707384174372
4.59039640083299
1.09491696342175
0.271680825204598
0.962094440972116
1.66697471334751
3.07279268435417
5.47413305028072
8.18453189033566
10.5753775295006
12.1193081227738
12.5151549858537
11.9614955287241
10.5622265270294
8.6264033693062
6.43546147672421
3.71981209989287
1.27245206593066
0.346639978713149
1.27245206593066
3.18851967634429
5.60827178638547
8.2147790312784
10.4030994296968
11.8115736214771
12.3073682115532
12.0772247583181
11.0448685885929
9.63639697828698
7.84786819720322
5.48596881964066
2.47706208491991
0.288776771666058
0.86214880056707
2.34686939173288
4.5299025798764
7.4599162027751
9.96517144586021
11.7892168505874
12.6545563002725
12.7163663327181
11.9877976234444
10.8068352405196
9.23529246664414
7.40205220454002
5.07171706063676
2.13251179222995
0.361105781353835
1.31321939351411
3.6803596737826
6.78264485635008
9.79815398489497
11.9141517625416
13.114844008353
13.3278916445892
12.6966397255704
11.4196727566263
9.45359848276964
6.99700441897422
4.06567849664075
1.3329455208063
0.426859434159766
1.34346612230696
3.00309348534335
5.71084849170396
8.77632414906034
11.219777157949
12.7545044426588
13.5225278585958
13.3068498975609
12.4401939218871
11.0935273561008
9.20109996799247
7.23898097571534
4.59171148397732
1.84056476530467
0.443955385082909
2.02993579237117
5.00201759226077
8.25554692010934
10.925194346843
12.7321476191442
13.5054314304815
13.3594542672641
12.4507147721194
10.7252989868087
8.53960715149548
5.80553470035142
2.83476338160711
0.74247706947191
0.71617559339338
2.01415487099521
4.12880242664946
7.03119675090462
9.85864849080037
11.8891647770684
13.1332555278866
13.4870198933558
12.9465101555632
11.8378757064541
10.2939461662236
8.2963148126329
6.00937312876714
3.03202522722916
0.692504265931952
0.938423103533701
3.31739749244267
6.39074848414779
9.55354585204893
11.8089434130732
13.1898052004432
13.5593509370977
13.1122137913474
11.9483444820061
9.94281477408223
7.42966911188419
4.56672490481782
1.83004415456914
0.436064946134032
1.13699935313936
2.91498319010675
5.42415980500836
8.45544113822812
10.8305070590952
12.5559232897268
13.422579520299
13.3094801158772
12.475701792534
11.1014179675868
9.24186794746076
7.21793953100994
4.66404106217004
1.93262011766826
0.495243240813281
1.79453709479282
4.55225899112968
7.62167241819939
10.5293490226513
12.5940613842321
13.5514602771238
13.4962256618093
12.7387231553408
11.2868473808895
9.20636035222636
6.76686378811499
3.96178704528358
1.22510936656834
0.426859434159766
1.78401648491985
3.97756802389411
6.69190372120372
9.60088935081185
11.6682272882912
12.8952209491258
13.3686600326933
12.9636065591948
11.810258517273
10.0598585392998
7.96885668316267
5.44388608543138
2.50336364285362
0.530750220462814
1.00154667218218
3.27663001662636
6.16192323460939
9.04723375710009
11.403891521617
12.8925907335911
13.4133737535927
13.1266799850966
12.1495555436954
10.3715370373624
8.29894499937424
5.9817563044136
3.1503823693963
0.770093620626092
0.714860519620451
2.61383020000238
5.20059534857888
8.15165456552436
10.7831634232867
12.5427722235047
13.3686600326933
13.3870715642054
12.5861707436892
11.1435012313872
9.12745459535666
6.90626324248832
4.47598418030893
1.66302948551562
0.499188460668996
1.82478384927537
4.3208044280039
7.37443529884587
10.1492852579643
12.3507667061126
13.4002226586765
13.4054830965896
12.9241533211662
11.5090997664899
9.58116289236414
7.18900754609474
4.61538298115841
1.70774206922552
0.384777095525187
1.54335758769535
3.67378426971987
6.54461379975576
9.39047384034914
11.6537611473809
13.0043749093172
13.4817594543377
13.1858598741855
12.0377716081348
10.266329079928
8.15823003029502
5.860768330564
3.27005461759411
0.879244764155843
0.780614211884938
2.86632527205243
5.58328515629383
8.69084299650687
11.1724334777349
12.912317350529
13.5593509370977
13.3239463169348
12.3599724479883
10.6292966439386
8.61719770903968
6.28817163463614
3.49493331079542
0.98445070499492
0.584668230681281
2.35344477953763
4.8336868407205
7.7847437825025
10.5135678214627
12.3599724479883
13.2871232607541
13.3857564547828
12.690064190073
11.2868473808895
9.31156805020594
7.14823975222139
4.77845332516029
1.9523462665744
0.508393973768044
1.57754955591985
3.93285525241125
6.8839067234396
9.79683888703514
12.0509226577667
13.2844930425886
13.3647147046255
12.9780727474637
11.7905319547233
9.85075790259005
7.46517656661066
4.97703099275642
2.06281271334139
0.395297679904111
1.18434204524474
3.27136969739406
5.92389248706709
8.97621860103011
11.331560868919
12.7755461600627
13.3949622208347
13.1832296567024
12.1784878614895
10.5674869279685
8.61193733183001
6.399954099924
3.60934531426894
0.967354738311734
0.628065657123621
2.5138842663812
5.25845908056231
8.28316387915704
10.6726949605933
12.612472879442
13.2332037919082
13.2397793364904
12.4112615851795
10.800259735598
8.98016388717775
6.71163005344811
4.05910308770861
1.23299981619086
0.446585531422549
2.07333332846228
4.39839429826248
7.42309365760488
10.1545456537649
12.1968993375345
13.295013915357
13.5514602771238
13.0464583719474
11.6800632221453
9.86390888302122
7.48753311358112
4.85341309774679
2.09700471321248
0.488667874445589
1.32110984434937
3.53044048162602
6.39337866006574
9.4759551291606
11.8641777931375
13.2844930425886
13.5580358270909
13.3949622208347
12.258709299007
10.5530208255444
8.35943929867519
5.56618904170156
2.68089919205354
0.478147288409325
0.93184773219425
3.00703872278138
5.6161623014159
8.75659772777785
11.2539698192605
12.767655515905
13.5988042393814
13.4962256618093
12.667707370198
11.0225118594913
9.00515070026728
6.73793183105503
4.04726735184158
1.41974048898173
0.543900954208034
2.15881333370836
4.66798631218676
7.75449667021805
10.6319268448201
12.608527558968
13.6198460022456
13.5251580783726
12.8873303025746
11.5327716253119
9.55354585204893
7.22188480181965
4.36025690293549
1.57097417725495
0.399242899094268
1.76166018959357
4.10776111578867
6.93519520989616
9.88626555067977
11.920727285291
13.0872267306757
13.4922803324454
13.0464583719474
11.8273548722586
10.0111998914375
7.913622805146
5.42021454901847
2.54544613817906
0.60307925969034
1.05283457677174
3.22534190633045
5.95545456839923
9.06696019137765
11.5498679686467
13.1240497680115
13.4896501128917
13.3607693765978
12.3626026599917
10.5858983317741
8.58169016408025
5.80947995944435
2.83081814543115
0.583353157202659
0.764833325067649
2.62829606033375
5.08618298925481
8.16743568113488
10.8042050385385
12.5098945598519
13.3975924397467
13.4331003968019
12.7242569758525
11.2118865442028
9.21951131308796
6.94834610476217
4.24058440501188
1.56308372295779
0.457106116897883
1.89711305139158
4.40102446356237
7.29684495357049
10.2531780870865
12.2929020477461
13.3870715642054
13.6987526231988
13.245039772236
11.9746465758701
10.040132059768
7.77027777202969
5.16114280790968
2.2692798215669
0.558366761666271
1.22510936656834
3.48309758771666
6.32104882759739
9.42861164404818
11.7826413299719
13.3568240486101
13.6632446417733
13.3949622208347
12.2534488763831
10.4688544213077
8.19242244864684
5.76476702492939
2.90183240101027
0.662257571121138
0.872669393485388
2.85448956291921
5.57802481327891
8.70793922570004
11.1895298060747
12.8320957811397
13.6961224022404
13.6921770708363
12.8505072874249
11.2631755362521
9.00778089120134
6.82209752924945
4.40891495954336
1.70905714527066
0.614914921500166
1.86818136942467
4.55883440639139
7.68611190199278
10.4780601209515
12.6808584405599
13.6685050832597
13.7158490598662
13.060924563269
11.6774330145925
9.61272522631261
7.07590980412413
4.28792736788289
1.43420631829471
0.415023776117131
1.87607182799466
4.08803488763601
7.00357986722837
9.81130496371463
11.8996856128691
13.1845447654417
13.6066949003212
13.2844930425886
12.0627586028024
10.280795172525
8.00567927223882
5.49517441822856
2.7887356280126
0.689874118495212
1.01995771433256
3.1122450651721
5.99622225983072
9.11561873305213
11.5538132787486
13.1201044424171
13.6145855614221
13.5251580783726
12.5598686096783
10.5727473289735
8.56985431638931
5.88312480172009
2.92155858477538
0.638586245834091
0.768778546732044
2.75191342795618
5.22952721372732
8.31472612014549
10.9409755635618
12.5743347831688
13.5396242874647
13.5935437988443
12.8715490099463
11.3565478202294
9.18926410369753
6.84708422379521
4.32211951045262
1.56308372295779
0.530750220462814
1.8852773631335
4.31554409824276
7.3547089386452
10.1926835252663
12.2836963074138
13.4488817120908
13.6343122148795
13.1858598741855
11.9273028081473
9.81130496371463
7.42440874845325
4.66009581218409
1.80111247606347
0.487352801180826
1.3723977774323
3.6290715242807
6.4670235916553
9.4233512571321
11.7011048831801
13.1161591168624
13.6685050832597
13.4199493012178
12.3349854348188
10.643762748991
8.55538828074936
6.22767760548049
3.6290715242807
1.08176621726434
0.720120814729881
2.74796819238432
5.53068172868193
8.70925432028063
11.2947379960711
13.0214713154665
13.6527237590156
13.5567207170886
12.6716526912607
10.9804286079802
8.92229969388671
6.37102216522491
3.54227620576803
1.02390293772664
0.587298377647343
2.3942121856825
4.74952148609274
7.77948341500484
10.5175131217043
12.3034228940994
13.3752355795618
13.5330487378104
12.9530856953335
11.5090997664899
9.68242538861996
7.4401898389258
4.86524885233407
2.12988163815073
0.534695440555616
1.4986450169726
3.88682740343666
6.89968779559883
9.95991105239556
12.1442951225021
13.3515636113554
13.6343122148795
13.1424612879782
12.0272507687381
10.1085171927146
7.84129273693097
5.35577537231553
2.46917161778628
0.524174853700039
1.10938278454092
3.30030145381615
6.01594856336947
9.12482440370582
11.5564434855044
12.9754425313752
13.6645597521382
13.4725536862277
12.5098945598519
10.7226687853409
8.63560902976315
6.33551479321572
3.63564692778269
1.16067069870549
0.678038455175802
2.48758270794169
5.09275841149262
8.24765636069272
10.9475510707048
12.8689187945697
13.6053797901534
13.60406467999
12.9188928897279
11.452550331513
9.23529246664414
6.87207091966797
4.07488406928632
1.31847969405886
0.500503533960078
1.9247296583008
4.33001000521592
7.31657131130694
10.2242459042705
12.2284618698622
13.4344155063848
13.7855499249021
13.3712902514274
12.0693341279724
10.2097798136023
7.92545863558458
5.42547489034533
2.72035154418524
0.668832939425705
1.17776667110839
3.47915234674942
6.46307832717458
9.61141012901874
11.9509746913154
13.3923320019405
13.7211095020703
13.5251580783726
12.3665479780294
10.4951564208239
8.27658841256333
5.60695670055942
2.62303574744151
0.530750220462814
0.964724589635964
3.08988871568482
5.7029579751462
8.8092015198168
11.322355150398
12.8426166417689
13.6251064431407
13.5685567072706
12.7610799792272
11.1185142929893
8.91572421785698
6.74056200889628
4.0814594784193
1.37108270216753
0.583353157202659
2.10226502107174
4.76398740541902
7.8189361727146
10.6187758405775
12.7768612674377
13.7132188387911
13.7474117141682
13.053033913391
11.7076804024766
9.69557636390304
7.09432106257601
4.19455652862725
1.47497365742645
0.472886995461344
1.75113958033577
3.94469098566405
6.92730467315351
9.92440339820104
11.9483444820061
13.2897534789373
13.7539872674734
13.3804960171367
12.1955842320747
10.3044669614765
8.18190170426259
5.80290452764057
3.13065617721636
0.799025247043581
0.913436692839618
3.1503823693963
5.9015360140333
9.09457720085506
11.5985267959001
13.1542972655571
13.8815530238428
13.7355757185019
12.8268353509304
11.0501289956155
8.9144091226628
6.27502075808349
3.36868561162775
0.98445070499492
0.655682202890191
2.38763679739003
4.85472818157606
8.00567927223882
10.7726426160584
12.8807547639027
13.7013828441752
13.8697170240462
13.1753390043595
11.7642298728148
9.68637068116276
7.14955484229063
4.3576267378454
1.56176864725228
0.497873387380828
1.96155180296905
4.31948934555854
7.43098420275128
10.2834253712321
12.3270947994055
13.5251580783726
13.9433632509374
13.4922803324454
12.2521337707379
10.1190379833729
7.68085153562932
5.29922671396834
2.56648738705767
0.754312734092672
1.16461592306109
3.33317845166362
6.22241725547961
9.32471901423706
11.8063132046864
13.3620844859359
14.1077522013652
13.9446783622605
13.054349021693
11.2171469533501
8.9328204557382
6.22636251797487
3.42391897630346
1.01601249096534
0.713545445850464
2.69273489739204
5.3110624791341
8.51199017664407
11.2000506238665
13.095117381242
13.8105370305364
13.8631414687614
13.1056382489109
11.4841128058859
9.34444546102797
6.72609603095067
3.92233460085752
1.21458876724025
0.553106468004053
2.26401951212046
4.76135723823793
7.68742699359309
10.5661718277275
12.4152069036979
13.5909135786026
13.8039614762647
13.3068498975609
11.9141517625416
9.87179947147347
7.45465583899951
4.73374048366437
2.00626441047488
0.541270807435552
1.48943948814308
3.93285525241125
6.8036862814853
9.91782790700682
12.1061570709087
13.6369424354166
13.9604596984897
13.5409393974089
12.3402458585142
10.410990028149
7.84523801308294
5.22821212891126
2.49678825325166
0.593873745113868
1.13042397954356
3.22797206571256
5.91074162045184
9.02356203713602
11.4591258468068
12.9017964880392
13.7013828441752
13.5343638477323
12.607212452152
11.2105714419264
9.17611314374533
6.58538154129131
3.75137404292324
1.08045114266506
0.646476687490498
2.64407699931549
5.32552841472107
8.41861851240561
11.0422383851066
12.8610281485452
13.618530892033
13.406798206079
12.608527558968
11.0790612354338
9.23134717820167
6.70110934281532
3.8486900459444
1.05020442770785
0.516284413681355
2.11673086794171
4.4141752902651
7.47964256746778
10.2242459042705
12.2968473650962
13.4699234668078
13.7776592603022
13.2871232607541
12.0259356638328
9.9980489064809
7.76633249652569
5.48202356315572
2.70062536776101
0.730641405090417
1.19486264401923
3.51202935571153
6.55776468373963
9.599574253554
12.0956362297261
13.5396242874647
13.7947557004732
13.5685567072706
12.406001160549
10.4885809207908
8.33050724147105
5.51490070149712
2.63355637327681
0.59255867161469
0.973930110053331
2.98862761498521
5.58591532782246
8.73292602339761
11.2776416633689
12.8662885792107
13.8052765871101
13.7579325995104
12.9544008033008
11.321040047769
9.22082640919588
6.93782538883986
4.32343459290473
1.7248380580516
0.609654627333079
2.02599056198525
4.52464224795972
7.72030428482805
10.7331895913114
12.6716526912607
13.7855499249021
14.1182730966017
13.5935437988443
12.2297769754297
10.0296112710573
7.59142531668228
4.84289242723648
2.00231918025661
0.585983304162845
1.47628873293094
3.87893691545029
6.7418770978224
9.90073163037435
12.2376676089256
13.6145855614221
14.034105942831
13.6974375127174
12.65061097938
10.7160932817438
8.52514111683641
5.80027435494393
2.86764035086103
0.758257955686119
1.02653308667097
3.13854665400093
5.97518087027604
9.02356203713602
11.5695945195372
13.3029045701196
13.8841832460694
13.8144823631535
12.85576771795
11.2092563396543
8.90914874192526
6.38022778062088
3.47783726643356
0.971299961347746
0.720120814729881
2.5138842663812
5.12169027036936
8.15428475142114
10.9843739126281
12.7768612674377
13.8578810246147
13.9486236962568
13.3357823000179
11.8523418539187
9.67716499861905
7.17848682475346
4.55620424027649
1.73535866681782
0.585983304162845
1.85108537623756
4.30633852129075
7.39810693219702
10.3228783537981
12.5966915977813
13.8197428067059
13.9985979303963
13.4843896738378
12.0640737078278
10.1400795654697
7.52698584617438
4.86524885233407
2.12988163815073
0.539955734053699
1.39212390676715
3.55411193017613
6.4394067409763
9.55091565782512
11.7537090405283
13.245039772236
13.8394694706687
13.6093251206703
12.5532930764476
10.8318221601666
8.5632788455857
6.14219692510145
3.53570080343407
1.04625920413444
0.795080025175032
2.86632527205243
5.62010755897878
8.78816000225145
11.3683837450646
13.1306253107573
13.7290001655111
13.5803926978148
12.6926944042588
10.937030259326
8.99857522300091
6.37102216522491
3.4278642168581
0.950258772132273
0.632010877867991
2.45207560605338
4.87576952331234
7.92677372787454
10.6897912683884
12.4704413670533
13.5383091775249
13.6869166290271
13.0504036968003
11.6524460436872
9.58642328119552
7.25081678878085
4.66009581218409
1.83530445991224
0.550476321190537
1.56834402581035
4.05252767886014
6.9680724477527
9.92703359470701
12.1482404383906
13.347618283461
13.7132188387911
13.2989592427183
12.1350893855795
10.1571758516897
7.76107212924001
5.23478755302636
2.33240353883905
0.537325587298803
1.21984906688021
3.24243794254645
6.01463347644184
8.92624497955161
11.3460269984399
12.8084238457498
13.1411461793804
12.4822773244825
10.8673298906616
8.6895279019808
6.39732392396981
4.35631165530543
2.30741706655414
0.200666898988558
0.467626702560118
1.54335758769535
2.31399245388763
2.3771161762858
1.64724857446367
0.59913403913994
0.162529793944735
0.787189581517865
1.10543756056337
1.08045114266506
0.956834143680169
0.654367129252833
0.278256189170257
0.178310664702821
0.374256511332611
0.416338849221319
0.568887349131451
0.529435147104401
0.319023447375763
0.263790388541459
0.372941438321639
0.358475635392992
0.324283738960297
0.350585197580259
0.288776771666058
0.251954733742316
0.269050679638625
0.321653593162218
0.350585197580259
0.365051000316917
0.337434468124975
0.297982281502158
0.304557645757839
0.291406917319016
0.299297354347495
0.269050679638625
0.258530097490649
0.258530097490649
0.258530097490649
0.272995897991926
0.28614662602471
0.307187791480423
0.287461698843934
0.303242572900899
0.300612427195723
0.282201407584431
0.267735606859986
0.270365752420169
0.269050679638625
0.251954733742316
0.254584879232958
0.255899951982627
0.258530097490649
0.263790388541459
0.2651054613114
0.275626043575294
0.275626043575294
0.278256189170257
0.278256189170257
0.279571261972073
0.283516480394958
0.26247531577441
0.269050679638625
0.258530097490649
0.251954733742316
0.246694442795778
0.250639661001337
0.255899951982627
0.255899951982627
0.254584879232958
0.253269806486188
0.257215024735189
0.258530097490649
0.258530097490649
0.266420534084247
0.266420534084247
0.271680825204598
0.2651054613114
0.26247531577441
0.261160243010259
0.258530097490649
0.257215024735189
0.257215024735189
0.253269806486188
0.245379370066381
0.244064297339882
0.245379370066381
0.245379370066381
0.244064297339882
0.246694442795778
0.246694442795778
