9.18968207102955
1587.90708485285
1509.00401001118
1391.96446612894
1262.43196061286
1143.41988280289
1046.76367950174
1006.65464653277
1024.40782478904
1096.07806732493
1201.2821059773
1335.41727799038
1462.97722066798
1556.34585378872
1603.68770095188
1597.11244419791
1536.6200851383
1428.12836797375
1297.28080489026
1173.00851906548
1071.74963558001
1015.20247304699
1007.96969675926
1069.77706006892
1171.03594327643
1297.28080489026
1426.81331696384
1528.72977784224
1595.79739285501
1607.63285503587
1561.60605886135
1459.03206744247
1338.04737966106
1207.8573589092
1100.02321849582
1021.12019915361
1009.28474698809
1050.05130525251
1135.52958000648
1259.14433388408
1389.99188971992
1505.05885651497
1585.27698220649
1610.92048345733
1574.09904607659
1495.1959728763
1376.18385501631
1242.70620047169
1128.29680251943
1038.87337776034
1007.31217164572
1032.95565151023
1106.59847049526
1221.00786495665
1351.19788816512
1476.78525713939
1563.57863577437
1605.66027799091
1595.79739285501
1520.18194504376
1411.69023053312
1285.44534814773
1156.570387657
1059.91418259385
1010.59979721928
1016.51752328878
1077.66736214544
1189.44665085382
1312.40388879927
1442.59392925127
1545.82544376881
1597.11244419791
1604.3452266309
1544.51039252807
1449.82671000607
1319.63666817678
1191.419226694
1086.87271467662
1015.20247304699
1010.59979721928
1059.2566574336
1151.31018568631
1274.26741696455
1408.40260309273
1517.5518426663
1587.24955919028
1610.26295777172
1566.20873833422
1479.41535935658
1359.08819338825
1224.29549150683
1111.20114693055
1035.58575205992
1005.33959630864
1036.90080233831
1122.3790755388
1238.10352318526
1370.26612594295
1489.93576832845
1575.41409737616
1606.97532935356
1586.59203352836
1509.66153559615
1395.25209348998
1259.8018592286
1145.39245851558
1048.73625495042
1006.65464653277
1025.0653499179
1094.10549174757
1201.93963126774
1332.12965091614
1461.00464405233
1553.05822563955
1603.68770095188
1599.08502121719
1532.67493147856
1429.4434189862
1301.22595718257
1171.69346853884
1074.37973626979
1017.17504841056
1009.28474698809
1071.74963558001
1169.72089275344
1292.67812724422
1424.18321495168
1530.70235465747
1593.8248158456
1603.68770095188
1560.94853322498
1461.00464405233
1336.73232882447
1210.48746009909
1099.36569329918
1027.03792530801
1007.31217164572
1050.70883040445
1136.84463046651
1254.54165648973
1391.30694065864
1505.71638209605
1578.70172563654
1608.29038071885
1578.70172563654
1493.88092173546
1373.55375319961
1244.0212511305
1129.6118529662
1041.50347833133
1006.65464653277
1030.98307610417
1105.28342009057
1223.63796619557
1352.51293902935
1470.21000164145
1562.92111013604
1608.29038071885
1590.53718750972
1520.18194504376
1411.03270504377
1286.10287351703
1157.22791290606
1060.57170775469
1013.22989768873
1021.77772427952
1081.61251321591
1184.18644864015
1313.71893958956
1443.25145477123
1542.53781567183
1596.45491852613
1601.05759824239
1545.82544376881
1449.16918447971
1317.00656657621
1189.44665085382
1086.87271467662
1023.0927745331
1011.91484745283
1059.91418259385
1155.91286240855
1274.9249423233
1405.77250115186
1518.20936825969
1588.56461051609
1601.71512391877
1566.86626397582
1479.41535935658
1357.77314251143
1224.95301681871
1113.83124776392
1036.90080233831
1005.99712142041
1041.50347833133
1125.00917641306
1239.41857383545
1369.60860049351
1487.96319163365
1575.41409737616
1608.29038071885
1581.98935391332
1507.03143326016
1392.62199159988
1263.7470113087
1143.41988280289
1049.39378010117
1010.59979721928
1027.69545043922
1096.73559251858
1201.2821059773
1332.12965091614
1460.34711851507
1553.05822563955
1600.40007256666
1594.48234151474
1534.6475083055
1430.75847000122
1304.51358410995
1172.35099380186
1071.74963558001
1015.85999816759
1019.14762377944
1072.40716075156
1169.72089275344
1292.67812724422
1427.47084246847
1532.01740587088
1592.50976450927
1600.40007256666
1558.97595631981
1464.29227174828
1340.67748134178
1205.88478302321
1096.07806732493
1026.38040017738
1009.28474698809
1052.68140586381
1136.18710523619
1258.48680854017
1384.07416052707
1505.71638209605
1581.33182825665
1610.26295777172
1573.44152042779
1491.25081946154
1372.23870229505
1246.6513524555
1126.98175207507
1045.44862920558
1007.96969675926
1030.32555097
1107.91352090234
1224.29549150683
1353.17046446241
1470.86752718835
1564.89368705298
1606.31780367191
1592.50976450927
1519.52441944842
1411.03270504377
1281.50019594495
1157.88543815573
1063.201808404
1014.54494792698
1017.83257353293
1079.63993767799
1187.47407501912
1316.34904117763
1442.59392925127
1539.25018759113
1599.08502121719
1603.03017527352
1545.82544376881
1445.88155685749
1319.63666817678
1192.73427725717
1087.5302398619
1018.49009865589
1015.20247304699
1057.94160711489
1153.28276142078
1276.23999304267
1409.71765406698
1514.92174029921
1585.9345078671
1604.3452266309
1570.15389219362
1476.78525713939
1354.48551533041
1227.58311807235
1113.83124776392
1032.95565151023
1007.31217164572
1039.5309029022
1125.66670163313
1236.1309472146
1370.26612594295
1489.27824276287
1573.44152042779
1606.97532935356
1581.33182825665
1509.00401001118
1394.5945680165
1261.77443526587
1141.44730709564
1051.36635555697
1012.57237257048
1021.12019915361
1096.07806732493
1205.88478302321
1332.12965091614
1460.34711851507
1553.71575126808
1600.40007256666
1595.79739285501
1535.96255952671
1427.47084246847
1299.25338103361
1178.26872119636
1071.74963558001
1017.83257353293
1016.51752328878
1070.43458523869
1165.77574119903
1299.25338103361
1422.86816394942
1530.70235465747
1594.48234151474
1604.3452266309
1555.03080252709
1465.60732283116
1337.38985424245
1207.19983361326
1097.39311771283
1029.66802583642
1009.28474698809
1046.76367950174
1138.81720616109
1257.17175785422
1386.70426238423
1503.08627977559
1583.30440522862
1606.31780367191
1574.75657172605
1495.1959728763
1372.89622774702
1245.33630179177
1127.63927729695
1044.13357891179
1007.96969675926
1030.98307610417
1109.22857131182
1221.66539026546
1350.54036273395
1473.49762938238
1567.52378961807
1603.68770095188
1591.19471317558
1524.78462422931
1411.03270504377
1284.13029741098
1158.542963406
1062.54428324078
1011.25732233576
1022.43524940601
1082.9275635775
1184.18644864015
1315.03399038235
1441.27887821326
1541.2227644376
1597.11244419791
1601.71512391877
1543.19534128993
1445.22403133496
1320.29419357848
1193.39180253967
1082.9275635775
1023.0927745331
1013.88742280756
1058.59913227395
1151.96771093053
1278.87009448885
1407.08755212102
1516.23679148146
1586.59203352836
1606.97532935356
1565.55121269327
1476.78525713939
1357.11561707397
1225.6105421312
1115.14629818421
1032.95565151023
1008.62722187338
1038.87337776034
1124.35165119359
1238.10352318526
1369.60860049351
1487.30566607001
1574.75657172605
1605.66027799091
1580.01677694528
1509.00401001118
1393.27951707145
1261.77443526587
1142.10483233078
1052.68140586381
1009.94227210339
1024.40782478904
1098.05064290768
1203.91220714272
1332.12965091614
1455.74443977219
1555.68832815758
1604.3452266309
1591.8522388421
1533.33245708689
1430.75847000122
1299.91090641597
1173.66604432972
1074.37973626979
1019.80514890357
1012.57237257048
1072.40716075156
1170.37841801463
1294.65070337451
1423.52568945023
1533.98998269587
1591.8522388421
1602.37264959582
1557.00337942051
1461.66216959024
1334.75975257428
1211.80251069771
1095.42054213188
1028.35297557103
1011.91484745283
1050.05130525251
1134.21452954886
1259.8018592286
1389.33436425152
1503.74380535474
1578.04419998315
1608.94790640248
1576.07162302692
1491.90834502905
1373.55375319961
1248.62392845573
1125.66670163313
1042.81852862038
1011.91484745283
1033.61317664676
1106.59847049526
1225.6105421312
1350.54036273395
1472.84010383291
1564.23616141335
1605.66027799091
1588.56461051609
1524.12709862942
1410.37517955505
1281.50019594495
1159.20048865688
1061.88675807815
1013.88742280756
1019.14762377944
1083.5850887592
1189.44665085382
1312.40388879927
1441.27887821326
1541.2227644376
1601.05759824239
1595.79739285501
1546.48296939017
1446.53908238065
1318.9791427757
1190.10417613327
1085.55766430786
1022.43524940601
1010.59979721928
1061.88675807815
1154.59781191345
1275.58246768268
1407.08755212102
1518.86689385373
1583.96193088725
1605.66027799091
1568.18131526097
1476.78525713939
1357.77314251143
1228.2406433873
1111.85867213799
1034.27070178389
1012.57237257048
1039.5309029022
1123.03660075646
1241.39114981535
1370.26612594295
1487.30566607001
1572.12646913216
1608.94790640248
1581.33182825665
1507.03143326016
1395.90961896409
1262.43196061286
1140.78978186109
1052.68140586381
1008.62722187338
1027.69545043922
1092.79044136565
1202.59715655879
1334.1022271588
1457.71701637243
1552.40070001168
1603.03017527352
1592.50976450927
1537.27761075053
1430.75847000122
1299.91090641597
1173.66604432972
1074.37973626979
1013.88742280756
1017.83257353293
1069.11953489975
1167.09079171474
1296.62327951039
1423.52568945023
1529.38730344667
1593.8248158456
1603.03017527352
1557.00337942051
1463.63474620781
1336.07480340711
1210.48746009909
1097.39311771283
1027.03792530801
1009.94227210339
1048.73625495042
1134.87205477737
1259.14433388408
1388.01931331661
1503.08627977559
1581.98935391332
1608.29038071885
1573.44152042779
1492.56587059721
1376.18385501631
1245.33630179177
1124.35165119359
1044.79110405839
1007.96969675926
1033.61317664676
1109.88609651746
1219.03528903391
1352.51293902935
1476.1277315867
1562.26358449837
1604.3452266309
1593.16729017711
1522.15452183367
1409.71765406698
1284.78782277904
1155.2553371607
1062.54428324078
1013.88742280756
1017.17504841056
1080.95498803601
1187.47407501912
1314.37646498564
1437.99125062942
1543.19534128993
1597.76996987034
1598.42749554343
1546.48296939017
1446.53908238065
1317.00656657621
1192.07675197528
1088.84529023425
1019.80514890357
1013.22989768873
1061.88675807815
1153.94028666681
1275.58246768268
1407.08755212102
1517.5518426663
1587.24955919028
1602.37264959582
1567.52378961807
1478.75783380132
1357.77314251143
1223.63796619557
1112.51619734603
1036.90080233831
1008.62722187338
1040.84595318769
1123.69412597472
1240.07609916147
1369.60860049351
1485.33308938295
1573.44152042779
1606.97532935356
1580.67430260064
1506.37390767778
1395.90961896409
1261.11690991949
1142.10483233078
1052.68140586381
1012.57237257048
1023.0927745331
1098.05064290768
1203.91220714272
1331.47212550317
1459.03206744247
1554.37327689726
1601.71512391877
1592.50976450927
1533.98998269587
1428.78589347966
1298.59585565187
1176.29614539272
1073.06468592371
1017.17504841056
1013.22989768873
1073.06468592371
1171.69346853884
1293.33565262036
1422.86816394942
1530.04482905174
1595.79739285501
1601.71512391877
1553.71575126808
1462.31969512879
1339.36243050017
1206.54230831793
1096.07806732493
1029.01050070343
1011.25732233576
1050.05130525251
1137.50215569743
1256.51423251217
1390.64941518896
1505.05885651497
1580.67430260064
1603.68770095188
1571.46894348532
1495.85349844769
1374.8688041067
1242.70620047169
1127.63927729695
1044.13357891179
1010.59979721928
1031.64060123893
1109.22857131182
1225.6105421312
1351.19788816512
1473.49762938238
1560.94853322498
1606.31780367191
1591.19471317558
1521.49699623639
1409.06012857953
1280.84267058
1156.570387657
1063.201808404
1014.54494792698
1015.85999816759
1082.9275635775
1188.13160029674
1317.66409197542
1441.27887821326
1539.90771320597
1599.7425468916
1599.7425468916
1543.85286690867
1441.93640373194
1322.26676978735
1190.10417613327
1084.24261394149
1020.4626740283
1015.20247304699
1057.94160711489
1156.570387657
1278.21256912637
1406.43002663612
1514.92174029921
1586.59203352836
1605.00275231058
1567.52378961807
1474.81268048325
1354.48551533041
1225.6105421312
1113.83124776392
1034.27070178389
1008.62722187338
1042.81852862038
1127.63927729695
1239.41857383545
1370.92365139302
1489.27824276287
1572.78399477965
1603.03017527352
1585.9345078671
1505.05885651497
1391.96446612894
1265.06206200702
1138.81720616109
1052.02388071009
1011.25732233576
1025.72287504734
1096.07806732493
1205.88478302321
1333.44470174395
1456.40196530496
1555.03080252709
1601.71512391877
1592.50976450927
1534.6475083055
1426.15579145984
1297.93833027076
1173.66604432972
1073.72221109645
1014.54494792698
1015.85999816759
1075.69478661827
1169.72089275344
1295.96575413114
1427.47084246847
1530.70235465747
1591.8522388421
1603.03017527352
1556.34585378872
1461.66216959024
1336.07480340711
1207.19983361326
1098.05064290768
1030.32555097
1009.94227210339
1048.73625495042
1139.47473139382
1261.11690991949
1389.33436425152
1504.40133093453
1583.30440522862
1605.00275231058
1570.81141783914
1490.59329389467
1375.52632956119
1245.99382712333
1124.35165119359
1040.18842804465
1011.91484745283
1033.61317664676
1108.57104610678
1222.98044088492
1355.14304076536
1474.81268048325
1562.26358449837
1606.97532935356
1587.90708485285
1519.52441944842
1410.37517955505
1280.18514521566
1155.91286240855
1062.54428324078
1011.25732233576
1021.77772427952
1083.5850887592
1188.13160029674
1318.32161737524
1441.93640373194
1541.2227644376
1601.71512391877
1599.08502121719
1543.19534128993
1444.56650581308
1318.32161737524
1189.44665085382
1086.21518949194
1023.0927745331
1011.25732233576
1061.88675807815
1156.570387657
1278.21256912637
1410.37517955505
1519.52441944842
1583.96193088725
1606.31780367191
1565.55121269327
1474.1551549325
1355.80056620093
1224.29549150683
1109.22857131182
1033.61317664676
1012.57237257048
1039.5309029022
1124.35165119359
1244.67877646082
1372.23870229505
1491.25081946154
1575.41409737616
1606.97532935356
1578.70172563654
1506.37390767778
1391.30694065864
1257.82928319689
1139.47473139382
1050.70883040445
1008.62722187338
1027.03792530801
1098.70816810313
1205.2272577291
1337.38985424245
1461.66216959024
1556.34585378872
1601.71512391877
1595.79739285501
1533.33245708689
1424.18321495168
1296.62327951039
1172.35099380186
1070.43458523869
1013.22989768873
1018.49009865589
1073.06468592371
1170.37841801463
1298.59585565187
1426.81331696384
1533.33245708689
1593.8248158456
1606.31780367191
1551.74317438446
1461.66216959024
1335.41727799038
1204.56973243561
1094.10549174757
1028.35297557103
1009.28474698809
1048.73625495042
1142.10483233078
1261.77443526587
1390.64941518896
1506.37390767778
1586.59203352836
1605.00275231058
1572.12646913216
1494.53844730556
1370.26612594295
1243.36372580078
1123.03660075646
1039.5309029022
1007.96969675926
1034.27070178389
1108.57104610678
1223.63796619557
1355.80056620093
1478.75783380132
1564.23616141335
1608.94790640248
1590.53718750972
1518.20936825969
1410.37517955505
1277.55504376452
1151.96771093053
1059.91418259385
1010.59979721928
1017.17504841056
1085.55766430786
1188.13160029674
1317.00656657621
1445.88155685749
1545.82544376881
1598.42749554343
1601.05759824239
1545.16791814811
1441.93640373194
1315.03399038235
1188.78912557497
1082.9275635775
1016.51752328878
1011.25732233576
1061.88675807815
1155.91286240855
1278.87009448885
1409.06012857953
1522.81204743161
1587.24955919028
1606.31780367191
1566.86626397582
1478.75783380132
1353.82798989609
1222.32291557488
1109.88609651746
1034.27070178389
1005.33959630864
1040.18842804465
1125.00917641306
1239.41857383545
1374.21127865284
1493.22339616601
1578.70172563654
1606.31780367191
1585.9345078671
1507.03143326016
1391.30694065864
1259.8018592286
1137.50215569743
1051.36635555697
1005.99712142041
1021.77772427952
1096.07806732493
1208.51488420576
1338.7049050803
1457.71701637243
1557.66090505296
1606.31780367191
1597.76996987034
1531.35988026385
1424.84074045376
1297.28080489026
1173.00851906548
1071.09211040905
1012.57237257048
1014.54494792698
1073.06468592371
1169.72089275344
1297.28080489026
1430.10094449339
1532.67493147856
1595.79739285501
1606.31780367191
1557.66090505296
1459.03206744247
1334.1022271588
1207.19983361326
1095.42054213188
1024.40782478904
1005.99712142041
1050.70883040445
1136.84463046651
1260.45938457373
1393.27951707145
1506.37390767778
1584.61945654655
1610.92048345733
1576.07162302692
1492.56587059721
1373.55375319961
1240.7336244881
1125.66670163313
1038.21585261907
1007.31217164572
1030.98307610417
1107.2559956985
1226.2680674443
1353.82798989609
1476.78525713939
1567.52378961807
1606.31780367191
1591.8522388421
1524.12709862942
1406.43002663612
1281.50019594495
1152.62523617535
1057.94160711489
1012.57237257048
1014.54494792698
1084.24261394149
1187.47407501912
1319.63666817678
1443.90898029184
1545.82544376881
1603.68770095188
1599.7425468916
1548.45554625813
1443.25145477123
1318.9791427757
1186.81654974211
1083.5850887592
1015.85999816759
1009.28474698809
1058.59913227395
1153.28276142078
1278.87009448885
1410.37517955505
1520.83947063975
1589.22213617997
1607.63285503587
1568.18131526097
1478.1003082467
1355.14304076536
1222.98044088492
1110.5436217237
1030.32555097
1005.99712142041
1040.18842804465
1123.03660075646
1240.7336244881
1374.21127865284
1491.25081946154
1574.75657172605
1608.29038071885
10.5047306919697
7.87463345196976
6.55958483478997
9.18968207102955
4.58701191254363
3.92948760606743
9.18968207102955
5.90206052690478
5.24453621948939
5.90206052690478
11.1622550031452
9.18968207102955
7.21710914314488
8.53215776126459
10.5047306919697
9.18968207102955
5.90206052690478
8.53215776126459
7.87463345196976
6.55958483478997
3.27196330006074
7.87463345196976
5.90206052690478
5.24453621948939
7.21710914314488
9.84720638126452
8.53215776126459
7.87463345196976
10.5047306919697
5.90206052690478
11.8197793147911
4.58701191254363
7.87463345196976
7.21710914314488
6.55958483478997
3.92948760606743
7.21710914314488
6.55958483478997
5.24453621948939
9.84720638126452
10.5047306919697
9.84720638126452
5.90206052690478
12.4773036269074
7.87463345196976
8.53215776126459
8.53215776126459
6.55958483478997
2.61443899452352
6.55958483478997
7.21710914314488
6.55958483478997
3.92948760606743
7.21710914314488
11.1622550031452
7.21710914314488
9.18968207102955
7.21710914314488
10.5047306919697
7.87463345196976
6.55958483478997
8.53215776126459
7.87463345196976
6.55958483478997
3.92948760606743
7.21710914314488
7.21710914314488
4.58701191254363
7.87463345196976
9.18968207102955
8.53215776126459
6.55958483478997
9.84720638126452
11.1622550031452
5.90206052690478
7.87463345196976
6.55958483478997
5.90206052690478
3.27196330006074
9.18968207102955
5.90206052690478
5.90206052690478
9.18968207102955
7.87463345196976
7.87463345196976
11.1622550031452
10.5047306919697
7.21710914314488
11.1622550031452
9.18968207102955
6.55958483478997
5.90206052690478
6.55958483478997
5.90206052690478
4.58701191254363
7.21710914314488
7.21710914314488
7.21710914314488
13.1348279394943
9.18968207102955
2938.4662942996
2689.26355251769
2313.81583440927
1881.82112294769
1466.26484837356
1162.48811492037
1013.22989768873
1055.96903164128
1281.50019594495
1641.16666570962
2071.84615581569
2491.34799929843
2819.45388873417
2989.09588928148
2977.91792633477
2775.39957955329
2431.51307832198
2004.12096434853
1578.04419998315
1232.18579528989
1039.5309029022
1022.43524940601
1201.2821059773
1530.04482905174
1948.88877491473
2376.93837564343
2742.52323175156
2961.4797459618
2998.95879796126
2852.33024121507
2542.63507945217
2126.42083017564
1697.71387977714
1319.63666817678
1074.37973626979
1008.62722187338
1133.55700432096
1421.55311294972
1823.95884076077
2261.87124832206
2649.15441477729
2912.16520791026
3011.45181588841
2912.16520791026
2643.23667339032
2250.69330001953
1816.72605586133
1418.2654854616
1129.6118529662
1006.65464653277
1078.98241249988
1325.55439681463
1702.974085988
2136.94124989863
2546.5802396575
2851.67271414573
3003.56148874191
2958.84963714967
2734.63290857464
2373.65074311743
1940.34093651599
1522.15452183367
1196.02190367578
1024.40782478904
1038.21585261907
1238.10352318526
1582.64687957064
2010.69622532635
2438.74587063343
2781.31732236899
2980.54803524204
2988.43836204274
2812.87861847904
2485.43025958036
2068.55852498769
1637.22151142339
1275.58246768268
1053.99645617301
1014.54494792698
1166.43326645658
1476.1277315867
1886.42380471454
2320.39109880064
2692.55118688833
2940.4388758314
3006.84912503852
2882.57648727769
2589.31947699596
2192.17345648309
1756.23367629631
1368.9510750447
1100.02321849582
1006.65464653277
1104.62589488913
1374.8688041067
1762.80893466614
2197.43366690127
2597.20979809289
2885.86412282241
3008.16417956293
2939.12382147605
2687.94849877494
2313.81583440927
1876.56091525564
1470.86752718835
1163.14564017489
1013.88742280756
1055.3115064846
1280.84267058
1644.45429429972
2075.79131283286
2491.34799929843
2818.13883467673
2990.41094376142
2975.94534466293
2773.42699862908
2431.51307832198
2002.14838606895
1578.04419998315
1233.500845929
1041.50347833133
1026.38040017738
1202.59715655879
1528.72977784224
1953.49145717839
2379.56848167774
2737.92054321782
2957.53458274852
3000.93137971945
2846.41249762002
2538.68991927455
2130.36598755013
1694.42625091713
1319.63666817678
1075.03726144373
1013.88742280756
1135.52958000648
1422.21063844925
1825.93141847499
2262.52877469942
2647.83936113027
2912.16520791026
3006.84912503852
2908.87757220321
2640.60656612754
2251.35082638438
1817.38358175786
1413.66280700498
1130.26937819048
1013.88742280756
1080.2974628567
1326.86944762992
1704.28913754741
2138.25630237699
2543.95013285087
2850.35766000946
2999.61632521317
2958.19210994869
2730.03022010748
2371.02063711012
1941.65598856964
1523.46957303019
1196.02190367578
1024.40782478904
1043.47605376579
1244.0212511305
1582.64687957064
2013.98385584176
2438.08834405587
2779.34474142325
2975.94534466293
2987.12330756774
2809.59098338154
2485.43025958036
2067.24347266149
1633.93388286975
1276.89751840329
1059.2566574336
1016.51752328878
1167.09079171474
1478.75783380132
1885.76627874577
2321.70615168783
2693.8662406421
2939.78134865332
3000.2738524659
2881.26143306547
2591.94958401586
2190.85840388583
1752.2885213069
1368.9510750447
1103.96836968829
1007.31217164572
1107.91352090234
1377.49890592845
1761.49388298675
2201.37882474552
2599.83990515004
2882.57648727769
3004.87654325808
2933.86360408729
2687.29097190475
2311.18572867353
1876.56091525564
1469.5524760952
1163.14564017489
1014.54494792698
1059.91418259385
1285.44534814773
1645.11182001973
2074.47626049095
2492.66305257751
2818.79636170505
2989.75341652104
2970.6851269075
2773.42699862908
2429.54049861657
2000.8333338861
1578.70172563654
1235.47342189228
1040.18842804465
1027.03792530801
1203.25468185045
1534.6475083055
1948.88877491473
2378.91095516804
2736.60548935817
2961.4797459618
2996.32868896188
2847.72755174661
2538.68991927455
2125.76330394908
1693.76872514713
1321.60924438377
1078.32488732236
1009.28474698809
1138.81720616109
1423.52568945023
1826.5889443811
2260.55619556954
2647.83936113027
2912.16520791026
3006.84912503852
2906.90499078873
2639.9490393138
2251.35082638438
1816.06852996548
1414.9778579894
1130.26937819048
1009.94227210339
1082.27003839641
1330.81460009082
1706.26171489157
2136.94124989863
2547.23776636108
2852.98776828522
2999.61632521317
2953.58941956473
2732.66032779825
2369.04805761251
1937.05330639407
1520.83947063975
1196.67942896133
1029.01050070343
1041.50347833133
1240.7336244881
1588.56461051609
2015.29890805287
2434.80071117947
2780.00226840436
2976.60287188606
2988.43836204274
2810.90603741814
2481.48509980266
2064.61336801764
1633.93388286975
1274.9249423233
1057.94160711489
1018.49009865589
1167.7483169735
1480.73041046904
1888.39638262499
2323.02120457799
2693.8662406421
2939.78134865332
3000.93137971945
2882.57648727769
2587.34689673917
2186.91324611151
1750.31594382133
1368.29354959652
1101.99579408936
1009.94227210339
1108.57104610678
1378.15643138546
1764.12398634823
2205.98150893033
2599.83990515004
2885.86412282241
3006.19159777755
2935.17865842958
2683.34581070011
2311.84325510635
1873.9308114262
1466.26484837356
1159.85801390837
1019.14762377944
1058.59913227395
1283.47277204355
1645.7693457404
2079.07894370015
2493.97810585964
2821.42646982635
2991.06847100262
2972.65770855963
2773.42699862908
2428.88297204962
2000.17580779573
1574.75657172605
1233.500845929
1042.81852862038
1026.38040017738
1204.56973243561
1533.33245708689
1953.49145717839
2378.91095516804
2742.52323175156
2961.4797459618
2997.64374345992
2843.12486231763
2537.37486588817
2125.76330394908
1693.11119937781
1315.69151577968
1075.03726144373
1011.91484745283
1138.15968092896
1424.84074045376
1825.93141847499
2263.18630107752
2652.44204890854
2912.16520791026
3006.84912503852
2909.53509934299
2641.92161975737
2248.72072092939
1813.43842638894
1413.66280700498
1128.95432774251
1012.57237257048
1080.95498803601
1328.18449844772
1706.26171489157
2142.2014598294
2547.89529306543
2852.98776828522
2999.61632521317
2956.87705554918
2730.03022010748
2369.70558411096
1939.02588446512
1519.52441944842
1194.04932782278
1027.03792530801
1042.16100347556
1242.04867514321
1586.59203352836
2015.29890805287
2439.40339721174
2782.63237633681
2978.57545356035
2988.43836204274
2810.24851039944
2481.48509980266
2066.58594649945
1632.61883145293
1273.60989160641
1053.99645617301
1015.85999816759
1168.40584223287
1478.75783380132
1891.0264865153
2323.02120457799
2696.49634815909
2942.41145737056
3002.90396148506
2880.60390596057
2588.00442349066
2190.85840388583
1751.6309954777
1363.03334603381
1101.33826889092
1009.94227210339
1105.28342009057
1372.89622774702
1766.75408972055
2203.35140367749
2602.47001221961
2886.52164993378
3005.5340705174
2935.83618560195
2684.00333756559
2311.84325510635
1875.24586333954
1466.9223739166
1158.542963406
1015.20247304699
1061.22923291612
1282.15772131053
1647.08439718374
2077.10636517763
2498.58079237119
2820.76894279482
2990.41094376142
2977.26039911
2772.11194468359
2426.25286578935
2000.17580779573
1577.38667433042
1230.87074465323
1034.92822692161
1027.69545043922
1201.2821059773
1532.01740587088
1953.49145717839
2382.19858772405
2740.55065094663
2962.79480037278
3002.90396148506
2847.07002468291
2537.37486588817
2125.76330394908
1694.42625091713
1316.34904117763
1072.40716075156
1009.94227210339
1131.58442864086
1424.18321495168
1827.24647028789
2263.84382745635
2648.49688795339
2918.74047938539
3007.50665230031
2912.16520791026
2639.29151250084
2249.37824729203
1812.12337460478
1416.29290897637
1125.00917641306
1008.62722187338
1080.95498803601
1325.55439681463
1704.28913754741
2141.54393358552
2549.21034647645
2855.61787657387
3003.56148874191
2957.53458274852
2731.34527395128
2369.70558411096
1937.71083241705
1518.86689385373
1192.07675197528
1024.40782478904
1037.5583274784
1238.76104851005
1587.24955919028
2012.01127753039
2441.37597695121
2783.28990332192
2979.89050801399
2991.72599824465
2815.50872657147
2483.45767968808
2066.58594649945
1632.61883145293
1270.97979018007
1055.3115064846
1011.25732233576
1167.09079171474
1476.78525713939
1887.73885665415
2326.96636326634
2695.83882127866
2940.4388758314
3007.50665230031
2880.60390596057
2593.26463753046
2186.91324611151
1752.94604713678
1366.97849870206
1097.39311771283
1009.28474698809
1103.31084448805
1375.52632956119
1766.09656387645
2200.72129843632
2601.15495868327
2889.15175838738
3005.5340705174
2935.83618560195
2690.57860626359
2311.84325510635
1873.9308114262
1465.60732283116
1159.85801390837
1011.91484745283
1054.65398132851
1281.50019594495
1643.13924286169
2079.07894370015
2495.29315914484
2824.0565779605
2993.04105273117
2973.31523577865
2776.71463350675
2430.19802518429
2001.49085997717
1574.75657172605
1232.18579528989
1039.5309029022
1022.43524940601
1199.30953010965
1533.33245708689
1950.86135302353
2380.88353469939
2742.52323175156
2962.13727316688
2998.95879796126
2851.67271414573
2538.03239258098
2129.05093508909
1692.45367360915
1316.34904117763
1075.03726144373
1008.62722187338
1130.92690341537
1424.18321495168
1824.61636666482
2259.24114281998
2651.78452208073
2919.39800653738
3006.84912503852
2913.48026219878
2642.57914657345
2249.37824729203
1814.75347817585
1415.63538348257
1126.3242268538
1007.96969675926
1078.98241249988
1324.23934600184
1701.0015086539
2140.88640734237
2546.5802396575
2853.64529535617
3006.19159777755
2958.19210994869
2732.66032779825
2372.99321661447
1943.62856665537
1516.89431707356
1196.02190367578
1023.75029966078
1040.18842804465
1240.7336244881
1585.27698220649
2010.69622532635
2440.71845037063
2781.9748493525
2980.54803524204
2993.69857997566
2812.87861847904
2486.08778621265
2069.21605115186
1632.61883145293
1274.26741696455
1050.70883040445
1017.17504841056
1165.11821594208
1474.1551549325
1885.76627874577
2324.99378391882
2694.52376752017
2943.06898455191
3006.19159777755
2884.54906860209
2589.97700374977
2193.48850908326
1752.94604713678
1362.37582059131
1100.02321849582
1005.33959630864
1101.99579408936
1375.52632956119
1759.52130547276
2202.6938773661
2601.15495868327
2889.15175838738
3008.16417956293
2939.12382147605
2687.29097190475
2314.47336084506
1873.27328547057
1466.9223739166
1159.20048865688
1012.57237257048
1056.62655679856
1282.15772131053
1643.79676858037
2079.07894370015
2491.34799929843
2822.08399685869
2989.75341652104
2979.89050801399
2777.37216048468
2428.88297204962
1998.86075561711
1576.72914867834
1232.84332060914
1032.95565151023
1026.38040017738
1201.93963126774
1529.38730344667
1950.86135302353
2382.19858772405
2743.18075868813
2959.50716435148
3000.93137971945
2852.98776828522
2539.3474459689
2125.10577772324
1691.79614784116
1320.29419357848
1071.74963558001
1006.65464653277
1133.55700432096
1421.55311294972
1825.93141847499
2264.50135383593
2653.75710256652
2914.13778934425
3010.13676135575
2914.13778934425
2640.60656612754
2249.37824729203
1814.09595228205
1414.9778579894
1124.35165119359
1007.96969675926
1078.32488732236
1327.52697303851
1701.65903443126
2141.54393358552
2550.52539989055
2852.98776828522
3001.58890697383
2959.50716435148
2734.63290857464
2369.70558411096
1935.73825435019
1518.86689385373
1191.419226694
1021.12019915361
1041.50347833133
1240.7336244881
1588.56461051609
2014.64138194696
2442.03350353256
2783.28990332192
2978.57545356035
2990.41094376142
2811.56356443764
2483.45767968808
2061.9832633852
1633.93388286975
1271.63731553572
1052.02388071009
1015.85999816759
1165.11821594208
1478.1003082467
1890.36896054168
2320.39109880064
2698.46892880511
2943.72651173408
3002.24643422903
2879.94637885649
2591.29205725972
2183.62561465293
1752.2885213069
1364.34839692071
1098.05064290768
1008.62722187338
1108.57104610678
1372.23870229505
1766.09656387645
2202.03635105545
2600.49743191627
2887.17917704596
3007.50665230031
2930.57596824584
2685.97591816673
2309.87067581011
1874.58833738252
1466.9223739166
1161.17306441316
1014.54494792698
1063.201808404
1283.47277204355
1645.7693457404
2079.07894370015
2495.29315914484
2819.45388873417
2991.72599824465
2973.97276299849
2772.11194468359
2428.22544548341
2000.8333338861
1572.78399477965
1237.4459978611
1036.24327719882
1028.35297557103
1205.2272577291
1530.04482905174
1952.17640509956
2384.17116726667
2737.92054321782
2962.13727316688
2997.64374345992
2846.41249762002
2538.68991927455
2127.73588263092
1689.82357054122
1322.92429519155
1075.03726144373
1011.91484745283
1135.52958000648
1428.78589347966
1824.61636666482
2263.84382745635
2643.23667339032
2914.13778934425
3004.87654325808
2910.850153625
2638.63398568867
2252.66587911629
1812.78090049652
1417.60795996589
1128.95432774251
1012.57237257048
1077.66736214544
1329.49954926802
1701.65903443126
2140.88640734237
2542.63507945217
2854.9603495005
2995.67116171409
2960.1646915541
2730.03022010748
2374.30826962113
1935.08072832929
1526.09967543102
1194.7068531065
1025.72287504734
1038.21585261907
1241.39114981535
1581.98935391332
2015.95643415949
2432.82813146271
2782.63237633681
2974.63029021915
2990.41094376142
2812.87861847904
2487.40283947952
2065.92842033813
1639.19408856352
1270.97979018007
1055.96903164128
1012.57237257048
1167.7483169735
1472.84010383291
1888.39638262499
2317.10346659566
2700.44150945822
2937.80876712396
3010.13676135575
2879.28885175322
2593.92216428893
2186.25571981834
1756.89120213025
1360.40324426758
1103.96836968829
1001.39444565035
1105.94094529261
1369.60860049351
1766.75408972055
2197.43366690127
2605.75764607404
2881.91896017117
3011.45181588841
2935.83618560195
2689.26355251769
2309.87067581011
1877.21844121473
1463.63474620781
1163.80316543001
1007.31217164572
1061.22923291612
1279.52761985194
1646.42687146174
2074.47626049095
2497.92326572439
2818.13883467673
2997.64374345992
2972.00018134144
2777.37216048468
2423.62275954118
2000.8333338861
1573.44152042779
1234.15837124948
1033.61317664676
1029.66802583642
1199.96705539825
1536.6200851383
1946.25867077946
2386.80127333401
2737.2630162876
2964.10985478703
2995.67116171409
2849.04260587642
2534.74475912463
2127.07835640292
1688.50851901127
1322.26676978735
1074.37973626979
1015.85999816759
1130.92690341537
1430.75847000122
1823.3013148574
2263.18630107752
2645.8667806656
2914.79531649055
3003.56148874191
2911.50768076722
2635.34635163949
2252.00835274997
1811.46584871372
1418.2654854616
1127.63927729695
1012.57237257048
1078.32488732236
1333.44470174395
1698.37140555115
2144.17403856535
2541.32002605655
2854.9603495005
2996.98621621049
2955.56200115294
2730.03022010748
2374.96579612558
1934.4232023091
1528.07225223846
1191.419226694
1029.66802583642
1038.87337776034
1244.67877646082
1581.98935391332
2015.95643415949
2432.82813146271
2783.28990332192
2972.65770855963
2989.75341652104
2812.22109145794
2490.69047266004
2061.32573722887
1638.53656284948
1272.9523662489
1057.28408195643
1013.88742280756
1169.72089275344
1468.89495054958
1892.34153846461
2318.41851947542
2697.81140192232
2935.83618560195
3008.82170682638
2877.31627044825
2597.86732485602
2187.57077240541
1756.89120213025
1364.34839692071
1106.59847049526
1004.68207119745
1105.28342009057
1372.89622774702
1764.78151219029
2194.80356168635
2603.78506575905
2882.57648727769
3009.47923409065
2935.83618560195
2690.57860626359
2311.84325510635
1883.79370084361
1462.97722066798
1165.11821594208
1011.25732233576
1057.94160711489
1279.52761985194
1646.42687146174
2068.55852498769
2498.58079237119
2816.16625359658
2995.01363446712
2973.97276299849
2777.37216048468
2429.54049861657
2005.43601653844
1574.09904607659
1236.78847253754
1032.95565151023
1030.32555097
1196.02190367578
1533.98998269587
1947.57372284569
2382.85611423751
2739.89312401324
2965.42490920457
2997.64374345992
2853.64529535617
2536.71733919613
2131.02351378174
1688.50851901127
1320.29419357848
1072.40716075156
1009.28474698809
1131.58442864086
1423.52568945023
1826.5889443811
2265.81640659728
2647.83936113027
2920.05553369018
3007.50665230031
2911.50768076722
2640.60656612754
2252.00835274997
1811.46584871372
1416.29290897637
1122.3790755388
1010.59979721928
1075.69478661827
1331.47212550317
1703.63161176737
2140.88640734237
2549.86787318312
2854.9603495005
2999.61632521317
2962.13727316688
2728.71516626685
2370.36311061016
1937.05330639407
1520.83947063975
1191.419226694
1027.03792530801
1036.90080233831
1245.33630179177
1585.27698220649
2015.29890805287
2440.06092379081
2785.26248428203
2977.26039911
2992.3835254875
2808.27592934815
2486.7453128457
2062.64078954224
1633.27635716101
1273.60989160641
1053.99645617301
1018.49009865589
1168.40584223287
1478.75783380132
1892.34153846461
2320.39109880064
2699.78398257306
2936.49371277514
3005.5340705174
2877.97379754909
2589.97700374977
2186.25571981834
1754.26109879856
1364.34839692071
1100.68074369307
1009.28474698809
1107.91352090234
1376.84138047206
1766.75408972055
2200.72129843632
2603.12753898894
2882.57648727769
3008.82170682638
3.92948760606743
5.90206052690478
5.90206052690478
5.24453621948939
7.87463345196976
8.53215776126459
7.87463345196976
11.1622550031452
7.87463345196976
11.1622550031452
7.21710914314488
7.21710914314488
6.55958483478997
4.58701191254363
5.90206052690478
7.87463345196976
4.58701191254363
10.5047306919697
4.58701191254363
12.4773036269074
7.87463345196976
7.87463345196976
9.84720638126452
7.21710914314488
6.55958483478997
5.90206052690478
4.58701191254363
6.55958483478997
5.24453621948939
8.53215776126459
7.21710914314488
7.87463345196976
9.18968207102955
8.53215776126459
8.53215776126459
11.8197793147911
6.55958483478997
9.84720638126452
7.87463345196976
5.90206052690478
5.90206052690478
8.53215776126459
2.61443899452352
6.55958483478997
9.18968207102955
7.87463345196976
8.53215776126459
8.53215776126459
8.53215776126459
9.18968207102955
5.90206052690478
7.21710914314488
7.87463345196976
3.92948760606743
5.90206052690478
5.90206052690478
4.58701191254363
11.1622550031452
5.90206052690478
9.84720638126452
10.5047306919697
8.53215776126459
10.5047306919697
8.53215776126459
4.58701191254363
7.21710914314488
4.58701191254363
5.90206052690478
7.21710914314488
7.21710914314488
7.21710914314488
10.5047306919697
8.53215776126459
8.53215776126459
9.18968207102955
9.18968207102955
9.18968207102955
5.24453621948939
6.55958483478997
5.90206052690478
3.92948760606743
7.21710914314488
4.58701191254363
8.53215776126459
9.18968207102955
10.5047306919697
7.87463345196976
9.84720638126452
10.5047306919697
7.21710914314488
6.55958483478997
4.58701191254363
7.87463345196976
5.90206052690478
4.58701191254363
5.24453621948939
10.5047306919697
7.87463345196976
9.84720638126452
8.53215776126459
4294.94670984016
3894.51171122996
3258.68212735816
2526.19691222805
1821.98626305271
1293.33565262036
1023.0927745331
1086.21518949194
1447.19660790445
2056.72305415454
2783.28990332192
3501.30986427415
4060.86643789795
4371.87761259257
4360.04208821675
4039.16799187014
3455.28291318923
2739.89312401324
2012.01127753039
1420.89558745082
1067.80448456319
1036.24327719882
1315.03399038235
1864.06792216418
2570.90872820368
3305.36658790347
3922.12790676105
4316.6451682314
4393.57607477833
4158.18069344373
3642.02085596843
2954.24694675998
2210.58419315091
1570.15389219362
1139.47473139382
1011.91484745283
1205.2272577291
1687.19346748399
2355.89752780064
3104.1631687966
3764.97862540933
4231.82392783209
4406.06912925227
4257.46755694139
3811.00560612396
3160.7105269449
2419.67760019159
1733.22027253432
1232.18579528989
1017.83257353293
1116.46134860691
1525.44214982984
2152.06435357422
2889.80928550281
3590.73366734779
4125.30425341802
4387.65831225738
4335.05598224824
3964.86726023385
3361.25644073889
2632.71624441421
1917.98505203079
1352.51293902935
1044.79110405839
1054.65398132851
1379.47148230139
1952.17640509956
2678.08559580463
3400.05057756165
3997.08616008562
4344.91891864518
4381.08302066128
4100.31816059891
3555.22715533616
2847.07002468291
2113.92783199413
1488.62071719794
1102.6533192884
1016.51752328878
1257.17175785422
1769.38419310372
2461.75930132553
3201.47723086929
3847.16966555995
4273.24825251282
4405.41160006052
4211.44053138706
3732.10221335755
3058.1362539411
2317.10346659566
1648.39944862973
1185.50149918991
1009.28474698809
1157.22791290606
1599.7425468916
2254.63845821967
2993.04105273117
3681.47254324574
4177.90655861147
4403.43901249123
4297.57682595208
3895.1692396759
3262.62729287105
2526.19691222805
1824.61636666482
1290.70555111954
1025.72287504734
1082.27003839641
1445.88155685749
2051.46284496946
2781.9748493525
3496.70716897137
4061.52396658158
4370.56255431282
4361.35714646497
4039.16799187014
3459.88560810376
2740.55065094663
2012.01127753039
1420.23806195256
1071.09211040905
1031.64060123893
1312.40388879927
1860.78029244467
2567.6210945546
3304.05153261764
3922.78543524611
4312.69999389919
4397.52124983678
4161.46833757825
3644.65096835262
2952.93189237029
2213.21429843588
1568.83884090453
1139.47473139382
1009.28474698809
1202.59715655879
1684.56336443746
2356.55505428413
3098.24542237193
3764.97862540933
4232.48145676517
4408.69924602915
4260.09767283103
3816.92336111367
3162.68310931811
2420.9926533051
1733.87779834462
1233.500845929
1011.91484745283
1113.83124776392
1518.86689385373
2152.06435357422
2887.83670415896
3588.76108327889
4124.64672464194
4390.94595809247
4335.05598224824
3969.46996007458
3363.22902389424
2632.71624441421
1917.98505203079
1351.19788816512
1042.81852862038
1053.33893101811
1377.49890592845
1954.14898321886
2673.48290781233
3403.3382164146
3997.74368867754
4346.23397684814
4383.71313728787
4103.60580431211
3555.88468331277
2847.72755174661
2109.98267472761
1489.27824276287
1099.36569329918
1016.51752328878
1255.19918182993
1769.38419310372
2462.4168279304
3204.76486842429
3849.14225070037
4277.85095549349
4408.04171683344
4213.41311809915
3732.75974157625
3058.1362539411
2313.81583440927
1645.7693457404
1181.55634754793
1007.31217164572
1153.94028666681
1599.7425468916
2253.32340548335
2995.67116171409
3682.13007139456
4184.48184719324
4402.78148330344
4301.52200014927
3896.48429657059
3261.31223769667
2524.22433219343
1818.04110765507
1287.4179242575
1024.40782478904
1080.2974628567
1448.51165895398
2051.46284496946
2785.26248428203
3500.6523363711
4066.12666739359
4371.87761259257
4362.01467559055
4036.53787727022
3458.5705524095
2735.29043550169
2010.03869922539
1417.60795996589
1067.80448456319
1031.64060123893
1315.03399038235
1862.75287027431
2571.56625493581
3304.70906026012
3928.04566316018
4315.98763917358
4397.52124983678
4156.20810697455
3643.33591215872
2949.64425641039
2208.61161419485
1562.92111013604
1138.81720616109
1012.57237257048
1205.2272577291
1685.22089019809
2360.50021320074
3103.50564141273
3770.89637982111
4232.48145676517
4404.09654168
4257.46755694139
3816.2658327778
3158.73794457926
2419.67760019159
1732.5627467247
1234.81589657057
1014.54494792698
1117.77639903201
1524.78462422931
2154.69445860032
2891.78186685396
3593.36377945217
4125.30425341802
4388.31584142242
4332.42586591304
3966.83984587425
3359.94138530632
2630.74366400344
1916.01247402664
1350.54036273395
1046.76367950174
1055.3115064846
1379.47148230139
1958.09413947636
2677.42806894623
3403.3382164146
3997.74368867754
4345.57644774617
4381.08302066128
4099.66063185913
3551.93951546647
2845.75497055793
2111.95525335764
1489.93576832845
1100.02321849582
1019.14762377944
1257.82928319689
1773.32934819882
2463.07435453603
3204.76486842429
3846.51213718166
4275.22083949869
4404.09654168
4210.78300248496
3730.78715692288
3058.1362539411
2316.4459401569
1648.39944862973
1185.50149918991
1011.25732233576
1159.20048865688
1601.71512391877
2253.32340548335
2993.69857997566
3680.1574869508
4181.85173174897
4400.80889574602
4299.54941304627
3894.51171122996
3265.25740323007
2524.88185887087
1823.95884076077
1290.04802574589
1027.69545043922
1080.95498803601
1449.16918447971
2050.80531882453
2783.28990332192
3496.04964107451
4064.1540813256
4372.53514173392
4363.98726297322
4035.8803486226
3462.51571950281
2739.23559708064
2012.66880363347
1418.92301095795
1069.11953489975
1030.32555097
1315.03399038235
1860.78029244467
2569.59367474173
3300.10636678077
3925.41554919568
4315.98763917358
4400.1513665622
4158.18069344373
3647.28108075122
2952.93189237029
2215.18687740728
1566.86626397582
1140.13225662715
1006.65464653277
1203.91220714272
1681.27573564433
2358.52763373907
3100.21800450596
3766.95121020502
4233.79651463424
4408.69924602915
4258.12508591234
3817.58088945046
3160.05299948884
2418.3625470811
1731.24769510747
1232.18579528989
1009.94227210339
1115.80382339526
1519.52441944842
2152.72187982966
2890.46681261905
3594.67883550972
4125.30425341802
4392.26101643342
4334.39845316296
3970.12748862701
3361.25644073889
2632.71624441421
1914.03989602876
1349.8828373034
1042.81852862038
1051.36635555697
1376.84138047206
1957.43661343169
2675.45548837575
3404.65327196188
3997.74368867754
4348.20656415995
4383.71313728787
4102.29074682397
3551.93951546647
2847.72755174661
2108.01009610405
1489.93576832845
1098.05064290768
1016.51752328878
1255.19918182993
1772.67182234794
2462.4168279304
3204.76486842429
3848.4847223193
4277.85095549349
4406.06912925227
4213.41311809915
3730.12962870692
3056.16367196702
2313.81583440927
1645.7693457404
1178.92624646546
1007.96969675926
1156.570387657
1602.37264959582
2255.95351095894
2997.64374345992
3683.44512769493
4183.82431833073
4402.12395411665
4298.8918840139
3890.5665405738
3262.62729287105
2522.25175216571
1821.32873715139
1286.10287351703
1026.38040017738
1083.5850887592
1451.14176106072
2052.12037111511
2785.26248428203
3499.33728056766
4068.09925347013
4369.24749603702
4362.01467559055
4034.56529133021
3459.88560810376
2735.29043550169
2009.38117312513
1414.32033249687
1070.43458523869
1034.92822692161
1316.34904117763
1860.78029244467
2574.19636187208
3305.36658790347
3928.70319165364
4313.35752295211
4396.20619148001
4156.20810697455
3644.65096835262
2949.64425641039
2210.58419315091
1565.55121269327
1137.50215569743
1008.62722187338
1206.54230831793
1685.22089019809
2359.84268671277
3100.87553188565
3767.60873847208
4230.50886996883
4408.69924602915
4257.46755694139
3814.95077610882
3158.73794457926
2420.9926533051
1734.53532415559
1234.81589657057
1012.57237257048
1119.74897467416
1524.12709862942
2152.72187982966
2886.52164993378
3594.67883550972
4124.64672464194
4389.63089975547
4331.76833683169
3966.83984587425
3360.59891302217
2634.03129802529
1916.01247402664
1351.85541359692
1044.79110405839
1055.96903164128
1377.49890592845
1956.77908738772
2675.45548837575
3402.68068864227
3995.11357431553
4346.23397684814
4380.4254915071
4101.63321808133
3552.59704343863
2848.38507881111
2111.29772714691
1492.56587059721
1100.68074369307
1017.17504841056
1253.88413115015
1772.67182234794
2463.73188114242
3202.1347583786
3845.19708042785
4278.50848449463
4405.41160006052
4213.41311809915
3732.75974157625
3056.82119929088
2315.1308872816
1649.71450007838
1180.8988222764
1005.99712142041
1156.570387657
1601.05759824239
2252.00835274997
2995.01363446712
3679.49995880468
4183.82431833073
4404.09654168
4300.86447111396
3893.19665434085
3265.91493082196
2524.88185887087
1821.98626305271
1286.76039888695
1023.75029966078
1079.63993767799
1447.19660790445
2052.12037111511
2783.94743030782
3498.67975266726
4066.78419608482
4371.87761259257
4363.32973384468
4037.85293456829
3461.20066380153
2734.63290857464
2012.66880363347
1414.32033249687
1065.83190906283
1029.66802583642
1313.0614141941
1860.78029244467
2572.22378166872
3305.36658790347
3928.04566316018
4315.33011011674
4400.1513665622
4158.83822226872
3644.65096835262
2949.64425641039
2211.24171947106
1562.26358449837
1138.81720616109
1006.65464653277
1203.91220714272
1685.22089019809
2359.84268671277
3100.87553188565
3768.26626674006
4233.13898569922
4410.01430442353
4256.81002797141
3813.63571944352
3158.08041712574
2418.3625470811
1731.24769510747
1232.84332060914
1013.22989768873
1117.77639903201
1523.46957303019
2154.69445860032
2889.15175838738
3595.99389157085
4124.64672464194
4388.31584142242
4331.76833683169
3966.18231732651
3360.59891302217
2632.71624441421
1916.01247402664
1349.22531187349
1046.10615435336
1055.96903164128
1378.15643138546
1960.06671761456
2678.08559580463
3403.9957441878
3997.08616008562
4344.91891864518
4381.08302066128
4100.97568933964
3550.62445952481
2844.43991643617
2110.6402009369
1491.25081946154
1100.68074369307
1019.80514890357
1257.82928319689
1772.67182234794
2465.04693435749
3202.1347583786
3847.82719393917
4275.22083949869
4404.09654168
4209.46794468367
3729.47210049186
3056.16367196702
2316.4459401569
1647.08439718374
1184.18644864015
1009.28474698809
1159.20048865688
1600.40007256666
2252.66587911629
2995.67116171409
3682.13007139456
4178.56408746532
4400.80889574602
4299.54941304627
3892.5391258977
3264.59987563903
2526.19691222805
1823.3013148574
1290.04802574589
1025.72287504734
1080.2974628567
1447.8541334289
2053.43542340853
2781.31732236899
3498.02222476775
4064.1540813256
4373.19267087626
4360.69961734036
4037.85293456829
3460.5431359522
2738.57807014883
2014.64138194696
1415.63538348257
1068.46200973117
1030.98307610417
1315.69151577968
1860.78029244467
2567.6210945546
3304.05153261764
3926.07307768541
4313.35752295211
4400.1513665622
4159.49575109466
3645.30849645092
2953.58941956473
2209.92666683149
1565.55121269327
1138.15968092896
1006.65464653277
1203.25468185045
1681.27573564433
2357.87010725334
3101.53305926617
3768.92379500895
4233.13898569922
4410.01430442353
4260.09767283103
3815.60830444285
3158.73794457926
2418.3625470811
1732.5627467247
1231.52826997125
1011.25732233576
1118.43392424546
1521.49699623639
2153.37940608582
2887.83670415896
3594.0213074805
4127.276839752
4392.26101643342
4333.74092407867
3963.55220314493
3360.59891302217
2631.40119080625
1917.32752602871
1348.56778644421
1042.81852862038
1055.96903164128
1379.47148230139
1957.43661343169
2677.42806894623
3398.07799426034
3998.4012172704
4348.86409326586
4381.74054981645
4100.97568933964
3552.59704343863
2844.43991643617
2109.98267472761
1487.96319163365
1100.02321849582
1020.4626740283
1256.51423251217
1773.32934819882
2465.04693435749
3206.07992345222
3850.45730746527
4274.56331050242
4405.41160006052
4208.81041578448
3730.12962870692
3056.16367196702
2313.81583440927
1647.7419229064
1182.87139809282
1008.62722187338
1159.20048865688
1602.37264959582
2256.61103732967
2996.32868896188
3680.1574869508
4181.85173174897
4398.83630819751
4298.2343549825
3892.5391258977
3259.9971825257
2526.19691222805
1823.95884076077
1290.70555111954
1026.38040017738
1083.5850887592
1449.82671000607
2054.09294955631
2783.94743030782
3497.36469686912
4064.1540813256
4369.24749603702
4360.69961734036
4035.22281997593
3457.91302456369
2739.89312401324
2012.66880363347
1418.2654854616
1069.77706006892
1034.27070178389
1315.69151577968
1860.12276650283
2571.56625493581
3302.73647733524
3924.75802070689
4312.69999389919
4396.20619148001
4159.49575109466
3644.65096835262
2952.93189237029
2213.87182475895
1569.49636654875
1139.47473139382
1011.91484745283
1200.62458068747
1681.93326140162
2358.52763373907
3098.24542237193
3766.29368193888
4231.82392783209
4406.06912925227
4260.09767283103
3815.60830444285
3160.05299948884
2420.9926533051
1734.53532415559
1232.84332060914
1013.88742280756
1113.17372255468
1520.18194504376
2152.06435357422
2887.83670415896
3590.07613932393
4123.33166709264
4391.60348726245
4334.39845316296
3968.81243152309
3363.88655161443
2633.37377121936
1917.98505203079
1352.51293902935
1041.50347833133
1052.68140586381
1378.15643138546
1954.80650926002
2675.45548837575
3401.36563310022
3997.08616008562
4348.20656415995
4385.02819560709
4101.63321808133
3554.56962736044
2847.07002468291
2112.61277956908
1489.93576832845
1098.05064290768
1017.17504841056
1252.56908047284
1770.0417189512
2462.4168279304
3201.47723086929
3847.16966555995
4277.85095549349
4405.41160006052
4214.72817591205
3731.44468513976
3058.79378126746
2315.78841371888
1648.39944862973
1180.24129700548
1007.31217164572
1155.91286240855
1599.7425468916
2254.63845821967
2994.35610722098
3682.78759954429
4183.16678946918
4403.43901249123
4302.17952918556
3895.1692396759
3263.28482045952
2525.53938554908
1822.64378895471
1289.39050037286
1023.0927745331
1080.95498803601
1446.53908238065
2050.80531882453
2783.28990332192
3498.02222476775
4066.12666739359
4372.53514173392
4362.67220471712
4038.51046321874
3460.5431359522
2738.57807014883
2011.35375142802
1415.63538348257
1067.14695939581
1031.64060123893
1313.71893958956
1860.12276650283
2570.25120147231
3305.36658790347
3927.38813466766
4315.98763917358
4398.83630819751
4161.46833757825
3645.96602455012
2949.64425641039
2211.89924579193
1563.57863577437
1137.50215569743
1006.65464653277
1201.93963126774
1684.56336443746
2358.52763373907
3101.53305926617
3769.58132327875
4233.79651463424
4410.01430442353
4258.78261488427
3815.60830444285
3158.73794457926
2418.3625470811
1731.24769510747
1232.84332060914
1011.91484745283
1113.83124776392
1522.15452183367
2154.69445860032
2892.43939397263
3594.0213074805
4127.276839752
4392.26101643342
4336.37104042173
3968.15490297254
3361.25644073889
2631.40119080625
1915.35494802665
1347.91026101555
1042.16100347556
1053.33893101811
1378.81395684311
1958.09413947636
2678.08559580463
3404.65327196188
3999.0587458642
4348.20656415995
4383.05560812974
4099.66063185913
3552.59704343863
2844.43991643617
2107.35256989763
1488.62071719794
1098.05064290768
1017.17504841056
1257.17175785422
1772.67182234794
2465.70446096616
3205.42239593783
3851.1148358491
4277.19342649333
4405.41160006052
4209.46794468367
3729.47210049186
3055.50614464398
2313.81583440927
1645.11182001973
1180.8988222764
1007.96969675926
1158.542963406
1603.03017527352
2257.26856370114
2997.64374345992
3685.41771215226
4183.16678946918
4401.46642493084
4298.8918840139
3891.88159745547
3261.31223769667
2522.90927884085
1822.64378895471
1288.73297500045
1027.69545043922
1083.5850887592
1449.16918447971
2054.09294955631
2786.57753825943
3499.33728056766
4064.81161001398
4370.56255431282
4360.04208821675
4034.56529133021
3455.94044103153
2735.94796242954
2010.03869922539
1417.60795996589
1071.09211040905
1032.95565151023
1317.66409197542
1863.4103962189
2572.8813084024
3304.70906026012
3926.07307768541
4313.35752295211
4396.8637206579
4156.20810697455
3642.67838406313
2948.98672922086
2211.89924579193
1568.18131526097
1140.13225662715
1009.94227210339
1207.19983361326
1686.53594172135
2359.18516022555
3099.56047712712
3767.60873847208
4231.82392783209
4405.41160006052
4256.81002797141
3814.29324777571
3160.05299948884
2419.67760019159
1733.87779834462
1234.15837124948
1014.54494792698
1117.77639903201
1523.46957303019
2154.69445860032
2888.49423127277
3592.04872339819
4123.98919586681
4388.97337058845
4331.11080775132
3966.83984587425
3359.94138530632
2632.71624441421
1917.98505203079
1351.19788816512
1045.44862920558
1056.62655679856
1380.12900776031
1955.46403530189
2674.79796152049
3403.3382164146
3995.77110290462
4346.23397684814
4381.08302066128
4099.66063185913
3553.25457141168
2847.72755174661
2111.95525335764
1490.59329389467
1102.6533192884
1019.80514890357
1256.51423251217
1771.35677064821
2462.4168279304
3202.79228588875
3846.51213718166
4274.56331050242
4403.43901249123
4211.44053138706
3732.75974157625
3056.82119929088
2315.78841371888
1649.71450007838
1183.52892336618
1009.94227210339
1157.22791290606
1601.71512391877
2253.32340548335
2993.69857997566
3680.81501509782
4180.53667403262
4400.80889574602
9.18968207102955
8.53215776126459
9.84720638126452
8.53215776126459
8.53215776126459
8.53215776126459
8.53215776126459
5.90206052690478
5.90206052690478
5.90206052690478
4.58701191254363
5.90206052690478
4.58701191254363
6.55958483478997
9.18968207102955
9.18968207102955
8.53215776126459
7.87463345196976
9.84720638126452
8.53215776126459
7.87463345196976
4.58701191254363
6.55958483478997
3.92948760606743
5.24453621948939
5.90206052690478
5.90206052690478
7.21710914314488
8.53215776126459
9.18968207102955
9.18968207102955
9.18968207102955
11.1622550031452
7.87463345196976
8.53215776126459
4.58701191254363
5.90206052690478
4.58701191254363
6.55958483478997
7.87463345196976
5.24453621948939
7.21710914314488
7.87463345196976
11.1622550031452
10.5047306919697
9.18968207102955
10.5047306919697
8.53215776126459
5.24453621948939
6.55958483478997
7.21710914314488
5.90206052690478
5.90206052690478
6.55958483478997
5.24453621948939
9.18968207102955
9.84720638126452
9.84720638126452
9.84720638126452
10.5047306919697
9.84720638126452
7.87463345196976
7.87463345196976
4.58701191254363
5.90206052690478
5.90206052690478
7.21710914314488
5.24453621948939
7.21710914314488
7.87463345196976
8.53215776126459
7.87463345196976
9.18968207102955
9.18968207102955
7.87463345196976
7.21710914314488
6.55958483478997
5.90206052690478
5.24453621948939
4.58701191254363
5.90206052690478
4.58701191254363
7.87463345196976
10.5047306919697
9.84720638126452
9.18968207102955
10.5047306919697
7.87463345196976
10.5047306919697
7.21710914314488
6.55958483478997
3.92948760606743
5.24453621948939
5.24453621948939
6.55958483478997
5.90206052690478
6.55958483478997
9.18968207102955
7.21710914314488
11.1622550031452
5674.44487619037
5120.80396279242
4239.05674614931
3202.79228588875
2204.66645630245
1434.70362306157
1038.87337776034
1094.76301693942
1591.19471317558
2434.80071117947
3463.17324735477
4478.39734640596
5291.10435049204
5748.74591437579
5754.00616542153
5315.43298326963
4515.87651822302
3505.91255962019
2471.62220047845
1620.78336882067
1107.91352090234
1032.29812637429
1411.03270504377
2169.81756272532
3158.73794457926
4200.92006906952
5091.87262999764
5658.00659537657
5800.03336521426
5485.07592408542
4775.60069394867
3803.77279457104
2756.33129758615
1835.1367812229
1212.46003599794
1007.31217164572
1259.8018592286
1921.93020805787
2864.16572860117
3906.3472233993
4863.05216132897
5539.65099444177
5805.95114845477
5617.23966202532
5010.33888507555
4096.37298817455
3050.90345340599
2073.16120815189
1352.51293902935
1021.12019915361
1144.73493327741
1695.08377668779
2576.16894208241
3611.7745645836
4612.53334482634
5379.21346012745
5776.36223318715
5716.52687832355
5220.74858304172
4379.76796235391
3352.70858048912
2335.51420718304
1524.12709862942
1071.09211040905
1061.88675807815
1500.45617746549
2301.98035869192
3312.59939203705
4341.63127315497
5194.44736476418
5706.00637735135
5778.99235889413
5402.22703680064
4645.40982144418
3653.19883370075
2608.38775317158
1720.72728226665
1157.88543815573
1017.17504841056
1332.12965091614
2044.23005741434
3011.45181588841
4054.94867978796
4978.7774398185
5600.80138368173
5805.29361697898
5554.77420807763
4892.64100784831
3952.37421804057
2905.58993651648
1954.80650926002
1279.52761985194
1013.22989768873
1198.65200482165
1805.54811572492
2718.19473565574
3761.03345584262
4736.80643984922
5460.08974986803
5792.80051915845
5671.15721997065
5119.48890216575
4241.02933298347
3204.76486842429
2204.66645630245
1437.33372511457
1041.50347833133
1099.36569329918
1594.48234151474
2433.4856580342
3459.88560810376
4473.79464131908
5289.78928930355
5741.51306930795
5755.32122819446
5315.43298326963
4516.53404758219
3505.91255962019
2474.90983356747
1622.09842021368
1111.85867213799
1034.92822692161
1411.03270504377
2167.18745763256
3158.73794457926
4198.28995352878
5088.58497867503
5657.34906415882
5798.06077082155
5485.07592408542
4779.54587253298
3810.34807779637
2760.27645931754
1834.47925530788
1213.11756129878
1009.94227210339
1261.77443526587
1919.30010403703
2860.87809318991
3907.66228032561
4864.36722112933
5536.36333938226
5805.29361697898
5618.55472432339
5012.31147548524
4097.68804564552
3054.84861732178
2077.76389135109
1354.48551533041
1019.80514890357
1141.44730709564
1695.08377668779
2572.8813084024
3611.1170365311
4609.90322680661
5380.52852161513
5775.70470176328
5719.15700361239
5224.03623544853
4381.08302066128
3355.99621902941
2339.45936595629
1523.46957303019
1069.11953489975
1059.91418259385
1497.82607516572
2299.35025300958
3308.6542261331
4340.31621496577
5193.13230389584
5706.66390865353
5782.2800160538
5406.82975229804
4648.69746924584
3657.14400237431
2616.27807453886
1725.98748866552
1155.91286240855
1015.85999816759
1330.81460009082
2040.28490060235
3012.76687042438
4057.57879449402
4980.09249998883
5598.82879032804
5809.23880585106
5558.06186329464
4895.27112764148
3954.34680362755
2902.95982798172
1952.83393113863
1277.55504376452
1007.31217164572
1194.04932782278
1802.2604863106
2716.87968184359
3763.66356888344
4739.43655865783
5464.03493516365
5796.08817643923
5673.78734494415
5121.46149310736
4238.39921720653
3203.44981339975
2202.03635105545
1431.41599550968
1039.5309029022
1096.73559251858
1592.50976450927
2435.45823775323
3463.17324735477
4477.73981710484
5293.07694228299
5747.43085162585
5755.97875958265
5318.06310582201
4515.21898886485
3502.62492008288
2471.62220047845
1619.46831743031
1105.94094529261
1032.95565151023
1412.3477560231
2169.16003645104
3162.02558185953
4203.55018462571
5089.90003920086
5660.63672025894
5799.37583374887
5484.41839316431
4774.28563442883
3801.80020962136
2756.33129758615
1831.19162574306
1210.48746009909
1005.99712142041
1258.48680854017
1919.9576300412
2865.48078277133
3912.26497959706
4863.70969122863
5538.3359324146
5807.92374288908
5616.58213087798
5010.33888507555
4095.0579307074
3050.90345340599
2073.81873432106
1350.54036273395
1019.14762377944
1142.10483233078
1698.37140555115
2577.48399555983
3615.06220485952
4613.19087433381
5380.52852161513
5778.99235889413
5717.18440964404
5220.09105256361
4380.4254915071
3353.36610819545
2335.51420718304
1522.81204743161
1069.11953489975
1059.2566574336
1499.79865188958
2301.98035869192
3313.25691969072
4343.60386044615
5194.44736476418
5707.32143995685
5779.64989032376
5404.19962915002
4646.06735100248
3652.54130559164
2612.33291384122
1724.67243706177
1154.59781191345
1017.83257353293
1332.78717632973
2042.91500514084
3013.4243976936
4060.86643789795
4981.40756016338
5603.43150816915
5805.29361697898
5554.77420807763
4892.64100784831
3949.08657541434
2908.87757220321
1950.20382698656
1276.89751840329
1011.25732233576
1199.96705539825
1807.52069338171
2720.1673163799
3763.66356888344
4738.77902895413
5464.03493516365
5794.1155820673
5673.12981369906
5116.20125061789
4237.74168826472
3200.16217585323
2202.6938773661
1434.04609754991
1041.50347833133
1100.02321849582
1595.79739285501
2439.40339721174
3461.20066380153
4477.73981710484
5291.76188108793
5746.1157888805
5751.37603988947
5312.80286073482
4514.56145950769
3502.62492008288
2470.96467386293
1620.78336882067
1109.88609651746
1034.92822692161
1414.32033249687
2169.16003645104
3162.68310931811
4202.23512684569
5089.90003920086
5658.66412659545
5794.77311352345
5483.10333132543
4772.31304515683
3800.48515299283
2755.6737706337
1836.45183305501
1213.77508660023
1009.28474698809
1261.77443526587
1920.61515604606
2865.48078277133
3912.26497959706
4861.07957163627
5536.36333938226
5803.97855403087
5617.89719317379
5010.33888507555
4095.7154594405
3050.90345340599
2077.10636517763
1352.51293902935
1021.77772427952
1142.10483233078
1699.02893132583
2578.1415222997
3614.40467680254
4611.21828581444
5379.87099087074
5773.07457607933
5715.211815686
5221.40611352091
4379.11043320171
3352.70858048912
2333.54162780647
1524.78462422931
1069.77706006892
1063.201808404
1499.79865188958
2307.24057009217
3314.57197500065
4344.26138954517
5193.13230389584
5705.34884605031
5779.64989032376
5404.19962915002
4643.43723277541
3653.19883370075
2611.675387061
1725.98748866552
1157.88543815573
1019.14762377944
1332.78717632973
2043.57253127723
3014.08192496365
4060.20890921526
4978.7774398185
5602.7739770456
5805.95114845477
5555.43173911878
4893.9560677428
3949.74410393771
2901.64477371922
1952.17640509956
1278.87009448885
1011.25732233576
1197.33695424749
1808.17821926867
2720.1673163799
3764.97862540933
4740.75161806831
5464.69246605015
5793.4580506123
5672.47228245512
5117.51631123382
4237.74168826472
3202.79228588875
2203.35140367749
1434.04609754991
1039.5309029022
1099.36569329918
1595.13986718455
2436.11576432776
3464.48830306132
4480.36993431532
5294.39200348243
5748.08838300024
5753.34863403679
5314.77545263428
4513.90393015153
3503.28244798858
2472.27972709473
1619.46831743031
1107.91352090234
1034.92822692161
1413.66280700498
2170.47508900033
3161.36805440179
4202.89265573522
5091.87262999764
5660.63672025894
5798.06077082155
5481.13073857549
4772.97057491313
3801.80020962136
2755.6737706337
1837.10935897209
1211.1449853981
1007.96969675926
1261.11690991949
1923.24526007247
2864.82325568585
3912.26497959706
4864.36722112933
5538.99346342762
5807.92374288908
5618.55472432339
5010.33888507555
4095.0579307074
3050.90345340599
2073.16120815189
1351.85541359692
1019.80514890357
1142.76235756653
1697.71387977714
2575.51141534486
3614.40467680254
4613.19087433381
5381.18605236063
5776.36223318715
5716.52687832355
5220.09105256361
4381.08302066128
3351.39352507907
2333.54162780647
1523.46957303019
1068.46200973117
1062.54428324078
1499.79865188958
2301.98035869192
3312.59939203705
4346.23397684814
5195.10489519997
5707.97897126132
5780.30742175454
5410.117406258
4643.43723277541
3652.54130559164
2611.675387061
1723.3573854607
1153.94028666681
1015.20247304699
1332.12965091614
2044.23005741434
3012.10934315598
4060.86643789795
4980.09249998883
5604.74657041966
5807.26621140982
5556.74680120446
4892.64100784831
3950.40163246202
2902.30230085006
1952.17640509956
1276.89751840329
1008.62722187338
1196.67942896133
1806.20564160983
2720.1673163799
3764.32109714593
4740.09408836255
5465.34999693778
5797.40323935962
5671.81475121231
5114.88619000627
4238.39921720653
3202.1347583786
2201.37882474552
1432.07352101878
1038.87337776034
1096.73559251858
1594.48234151474
2437.43081747908
3464.48830306132
4479.7124050112
5293.73447288216
5746.7733202526
5755.97875958265
5314.11792200003
4515.21898886485
3511.83031084302
2470.96467386293
1619.46831743031
1108.57104610678
1032.29812637429
1413.00528151372
2168.50251017749
3160.05299948884
4201.57759795712
5091.87262999764
5659.97918903664
5800.69089668081
5482.44580040766
4773.62810467047
3801.80020962136
2757.64635149343
1833.16420347989
1212.46003599794
1005.99712142041
1260.45938457373
1920.61515604606
2864.16572860117
3911.60745112691
4864.36722112933
5537.02087039192
5808.58127436949
5616.58213087798
5009.68135494111
4095.0579307074
3052.21850804127
2073.16120815189
1351.19788816512
1018.49009865589
1144.73493327741
1697.71387977714
2576.82646882073
3613.08962069128
4612.53334482634
5381.18605236063
5776.36223318715
5718.49947228846
5220.74858304172
4379.76796235391
3352.05105278366
2334.19915426458
1522.15452183367
1069.11953489975
1059.2566574336
1500.45617746549
2300.66530584927
3311.28433673229
4343.60386044615
5195.10489519997
5707.32143995685
5780.96495318647
5405.51469072181
4646.72488056179
3653.19883370075
2612.99044062221
1724.0149112609
1154.59781191345
1013.88742280756
1332.12965091614
2042.91500514084
3011.45181588841
4058.23632317291
4979.43496990314
5603.43150816915
5808.58127436949
5554.77420807763
4893.9560677428
3951.05916098727
2902.95982798172
1951.5188790612
1278.87009448885
1008.62722187338
1197.33695424749
1805.54811572492
2719.50978947106
3762.3485123612
4740.09408836255
5462.71987339398
5795.43064498076
5673.12981369906
5117.51631123382
4237.74168826472
3202.1347583786
2202.03635105545
1431.41599550968
1038.21585261907
1096.73559251858
1595.13986718455
2434.80071117947
3461.20066380153
4480.36993431532
5293.07694228299
5747.43085162585
5755.32122819446
5315.43298326963
4513.90393015153
3502.62492008288
2471.62220047845
1620.12584312516
1107.91352090234
1032.29812637429
1410.37517955505
2168.50251017749
3162.68310931811
4202.23512684569
5091.21509973097
5660.63672025894
5801.34842814851
5484.41839316431
4774.28563442883
3803.11526625356
2756.33129758615
1834.47925530788
1211.80251069771
1004.68207119745
1258.48680854017
1921.27268205162
2862.85067443424
3912.26497959706
4863.05216132897
5538.3359324146
5807.26621140982
5619.86978662599
5009.02382480774
4096.37298817455
3051.56098072321
2075.79131283286
1351.19788816512
1018.49009865589
1140.78978186109
1695.74130245912
2574.85388860808
3611.7745645836
4613.19087433381
5381.18605236063
5777.01976461216
5718.49947228846
5222.72117448254
4378.45290405049
3351.39352507907
2334.85668072344
1521.49699623639
1067.80448456319
1059.2566574336
1498.48360073969
2302.63788511435
3310.6268090812
4342.94633134811
5195.76242563685
5707.97897126132
5780.96495318647
5408.80234467069
4644.75229188691
3653.85636181075
2612.33291384122
1723.3573854607
1153.94028666681
1016.51752328878
1330.15707467911
2041.59995287017
3013.4243976936
4058.23632317291
4980.75003007558
5604.08903929384
5809.23880585106
5556.74680120446
4894.61359769162
3949.74410393771
2902.30230085006
1950.20382698656
1276.89751840329
1009.28474698809
1196.02190367578
1806.20564160983
2719.50978947106
3763.00604062186
4738.77902895413
5464.69246605015
5796.74570789885
5674.44487619037
5118.83137185403
4239.05674614931
3201.47723086929
2202.6938773661
1432.73104652852
1038.21585261907
1096.07806732493
1592.50976450927
2436.77329090304
3461.85819165173
4479.7124050112
5295.04953408379
5746.7733202526
5755.32122819446
5316.74804454362
4515.21898886485
3502.62492008288
2471.62220047845
1618.81079173612
1106.59847049526
1033.61317664676
1410.37517955505
2168.50251017749
3160.05299948884
4201.57759795712
5091.87262999764
5659.32165781548
5800.69089668081
5483.10333132543
4772.97057491313
3803.11526625356
2756.98882453939
1831.19162574306
1209.8299348007
1007.96969675926
1261.77443526587
1921.93020805787
2865.48078277133
3911.60745112691
4864.36722112933
5537.67840140269
5807.92374288908
5618.55472432339
5009.68135494111
4093.08534451381
3058.1362539411
2073.16120815189
1349.8828373034
1019.14762377944
1142.76235756653
1698.37140555115
2576.16894208241
3614.40467680254
4611.87581531988
5381.84358310723
5775.70470176328
5715.211815686
5219.4335220866
4378.45290405049
3351.39352507907
2334.19915426458
1522.15452183367
1069.77706006892
1062.54428324078
1499.79865188958
2301.98035869192
3309.96928143098
4344.26138954517
5198.39254739519
5706.00637735135
5780.30742175454
5402.88456758266
4644.75229188691
3648.59613695592
2611.01786028156
1723.3573854607
1153.94028666681
1018.49009865589
1335.41727799038
2043.57253127723
3015.39697950622
4056.92126581608
4980.75003007558
5604.08903929384
5806.60867993172
5553.45914599871
4891.98347790264
3949.08657541434
2904.27488224747
1953.49145717839
1277.55504376452
1009.94227210339
1198.65200482165
1806.86316749543
2721.48237019996
3764.32109714593
4740.75161806831
5465.34999693778
5795.43064498076
5671.81475121231
5114.88619000627
4235.76910144511
3198.1895933355
2198.7487195131
1431.41599550968
1040.84595318769
1098.70816810313
1597.76996987034
2440.06092379081
3465.14583091591
4481.02746362043
5295.04953408379
5747.43085162585
5750.71850850933
5312.14533010386
4511.27381273691
3500.6523363711
2468.99209402093
1616.83821465751
1107.91352090234
1034.27070178389
1415.63538348257
2173.76272038624
3160.7105269449
4200.26254018289
5090.55756946538
5659.32165781548
5799.37583374887
5485.07592408542
4774.94316418823
3805.08785120875
2758.30387844826
1833.82172939354
1212.46003599794
1007.96969675926
1261.11690991949
1929.16299417265
2863.5082015173
3913.58003654014
4866.33981083769
5538.99346342762
5807.26621140982
5615.92459973178
5007.05123441397
4095.0579307074
3048.9308714593
2073.16120815189
1349.22531187349
1019.80514890357
1145.39245851558
1699.68645710118
2578.79904904034
3615.06220485952
4612.53334482634
5381.84358310723
5776.36223318715
5715.8693470042
5220.09105256361
4377.13784575101
3349.42094197048
2333.54162780647
1520.83947063975
1068.46200973117
1061.88675807815
1502.4287541971
2304.61046438611
3315.2295026569
4343.60386044615
5195.10489519997
5707.32143995685
5781.62248461956
5406.82975229804
4646.06735100248
3654.51388992166
2612.99044062221
1724.0149112609
1152.62523617535
1015.20247304699
1334.75975257428
2045.54510969069
3010.79428862167
4059.55138053353
4980.09249998883
5604.08903929384
5808.58127436949
5556.74680120446
4893.9560677428
3948.4290468919
2901.64477371922
1952.17640509956
1277.55504376452
1007.31217164572
1196.02190367578
1806.86316749543
2718.85226256301
3764.32109714593
4738.77902895413
5465.34999693778
5796.08817643923
5674.44487619037
5120.14643247855
4237.08415932388
3201.47723086929
2202.6938773661
1432.73104652852
1038.21585261907
1095.42054213188
1591.19471317558
2435.45823775323
3462.51571950281
4479.7124050112
5292.41941168491
5746.7733202526
5755.32122819446
5317.40557518227
4516.53404758219
3504.59750380262
2471.62220047845
1620.12584312516
1106.59847049526
1032.29812637429
1408.40260309273
2167.18745763256
3160.05299948884
4202.23512684569
5091.21509973097
5660.63672025894
5800.69089668081
5485.07592408542
4774.28563442883
3805.08785120875
2756.98882453939
1836.45183305501
1211.1449853981
1005.33959630864
1256.51423251217
1919.30010403703
2860.87809318991
3911.60745112691
4863.70969122863
5537.02087039192
5807.26621140982
5619.86978662599
5010.33888507555
4098.34557438244
3053.53356267986
2073.81873432106
1351.85541359692
1017.83257353293
1141.44730709564
1694.42625091713
2574.19636187208
3611.1170365311
4611.21828581444
5381.84358310723
5777.01976461216
5719.15700361239
5222.72117448254
4380.4254915071
3353.36610819545
2337.48678656631
1522.81204743161
1068.46200973117
1059.91418259385
1497.1685495924
2298.69272659085
3308.6542261331
4340.31621496577
5196.41995607481
5707.32143995685
5782.93754748919
5406.82975229804
4647.38241012212
3656.48647425979
2615.62054775398
1724.0149112609
1154.59781191345
1016.51752328878
1330.81460009082
2039.62737446951
3010.79428862167
4054.94867978796
4978.11990973493
5600.80138368173
5807.92374288908
5556.08927016106
4896.58618754435
3953.03174656863
2905.58993651648
1954.14898321886
1280.84267058
1009.94227210339
1196.67942896133
1805.54811572492
2718.19473565574
3761.03345584262
4736.14891014964
5462.71987339398
5793.4580506123
239.980744401495
9.84720638126452
9.84720638126452
9.18968207102955
9.84720638126452
8.53215776126459
7.87463345196976
8.53215776126459
5.90206052690478
6.55958483478997
5.24453621948939
5.24453621948939
6.55958483478997
6.55958483478997
4.58701191254363
8.53215776126459
8.53215776126459
9.18968207102955
9.18968207102955
8.53215776126459
9.18968207102955
9.84720638126452
7.87463345196976
7.21710914314488
5.24453621948939
5.90206052690478
5.90206052690478
5.90206052690478
4.58701191254363
7.21710914314488
6.55958483478997
9.18968207102955
8.53215776126459
8.53215776126459
9.18968207102955
9.84720638126452
9.18968207102955
9.18968207102955
7.87463345196976
6.55958483478997
5.90206052690478
5.90206052690478
5.24453621948939
5.90206052690478
5.24453621948939
6.55958483478997
7.21710914314488
8.53215776126459
9.18968207102955
9.84720638126452
9.84720638126452
8.53215776126459
8.53215776126459
9.18968207102955
7.87463345196976
5.90206052690478
5.24453621948939
5.24453621948939
4.58701191254363
6.55958483478997
6.55958483478997
6.55958483478997
8.53215776126459
9.84720638126452
7.21710914314488
7.87463345196976
9.84720638126452
10.5047306919697
7.87463345196976
7.87463345196976
5.90206052690478
5.90206052690478
4.58701191254363
4.58701191254363
5.90206052690478
5.90206052690478
7.21710914314488
8.53215776126459
9.18968207102955
9.84720638126452
9.18968207102955
7.87463345196976
8.53215776126459
9.84720638126452
6.55958483478997
6.55958483478997
5.90206052690478
7.21710914314488
4.58701191254363
6.55958483478997
4.58701191254363
7.87463345196976
7.87463345196976
9.18968207102955
8.53215776126459
9.18968207102955
9.84720638126452
9.18968207102955
7.87463345196976
7.87463345196976
6125.51158393531
6362.22319886232
5246.39227253593
3910.9499226577
2611.01786028156
1599.08502121719
1061.88675807815
1105.94094529261
1721.38480806415
2789.8651732169
4110.83862056513
5431.15839225858
6498.33244889103
7111.15350713956
7151.92061291727
6612.08563086753
5595.54113476118
4300.20694207963
2964.10985478703
1843.68461818065
1158.542963406
1032.95565151023
1492.56587059721
2451.23887575094
3720.9242337789
5068.85907130121
6232.0317912953
6992.13988836795
7201.23566698555
6823.15377321526
5926.93695974971
4686.83418560885
3333.64027738188
2129.05093508909
1300.56843179896
1008.62722187338
1305.1711094973
2135.62619742316
3340.21555423331
4690.12183373213
5932.19721330972
6826.44144001712
7199.9205987808
6988.19468626529
6228.08659786773
5064.2563597191
3716.97906457859
2444.6636098655
1488.62071719794
1032.29812637429
1162.48811492037
1850.91740338943
2968.71254526275
4309.41234864927
5606.7191638039
6618.66096044625
7153.89321493778
7107.20830362216
6491.75712158927
5421.95296074345
4103.60580431211
2781.9748493525
1714.80955011937
1105.94094529261
1065.17438389723
1605.66027799091
2616.27807453886
3899.11441037111
5251.65251673941
6370.77112122977
7057.23572980982
7182.16717853341
6723.20871761756
5765.18419913805
4492.86299128342
3148.21750542392
1985.710233986
1224.95301681871
1014.54494792698
1393.93704254366
2289.48735680637
3529.58356494152
4878.83287920905
6084.74459930022
6912.57832162442
7206.49593985738
6909.29065398336
6080.14187551591
4876.20275952056
3526.95345318248
2284.88467196851
1391.30694065864
1013.88742280756
1230.21321933583
1989.65539044574
3151.50514263681
4497.4656965732
5768.47185617677
6727.15391662516
7182.8247125995
7053.29052693524
6363.53826382849
5245.7347420154
3911.60745112691
2613.64796740399
1601.71512391877
1062.54428324078
1107.2559956985
1721.38480806415
2787.89259224002
4108.20850555066
5429.84333060023
6495.70231795548
7110.49597321672
7149.94801090858
6614.05822972801
5596.85619698453
4300.86447111396
2964.76738199539
1848.28729966752
1159.20048865688
1034.27070178389
1492.56587059721
2450.58134915898
3720.9242337789
5067.54401084384
6230.71672681462
6989.50975362766
7198.60553058134
6823.15377321526
5925.6218963714
4686.83418560885
3334.29780506314
2131.02351378174
1301.8834825668
1009.28474698809
1305.1711094973
2136.28372366054
3338.24297116881
4691.4368929886
5930.88214991269
6823.81130657308
7200.57813288252
6986.8796189081
6226.77153340152
5063.59882949736
3716.32153638172
2446.63618962317
1489.27824276287
1033.61317664676
1163.14564017489
1853.54750712235
2968.71254526275
4305.46717438166
5602.7739770456
6615.37329564125
7151.92061291727
7109.18090537497
6493.72971976681
5426.5556764738
4105.57839055148
2786.57753825943
1718.75470487817
1105.94094529261
1065.17438389723
1601.05759824239
2616.93560132453
3916.21015043748
5249.67992515493
6368.79852374203
7055.92066217975
7182.16717853341
6722.55118445406
5767.81432476672
4493.52052060753
3148.87503286482
1985.05270791184
1226.92559275802
1013.88742280756
1393.93704254366
2287.51477758571
3528.92603700043
4878.17534928536
6084.08706732747
6913.23585515649
7206.49593985738
6908.63312045901
6080.14187551591
4872.25758001919
3523.66581350363
2282.25456636315
1390.64941518896
1013.88742280756
1228.2406433873
1990.97044260462
3153.47772497465
4500.75334323878
5769.12938758797
6723.20871761756
7182.16717853341
7053.29052693524
6366.82592626529
5245.7347420154
3911.60745112691
2613.64796740399
1603.03017527352
1062.54428324078
1107.91352090234
1720.72728226665
2789.8651732169
4108.20850555066
5430.50086142885
6496.35985068751
7110.49597321672
7149.94801090858
6614.715762684
5598.82879032804
4301.52200014927
2964.10985478703
1846.97224781069
1159.85801390837
1034.92822692161
1493.88092173546
2450.58134915898
3720.26670557657
5067.54401084384
6230.71672681462
6991.48235468093
7198.60553058134
6823.81130657308
5927.59449144061
4687.49171523145
3334.29780506314
2130.36598755013
1299.91090641597
1008.62722187338
1304.51358410995
2134.31114495058
3336.9279157968
4690.12183373213
5930.88214991269
6825.7839066542
7202.55073519558
6988.85221994583
6228.08659786773
5064.2563597191
3716.97906457859
2444.6636098655
1487.30566607001
1032.29812637429
1159.85801390837
1850.91740338943
2966.73996362538
4304.15211630029
5603.43150816915
6621.29109231278
7154.55074894725
7111.81104106371
6495.04478522469
5428.52826894633
4106.23591929984
2787.23506524933
1716.78212749574
1102.6533192884
1061.88675807815
1599.7425468916
2613.64796740399
3914.89509348695
5249.02239462895
6369.45605623672
7051.31792551555
7184.13978073563
6725.18131711567
5765.84173054349
4494.17804993264
3148.87503286482
1983.73765576563
1223.63796619557
1011.91484745283
1391.30694065864
2285.5421983717
3532.87120466026
4885.4081785035
6086.71719522561
6915.86598929764
7210.44114456674
6913.23585515649
6083.42953535591
4876.20275952056
3524.32334143763
2281.59703996365
1388.67683878375
1011.91484745283
1224.29549150683
1987.02528613643
3150.84761519255
4496.80816724308
5776.36223318715
6728.46898297114
7185.45484887704
7056.57819599414
6368.79852374203
5247.70733358026
3910.9499226577
2609.70280672502
1596.45491852613
1060.57170775469
1103.96836968829
1720.06975646982
2789.8651732169
4108.86603430285
5442.99394738384
6496.35985068751
7114.44117677342
7151.92061291727
6618.00342748275
5601.45891480189
4305.46717438166
2966.08243641457
1846.97224781069
1157.88543815573
1031.64060123893
1491.25081946154
2449.92382256778
3724.21187480415
5065.57142016579
6230.05919457609
6992.13988836795
7201.89320108991
6825.12637329255
5928.90955482593
4690.77936335985
3336.9279157968
2132.33856624711
1301.22595718257
1008.62722187338
1301.22595718257
2132.33856624711
3334.95533274526
4688.80677447974
5927.59449144061
6825.7839066542
7201.23566698555
6990.16728731079
6230.71672681462
5068.20154107199
3720.26670557657
2448.60876938766
1491.90834502905
1032.29812637429
1160.51553916046
1848.94482559697
2966.08243641457
4302.17952918556
5600.1438525627
6614.05822972801
7151.92061291727
7109.18090537497
6497.01738342078
5427.87073812104
4108.86603430285
2789.20764622381
1720.72728226665
1106.59847049526
1065.83190906283
1599.7425468916
2614.30549418654
3912.92250806813
5249.02239462895
6366.82592626529
7055.26312836667
7180.19457634306
6723.86625078233
5769.12938758797
4497.4656965732
3148.87503286482
1987.02528613643
1224.95301681871
1014.54494792698
1395.25209348998
2287.51477758571
3526.95345318248
4868.96993046347
6084.08706732747
6912.57832162442
7206.49593985738
6910.60572103593
6081.45693944835
4874.23016976517
3524.32334143763
2284.88467196851
1391.30694065864
1015.20247304699
1230.87074465323
1990.97044260462
3154.79277987075
4499.43828456954
5768.47185617677
6723.86625078233
7182.8247125995
7053.29052693524
6365.5108612869
5248.36486410406
3911.60745112691
2613.64796740399
1601.05759824239
1063.201808404
1105.94094529261
1723.3573854607
2795.12538919041
4113.46873559488
5431.15839225858
6497.01738342078
7111.15350713956
7149.29047690832
6611.42809791654
5598.17125921241
4298.8918840139
2962.13727316688
1843.68461818065
1159.20048865688
1033.61317664676
1495.1959728763
2449.92382256778
3722.89681839132
5069.5166015315
6232.68932353745
6992.79742205626
7199.9205987808
6821.18117314945
5926.27942805997
4684.86159674716
3332.32522202196
2127.07835640292
1300.56843179896
1007.96969675926
1304.51358410995
2136.28372366054
3339.55802654428
4692.75195224918
5934.16980841403
6827.7565067468
7203.8658034109
6990.16728731079
6227.42906563402
5063.59882949736
3715.66400818576
2440.06092379081
1486.64814050701
1029.66802583642
1159.20048865688
1851.57492932163
2969.37007247685
4305.46717438166
5603.43150816915
6618.66096044625
7155.86581697013
7111.15350713956
6497.67491615529
5427.87073812104
4106.89344804916
2784.60495729453
1716.78212749574
1103.31084448805
1061.88675807815
1599.08502121719
2616.93560132453
3914.89509348695
5250.337455682
6370.11358873263
7058.55079744511
7183.48224666691
6727.15391662516
5768.47185617677
4495.49310858586
3147.55997798387
1983.73765576563
1222.32291557488
1013.22989768873
1390.64941518896
2286.8572511803
3526.95345318248
4878.83287920905
6084.08706732747
6914.55092222449
7209.126076325
6914.55092222449
6084.08706732747
4878.83287920905
3526.95345318248
2286.19972477563
1388.67683878375
1012.57237257048
1224.95301681871
1985.05270791184
3146.90245054465
4496.15063791397
5767.81432476672
6726.49638345406
7184.13978073563
7057.23572980982
6368.14099124856
5250.99498621016
3913.58003654014
2614.96302096987
1600.40007256666
1062.54428324078
1103.31084448805
1719.41223067366
2787.89259224002
4107.55097679944
5427.87073812104
6496.35985068751
7111.15350713956
7153.89321493778
6614.715762684
5600.80138368173
4301.52200014927
2968.05501804947
1846.97224781069
1160.51553916046
1032.95565151023
1489.93576832845
2447.29371621057
3719.60917737516
5064.91388994191
6229.40166233876
6990.16728731079
7199.26306468041
6824.46883993218
5928.25202313269
4687.49171523145
3336.27038811209
2132.33856624711
1303.85605872323
1009.28474698809
1305.82863488527
2135.62619742316
3336.27038811209
4689.46430410542
5928.90955482593
6823.81130657308
7199.26306468041
6987.53715258605
6227.42906563402
5062.94129927668
3716.97906457859
2447.29371621057
1489.27824276287
1034.27070178389
1163.14564017489
1852.88998118809
2972.00018134144
4306.12470342382
5602.7739770456
6617.34589452049
7153.23568092963
7107.86583753845
6491.75712158927
5423.92555319265
4104.92086180406
2785.26248428203
1718.09717908336
1104.62589488913
1066.48943422902
1604.3452266309
2619.56570847497
3918.84026434975
5253.6251083337
6371.42865372813
7057.89326362681
7181.50964446864
6722.55118445406
5764.52666773375
4490.89040331709
3142.95728592704
1979.79249934389
1222.98044088492
1014.54494792698
1395.90961896409
2290.14488321473
3532.87120466026
4881.46299891427
6087.37472720312
6915.86598929764
7209.78361044521
6911.92078809364
6082.11447141635
4876.20275952056
3525.63839730828
2282.91209276338
1386.70426238423
1010.59979721928
1226.92559275802
1988.99786436736
3150.19008774913
4498.12322590431
5771.75951324427
6728.46898297114
7188.08498517568
7056.57819599414
6366.82592626529
5247.04980305755
3909.63486572207
2611.01786028156
1597.76996987034
1058.59913227395
1104.62589488913
1721.38480806415
2788.55011923152
4106.89344804916
5429.84333060023
6495.70231795548
7113.12610891595
7153.89321493778
6614.05822972801
5597.5137280979
4300.86447111396
2965.42490920457
1850.25987745792
1157.88543815573
1032.29812637429
1493.88092173546
2449.92382256778
3722.23929018627
5065.57142016579
6229.40166233876
6989.50975362766
7201.89320108991
6823.81130657308
5928.25202313269
4688.14924485509
3333.64027738188
2129.70846131925
1301.8834825668
1010.59979721928
1306.48616027386
2136.28372366054
3336.9279157968
4688.14924485509
5929.56708652035
6825.12637329255
7199.26306468041
6987.53715258605
6226.77153340152
5064.91388994191
3717.63659277637
2446.63618962317
1491.25081946154
1032.95565151023
1161.83058966646
1851.57492932163
2970.02759969176
4304.80964534048
5602.11644592318
6616.03082859975
7151.92061291727
7107.20830362216
6491.0995888659
5421.95296074345
4102.94827556756
2783.94743030782
1718.09717908336
1105.28342009057
1064.51685873222
1602.37264959582
2618.90818168619
3915.55262196175
5252.31004726975
6370.11358873263
7057.23572980982
7180.85211040519
6719.26351865548
5763.86913633061
4488.91781535976
3145.58739566875
1981.7650775516
1226.2680674443
1012.57237257048
1394.5945680165
2289.48735680637
3532.87120466026
4880.14793905957
6087.37472720312
6917.18105637594
7209.126076325
6911.26325456414
6076.85421570562
4876.86028944111
3524.98086937251
2282.91209276338
1387.3617878501
1011.91484745283
1228.2406433873
1988.34033828968
3156.76536222122
4499.43828456954
5769.78691900032
6728.46898297114
7186.76991702372
7054.60559455489
6368.14099124856
5248.36486410406
3910.9499226577
2618.90818168619
1597.11244419791
1059.2566574336
1103.31084448805
1721.38480806415
2783.94743030782
4108.86603430285
5425.89814565185
6498.33244889103
7112.46857498918
7151.26307891306
6613.40069677326
5597.5137280979
4298.8918840139
2963.4523275795
1846.97224781069
1156.570387657
1031.64060123893
1492.56587059721
2449.26629597734
3722.23929018627
5067.54401084384
6227.42906563402
6990.82482099521
7202.55073519558
6823.81130657308
5925.6218963714
4681.5739486648
3335.61286042824
2132.33856624711
1298.59585565187
1009.28474698809
1305.1711094973
2134.96867118651
3327.72252828941
4688.80677447974
5930.22461821594
6824.46883993218
7199.9205987808
6988.19468626529
6226.11400117022
5064.91388994191
3715.66400818576
2463.73188114242
1491.25081946154
1034.27070178389
1164.46069068574
1854.86255899294
2972.00018134144
4305.46717438166
5603.43150816915
6616.68836155949
7151.92061291727
7106.55076970717
6491.75712158927
5421.29542992927
4104.26333305761
2785.26248428203
1720.06975646982
1104.62589488913
1065.83190906283
1606.31780367191
2620.88076205486
3907.66228032561
5250.337455682
6368.14099124856
7056.57819599414
7180.19457634306
6722.55118445406
5767.15679335783
4492.86299128342
3148.21750542392
1985.710233986
1225.6105421312
1015.20247304699
1393.93704254366
2296.7201473391
3530.89862082636
4883.43558870418
6086.71719522561
6913.89338868985
7207.1534739723
6909.29065398336
6079.48434355148
4872.25758001919
3523.66581350363
2281.59703996365
1385.38921145438
1015.85999816759
1230.21321933583
1990.31291652483
3152.82019752786
4499.43828456954
5772.41704466123
6727.81144979751
7184.79731480568
7055.26312836667
6364.85332879954
5245.7347420154
3910.9499226577
2610.3603335029
1595.79739285501
1060.57170775469
1103.96836968829
1723.3573854607
2794.46786219093
4113.46873559488
5431.81592308942
6497.67491615529
7114.44117677342
7153.89321493778
6614.05822972801
5597.5137280979
4292.97412276648
2965.42490920457
1841.71204041087
1152.62523617535
1029.01050070343
1494.53844730556
2451.23887575094
3722.23929018627
5068.20154107199
6233.3468557808
6991.48235468093
7203.20826930258
6827.09897338132
5928.90955482593
4684.86159674716
3333.64027738188
2127.07835640292
1300.56843179896
1005.33959630864
1305.1711094973
2134.31114495058
3336.27038811209
4682.88900789468
5931.53968161062
6826.44144001712
7201.89320108991
6989.50975362766
6230.71672681462
5065.57142016579
3718.95164917465
2446.63618962317
1492.56587059721
1029.66802583642
1157.22791290606
1848.28729966752
2966.73996362538
4303.49458726106
5601.45891480189
6616.03082859975
7151.26307891306
7111.15350713956
6497.01738342078
5429.18579977272
4106.89344804916
2787.89259224002
1722.04233386233
1101.99579408936
1063.201808404
1603.03017527352
2613.64796740399
3914.23756501308
5250.337455682
6366.82592626529
7053.94806074442
7182.16717853341
6725.83885028423
5765.18419913805
4496.15063791397
3148.21750542392
1987.6828122127
1225.6105421312
1013.22989768873
1394.5945680165
2286.8572511803
3525.63839730828
4877.51781936271
6084.74459930022
6910.60572103593
7206.49593985738
6909.948187509
6084.74459930022
4876.86028944111
3526.95345318248
2284.88467196851
1388.01931331661
1014.54494792698
1234.81589657057
1989.65539044574
3151.50514263681
4500.09581390366
5769.78691900032
6724.52378394837
7184.13978073563
7053.29052693524
6364.19579631341
5245.7347420154
3907.66228032561
2609.04527994791
1599.08502121719
1063.201808404
1106.59847049526
1724.0149112609
2796.44044319178
4108.86603430285
5430.50086142885
6498.98998162801
7110.49597321672
7148.63294290937
6613.40069677326
5598.82879032804
4297.57682595208
2965.42490920457
1844.99967003061
1155.2553371607
1033.61317664676
1491.90834502905
2447.95124279874
3721.58176198213
5068.85907130121
6233.3468557808
6995.42755682247
7205.83840574377
6820.52363979674
5925.6218963714
4682.23147827923
3334.29780506314
2129.70846131925
1301.22595718257
1005.33959630864
1307.14368566308
2132.99609248088
3336.9279157968
4690.12183373213
5933.51227671142
6823.81130657308
7201.89320108991
6993.45495574587
6228.08659786773
5065.57142016579
3715.0064799907
2445.97866303652
1486.64814050701
1031.64060123893
1159.85801390837
1848.28729966752
2968.05501804947
4300.86447111396
5600.80138368173
6617.34589452049
7156.52335098354
7108.52337145605
6494.38725249513
5429.84333060023
4108.86603430285
2786.57753825943
1717.43965328921
1103.96836968829
1061.22923291612
1601.05759824239
2615.62054775398
3912.92250806813
5248.36486410406
6368.79852374203
7055.92066217975
7187.42745109904
6721.23611813083
5765.18419913805
4494.83557925875
3149.53256030655
1984.39518183838
1223.63796619557
1015.85999816759
1395.25209348998
2285.5421983717
3526.29592524494
4880.14793905957
6085.40213127417
6913.23585515649
7203.8658034109
6909.29065398336
6080.14187551591
4881.46299891427
3524.98086937251
2282.91209276338
1390.64941518896
1015.85999816759
1231.52826997125
1986.36776006086
3154.13525242228
4494.83557925875
5765.18419913805
6723.20871761756
7181.50964446864
2013.98385584176
6.55958483478997
7.87463345196976
7.21710914314488
11.8197793147911
11.1622550031452
5.90206052690478
9.18968207102955
11.8197793147911
11.1622550031452
8.53215776126459
1.29939038485699
7.87463345196976
8.53215776126459
4.58701191254363
4.58701191254363
2.61443899452352
7.21710914314488
11.1622550031452
7.21710914314488
8.53215776126459
11.1622550031452
12.4773036269074
8.53215776126459
5.90206052690478
10.5047306919697
9.84720638126452
8.53215776126459
2.61443899452352
4.58701191254363
7.21710914314488
9.18968207102955
5.90206052690478
3.92948760606743
9.18968207102955
9.84720638126452
7.87463345196976
9.18968207102955
11.8197793147911
10.5047306919697
9.18968207102955
4.58701191254363
9.84720638126452
8.53215776126459
4.58701191254363
3.92948760606743
5.24453621948939
9.84720638126452
3.27196330006074
5.90206052690478
7.21710914314488
8.53215776126459
6.55958483478997
11.8197793147911
7.87463345196976
9.84720638126452
9.84720638126452
7.21710914314488
5.90206052690478
7.87463345196976
6.55958483478997
2.61443899452352
7.21710914314488
8.53215776126459
3.27196330006074
4.58701191254363
7.87463345196976
11.8197793147911
6.55958483478997
9.84720638126452
12.4773036269074
11.1622550031452
7.21710914314488
8.53215776126459
10.5047306919697
3.92948760606743
5.24453621948939
5.90206052690478
7.21710914314488
5.24453621948939
2.61443899452352
7.21710914314488
9.18968207102955
7.87463345196976
8.53215776126459
7.87463345196976
10.5047306919697
12.4773036269074
7.87463345196976
7.21710914314488
8.53215776126459
7.87463345196976
6.55958483478997
3.27196330006074
3.92948760606743
9.18968207102955
7.87463345196976
5.90206052690478
5.24453621948939
7.87463345196976
