0.00395836220005208
0.0802324562109007
0.397164568119479
0.669384396566976
0.791686098326046
0.810097109336915
0.832453337748895
0.867960290462008
0.895576810687963
0.89689188311133
0.910042607503364
0.907412462601918
0.913987824877132
0.912672752416334
0.910042607503364
0.907412462601918
0.902152172833588
0.900837100398704
0.895576810687963
0.889001448614302
0.877165797063022
0.867960290462008
0.857439711661947
0.844288988420537
0.828508120910037
0.817987542799379
0.794316242721756
0.790371026132483
0.771960015723558
0.756179150105588
0.744343501162597
0.718042059896568
0.711466699758716
0.693055691752654
0.670699468497489
0.656233677418719
0.632562383670056
0.615466449869878
0.601000660106905
0.579959511974984
0.56943893818184
0.543137504494062
0.533932002971504
0.523411429973017
0.505000427662175
0.499740141389644
0.491849712065793
0.485274354373779
0.472123639201989
0.46028799578923
0.456342781369209
0.452397566974632
0.441876995380092
0.440561923943491
0.439246852509719
0.437931781078767
0.432671495383197
0.430041352552358
0.430041352552358
0.428726281141174
0.427411209732817
0.436616709650636
0.433986566802851
0.432671495383197
0.431356423966371
0.432671495383197
0.436616709650636
0.437931781078767
0.439246852509719
0.444507138261777
0.445822209706854
0.451082495515422
0.456342781369209
0.461603067268229
0.472123639201989
0.482644211316781
0.486589425906523
0.497109998270368
0.50894564239632
0.522096358360969
0.535247074609067
0.554973149513053
0.57206908161308
0.586534870688041
0.603630803674569
0.637822671089999
0.658863821225559
0.686480331886109
0.715411915832853
0.74565857325593
0.765384654999295
0.789055953941791
0.828508120910037
0.861384928690406
0.879795941832057
0.898206955537574
0.917933042276836
0.940289274698436
0.958700290259664
0.969220870834327
0.979741451593789
0.998152468367756
1.00735797696719
1.01656348570833
1.01919363108897
1.02445392188499
1.02576899459123
1.02445392188499
1.02839914001239
1.02971421272731
1.03234435816584
1.02708406730036
1.02971421272731
1.02313884918165
1.0218237764812
1.0218237764812
1.01919363108897
1.01919363108897
1.00867304963582
1.01261826765906
1.00472783163861
1.00078261366742
0.992892177803107
0.987631887284707
0.981056524201719
0.974481161190958
0.967905798252389
0.96133043538601
0.949494782408358
0.940289274698436
0.93239883963097
0.919248114749166
0.910042607503364
0.895576810687963
0.878480869446101
0.865330145744743
0.856124639324875
0.836398554613595
0.814042326055237
0.808782037103207
0.790371026132483
0.775905232192478
0.757494222224672
0.74565857325593
0.73513799658938
0.719357131932711
0.70620641169986
0.690425547797467
0.687795403853713
0.674644684306124
0.668069324639319
0.66149396504381
0.650973389839237
0.654918605519576
0.644398030429002
0.637822671089999
0.633877455520768
0.632562383670056
0.631247311822193
0.629932239977173
0.627302096295686
0.631247311822193
0.624671952625583
0.629932239977173
0.629932239977173
0.622041808966863
0.628617168135008
0.627302096295686
0.629932239977173
0.63650759923074
0.632562383670056
0.639137742952094
0.647028174184548
0.648343246066595
0.656233677418719
0.656233677418719
0.669384396566976
0.674644684306124
0.678589900140445
0.690425547797467
0.699631051690567
0.716726987863282
0.72987770832475
0.732507852451342
0.75486407798936
0.768014799280408
0.782480593031316
0.798261459336835
0.812727253812923
0.839028699204427
0.856124639324875
0.883741159007187
0.89689188311133
0.915302897340815
0.935028984641924
0.94686463733396
0.965275653097173
0.971851016006866
0.983686669426248
0.990262032538126
0.99683739572226
1.00867304963582
1.00735797696719
1.01393334033926
1.01130319498175
1.01787855839721
1.02839914001239
1.01919363108897
1.02313884918165
1.01787855839721
1.01656348570833
1.02445392188499
1.02313884918165
1.0218237764812
1.01393334033926
1.02050870378364
1.01261826765906
1.01130319498175
1.00998812230734
1.00209768632159
1.00078261366742
0.992892177803107
0.991577105169171
0.987631887284707
0.97842637898875
0.97842637898875
0.96133043538601
0.96133043538601
0.952124927494303
0.935028984641924
0.936344057151722
0.916617969807383
0.915302897340815
0.898206955537574
0.891631593435129
0.871905507559468
0.861384928690406
0.845604060731752
0.832453337748895
0.817987542799379
0.799576531547594
0.789055953941791
0.769329871425263
0.757494222224672
0.748288717451175
0.731192780386614
0.725932492156296
0.711466699758716
0.702261195685715
0.695685835719253
0.682535116000437
0.679904972090917
0.673329612367063
0.668069324639319
0.662809036957206
0.654918605519576
0.654918605519576
0.653603533623276
0.649658317951491
0.652288461729832
0.648343246066595
0.645713102305351
0.645713102305351
0.645713102305351
0.644398030429002
0.645713102305351
0.645713102305351
0.643082958555503
0.647028174184548
0.649658317951491
0.653603533623276
0.654918605519576
0.66149396504381
0.666754252714519
0.668069324639319
0.673329612367063
0.678589900140445
0.689110475824165
0.691740619773633
0.70620641169986
0.716726987863282
0.725932492156296
0.736453068662691
0.74565857325593
0.760124366471423
0.774590160033306
0.790371026132483
0.802206675977722
0.819302615053168
0.844288988420537
0.858754784001896
0.87585072468282
0.894261738267474
0.915302897340815
0.935028984641924
0.94686463733396
0.96133043538601
0.969220870834327
0.981056524201719
0.985001742042847
0.994207250439935
1.00209768632159
1.00341275897865
1.00867304963582
1.00998812230734
1.01524841302235
1.01261826765906
1.01524841302235
1.01524841302235
1.01524841302235
1.01524841302235
1.01524841302235
1.01524841302235
1.01393334033926
1.01261826765906
1.01393334033926
1.01130319498175
1.00735797696719
1.00472783163861
0.999467541016138
0.995522323079648
0.992892177803107
0.986316814662324
0.981056524201719
0.977111306386597
0.966590725673335
0.96133043538601
0.957385217700825
0.952124927494303
0.940289274698436
0.93239883963097
0.921878259702467
0.916617969807383
0.900837100398704
0.886371303804985
0.874535652305497
0.862700001038981
0.850864350005324
0.8311382654664
0.819302615053168
0.802206675977722
0.790371026132483
0.777220304354522
0.760124366471423
0.748288717451175
0.737768140738858
0.725932492156296
0.715411915832853
0.707521483710288
0.699631051690567
0.693055691752654
0.687795403853713
0.679904972090917
0.679904972090917
0.674644684306124
0.666754252714519
0.664124108873459
0.665439180792561
0.665439180792561
0.664124108873459
0.660178893133256
0.665439180792561
0.664124108873459
0.66149396504381
0.664124108873459
0.656233677418719
0.664124108873459
0.662809036957206
0.666754252714519
0.674644684306124
0.669384396566976
0.670699468497489
0.679904972090917
0.685165259921369
0.690425547797467
0.689110475824165
0.700946123686712
0.708836555723572
0.710151627739712
0.72330234805829
0.728562636265742
0.739083212817881
0.752233933765503
0.761439438599098
0.775905232192478
0.782480593031316
0.799576531547594
0.815357398300414
0.835083482322489
0.854809566990674
0.866645218101944
0.887686376208208
0.903467245271351
0.929768694631548
0.94686463733396
0.958700290259664
0.974481161190958
0.983686669426248
0.99683739572226
0.998152468367756
1.00998812230734
1.01524841302235
1.01787855839721
1.02576899459123
1.02576899459123
1.02839914001239
1.02576899459123
1.03497450361595
1.02971421272731
1.03102928544513
1.03234435816584
1.02839914001239
1.02971421272731
1.0218237764812
1.02313884918165
1.02445392188499
1.02050870378364
1.01919363108897
1.00998812230734
1.00604290430145
1.00867304963582
1.00209768632159
1.00209768632159
0.994207250439935
0.988946959909974
0.977111306386597
0.981056524201719
0.962645507953511
0.960015362821395
0.950809854949888
0.941604347219766
0.933713912135005
0.9245084046673
0.919248114749166
0.899522027966697
0.889001448614302
0.873220579931044
0.858754784001896
0.844288988420537
0.83376841003426
0.810097109336915
0.795631314923916
0.793001170522466
0.774590160033306
0.760124366471423
0.746973645352121
0.737768140738858
0.731192780386614
0.720672203971709
0.714096843805287
0.699631051690567
0.69831597969727
0.693055691752654
0.689110475824165
0.685165259921369
0.681220044044252
0.674644684306124
0.675959756248048
0.674644684306124
0.672014540430844
0.669384396566976
0.669384396566976
0.672014540430844
0.669384396566976
0.668069324639319
0.674644684306124
0.672014540430844
0.672014540430844
0.673329612367063
0.677274828192814
0.678589900140445
0.681220044044252
0.686480331886109
0.689110475824165
0.691740619773633
0.702261195685715
0.70620641169986
0.710151627739712
0.716726987863282
0.731192780386614
0.737768140738858
0.746973645352121
0.753549005876003
0.761439438599098
0.782480593031316
0.789055953941791
0.803521748197078
0.82061768730982
0.837713626907572
0.857439711661947
0.867960290462008
0.892946665849863
0.913987824877132
0.931083767129813
0.944234492271093
0.962645507953511
0.973166088597466
0.982371596812534
0.994207250439935
1.00341275897865
1.00735797696719
1.01524841302235
1.0218237764812
1.0218237764812
1.02050870378364
1.02576899459123
1.02708406730036
1.02708406730036
1.02708406730036
1.02708406730036
1.02708406730036
1.02576899459123
1.02576899459123
1.02313884918165
1.0218237764812
1.01919363108897
1.01919363108897
1.01656348570833
1.01130319498175
1.00998812230734
1.00472783163861
1.00078261366742
0.994207250439935
0.988946959909974
0.985001742042847
0.97842637898875
0.973166088597466
0.962645507953511
0.954755072591787
0.949494782408358
0.941604347219766
0.933713912135005
0.917933042276836
0.908727535051199
0.900837100398704
0.886371303804985
0.874535652305497
0.861384928690406
0.841658843806734
0.8311382654664
0.814042326055237
0.798261459336835
0.786425809569003
0.770644943572975
0.765384654999295
0.748288717451175
0.737768140738858
0.732507852451342
0.721987276013571
0.718042059896568
0.707521483710288
0.707521483710288
0.703576267687573
0.689110475824165
0.695685835719253
0.686480331886109
0.685165259921369
0.685165259921369
0.677274828192814
0.682535116000437
0.683850187959472
0.682535116000437
0.683850187959472
0.675959756248048
0.682535116000437
0.681220044044252
0.679904972090917
0.686480331886109
0.683850187959472
0.686480331886109
0.686480331886109
0.693055691752654
0.69700090770683
0.699631051690567
0.70620641169986
0.710151627739712
0.712781771780577
0.725932492156296
0.728562636265742
0.73513799658938
0.746973645352121
0.746973645352121
0.766699727138423
0.771960015723558
0.786425809569003
0.81141218157348
0.806151892644408
0.832453337748895
0.844288988420537
0.865330145744743
0.881111014220885
0.894261738267474
0.917933042276836
0.931083767129813
0.953440000041603
0.963960580523903
0.979741451593789
0.992892177803107
0.99683739572226
1.00998812230734
1.00998812230734
1.02050870378364
1.02050870378364
1.0218237764812
1.02576899459123
1.02445392188499
1.03234435816584
1.02576899459123
1.02839914001239
1.02708406730036
1.02576899459123
1.03102928544513
1.02839914001239
1.02708406730036
1.02839914001239
1.01919363108897
1.02313884918165
1.01393334033926
1.01393334033926
1.01524841302235
1.00735797696719
1.00341275897865
0.999467541016138
0.992892177803107
0.990262032538126
0.981056524201719
0.97842637898875
0.970535943419158
0.963960580523903
0.954755072591787
0.945549564801084
0.936344057151722
0.9245084046673
0.919248114749166
0.89689188311133
0.892946665849863
0.87585072468282
0.862700001038981
0.844288988420537
0.835083482322489
0.815357398300414
0.803521748197078
0.793001170522466
0.777220304354522
0.768014799280408
0.752233933765503
0.744343501162597
0.73513799658938
0.725932492156296
0.718042059896568
0.710151627739712
0.704891339692288
0.700946123686712
0.691740619773633
0.695685835719253
0.689110475824165
0.686480331886109
0.685165259921369
0.686480331886109
0.683850187959472
0.683850187959472
0.679904972090917
0.682535116000437
0.681220044044252
0.683850187959472
0.682535116000437
0.682535116000437
0.687795403853713
0.687795403853713
0.694370763734526
0.690425547797467
0.69700090770683
0.695685835719253
0.70620641169986
0.708836555723572
0.711466699758716
0.716726987863282
0.725932492156296
0.72987770832475
0.739083212817881
0.74565857325593
0.752233933765503
0.762754510729629
0.777220304354522
0.790371026132483
0.799576531547594
0.814042326055237
0.827193048636154
0.844288988420537
0.862700001038981
0.879795941832057
0.899522027966697
0.916617969807383
0.936344057151722
0.948179709869713
0.966590725673335
0.973166088597466
0.986316814662324
0.994207250439935
1.00341275897865
1.00867304963582
1.01524841302235
1.01919363108897
1.02050870378364
1.0218237764812
1.02445392188499
1.02445392188499
1.02839914001239
1.02839914001239
1.02576899459123
1.02576899459123
1.02708406730036
1.02313884918165
1.02313884918165
1.0218237764812
1.01919363108897
1.01656348570833
1.01524841302235
1.01524841302235
1.00604290430145
1.00209768632159
1.00209768632159
1.00078261366742
0.992892177803107
0.986316814662324
0.981056524201719
0.975796233787328
0.966590725673335
0.96133043538601
0.952124927494303
0.950809854949888
0.935028984641924
0.9245084046673
0.915302897340815
0.902152172833588
0.891631593435129
0.873220579931044
0.861384928690406
0.845604060731752
0.832453337748895
0.812727253812923
0.806151892644408
0.794316242721756
0.777220304354522
0.773275087877003
0.752233933765503
0.748288717451175
0.740398284899776
0.731192780386614
0.724617420105865
0.715411915832853
0.716726987863282
0.712781771780577
0.704891339692288
0.702261195685715
0.693055691752654
0.69831597969727
0.694370763734526
0.691740619773633
0.694370763734526
0.689110475824165
0.690425547797467
0.690425547797467
0.691740619773633
0.695685835719253
0.691740619773633
0.691740619773633
0.699631051690567
0.694370763734526
0.700946123686712
0.700946123686712
0.70620641169986
0.710151627739712
0.711466699758716
0.718042059896568
0.718042059896568
0.725932492156296
0.73513799658938
0.736453068662691
0.750918861657858
0.752233933765503
0.762754510729629
0.778535376519422
0.782480593031316
0.794316242721756
0.803521748197078
0.819302615053168
0.837713626907572
0.850864350005324
0.867960290462008
0.879795941832057
0.904782317711991
0.916617969807383
0.941604347219766
0.952124927494303
0.973166088597466
0.981056524201719
0.99683739572226
1.00341275897865
1.00735797696719
1.01919363108897
1.01787855839721
1.0218237764812
1.02576899459123
1.02708406730036
1.03234435816584
1.02839914001239
1.03497450361595
1.03102928544513
1.03102928544513
1.03234435816584
1.02708406730036
1.02839914001239
1.02971421272731
1.0218237764812
1.02971421272731
1.02576899459123
1.01919363108897
1.01787855839721
1.00998812230734
1.01393334033926
1.00209768632159
0.998152468367756
0.998152468367756
0.987631887284707
0.987631887284707
0.974481161190958
0.970535943419158
0.963960580523903
0.956070145144864
0.949494782408358
0.933713912135005
0.929768694631548
0.910042607503364
0.907412462601918
0.892946665849863
0.877165797063022
0.862700001038981
0.84954927768262
0.83376841003426
0.816672470548461
0.807466964872368
0.790371026132483
0.778535376519422
0.766699727138423
0.757494222224672
0.749603789553085
0.739083212817881
0.728562636265742
0.725932492156296
0.720672203971709
0.716726987863282
0.710151627739712
0.704891339692288
0.708836555723572
0.700946123686712
0.699631051690567
0.695685835719253
0.694370763734526
0.695685835719253
0.690425547797467
0.695685835719253
0.693055691752654
0.691740619773633
0.694370763734526
0.691740619773633
0.695685835719253
0.69700090770683
0.700946123686712
0.695685835719253
0.703576267687573
0.70620641169986
0.711466699758716
0.711466699758716
0.720672203971709
0.720672203971709
0.72330234805829
0.732507852451342
0.739083212817881
0.74565857325593
0.752233933765503
0.758809294346612
0.771960015723558
0.782480593031316
0.794316242721756
0.804836820419304
0.815357398300414
0.829823193186783
0.852179422330899
0.862700001038981
0.878480869446101
0.89689188311133
0.913987824877132
0.933713912135005
0.950809854949888
0.963960580523903
0.977111306386597
0.986316814662324
0.99683739572226
1.00604290430145
1.01524841302235
1.01524841302235
1.01919363108897
1.02050870378364
1.0218237764812
1.02445392188499
1.02445392188499
1.02576899459123
1.02708406730036
1.02445392188499
1.02445392188499
1.02708406730036
1.02445392188499
1.02313884918165
1.02050870378364
1.01919363108897
1.01656348570833
1.01656348570833
1.01130319498175
1.00867304963582
1.00209768632159
1.00209768632159
1.00341275897865
0.992892177803107
0.988946959909974
0.979741451593789
0.971851016006866
0.965275653097173
0.96133043538601
0.954755072591787
0.944234492271093
0.936344057151722
0.925823477154033
0.912672752416334
0.899522027966697
0.885056231404654
0.873220579931044
0.864015073390426
0.841658843806734
0.835083482322489
0.819302615053168
0.799576531547594
0.795631314923916
0.779850448687192
0.773275087877003
0.757494222224672
0.752233933765503
0.743028429072133
0.732507852451342
0.731192780386614
0.721987276013571
0.719357131932711
0.716726987863282
0.708836555723572
0.712781771780577
0.70620641169986
0.712781771780577
0.70620641169986
0.699631051690567
0.703576267687573
0.704891339692288
0.700946123686712
0.700946123686712
0.699631051690567
0.702261195685715
0.70620641169986
0.704891339692288
0.707521483710288
0.703576267687573
0.710151627739712
0.714096843805287
0.715411915832853
0.720672203971709
0.719357131932711
0.725932492156296
0.733822924518932
0.732507852451342
0.748288717451175
0.749603789553085
0.756179150105588
0.762754510729629
0.769329871425263
0.783795665207684
0.791686098326046
0.804836820419304
0.812727253812923
0.823247831831743
0.845604060731752
0.852179422330899
0.873220579931044
0.89031652102328
0.904782317711991
0.9245084046673
0.935028984641924
0.960015362821395
0.970535943419158
0.986316814662324
0.99683739572226
1.00867304963582
1.02050870378364
1.01787855839721
0.963960580523903
0.720672203971709
0.637822671089999
0.589165014193156
0.528671716449573
0.50894564239632
0.486589425906523
0.465548281722178
0.451082495515422
0.440561923943491
0.436616709650636
0.418205709953341
0.419520781341944
0.409000210312165
0.393219354106016
0.393219354106016
0.386643997473293
0.376123427007485
0.373493284419212
0.360342571646832
0.35639735787003
0.355082286616728
0.339301431796585
0.332726075741085
0.320890435018356
0.320890435018356
0.311684936835867
0.309054794523298
0.301164367653023
0.288013656427218
0.286698585320082
0.285383514215745
0.274862945482106
0.277493087648679
0.26828759011476
0.266972519049709
0.264342376928006
0.263027305871368
0.257767021672841
0.253821808553376
0.249876595459135
0.248561524433335
0.244616311372724
0.243301240358122
0.238040956327744
0.236725885327147
0.222260104505445
0.231465601352788
0.234095743334365
0.227520388401409
0.222260104505445
0.220945033538456
0.216999820654273
0.21831489161287
0.211739536847865
0.209109394961452
0.206479253086229
0.198588827527686
0.198588827527686
0.192013472972469
0.186753189378621
0.182807976712581
0.176232622325067
0.174917551455941
0.168342197152235
0.163081913759534
0.161766842918347
0.156506559581487
0.157821630411512
0.152561347108154
0.149931205473223
0.144670922236841
0.147301063849447
0.147301063849447
0.142040780635391
0.139410639045103
0.14335585143472
0.135465426680582
0.136780497465963
0.136780497465963
0.136780497465963
0.135465426680582
0.132835285118183
0.131520214341165
0.135465426680582
0.126259931260975
0.128890072795492
0.124944860497898
0.124944860497898
0.124944860497898
0.123629789737613
0.124944860497898
0.120999648225393
0.120999648225393
0.123629789737613
0.119684577473471
0.11705443597797
0.120999648225393
0.118369506724328
0.11705443597797
0.473438710706439
3.09569712264643
5.4825680298901
7.13826080497973
7.774763745899
7.40390862257149
6.15983644276023
4.51466755714853
3.1614509993588
2.67618757314383
3.04440910425939
3.42183642858585
3.477069717426
3.33635634975978
3.18512239690001
3.15093037855667
3.16013592174752
3.13514944773093
3.0943820451923
3.0141623264193
2.94183308177131
2.87739430812824
2.78402385345343
2.69985894996594
2.59070760961304
2.47235075850039
2.37503514396803
2.24484265877349
2.10675975246771
1.96867687947922
1.83585433768401
1.73327853420841
1.66357960116311
1.5807299368827
1.50445565317002
1.41108542282472
1.34533174837886
1.2874685209304
1.22434500653566
1.17831744819501
1.12702960167454
1.08757741505173
1.04286494003576
0.990262032538126
0.950809854949888
0.908727535051199
0.879795941832057
0.848234205362793
0.836398554613595
0.816672470548461
0.794316242721756
0.786425809569003
0.768014799280408
0.764069582863037
0.756179150105588
0.750918861657858
0.74565857325593
0.744343501162597
0.744343501162597
0.74565857325593
0.750918861657858
0.758809294346612
0.773275087877003
0.770644943572975
0.783795665207684
0.803521748197078
0.825877976365149
0.857439711661947
0.89031652102328
0.937659129664404
0.99683739572226
1.0770568323935
1.15859135285575
1.2519615432552
1.34927696863872
1.4439622628024
1.54785308923569
1.64516856363915
1.73327853420841
1.81875836917682
1.8976628434283
1.99497837653576
2.08703362571944
2.18303411562996
2.28166477277158
2.3645145379943
2.45656984689708
2.53810456160162
2.61963928811871
2.70511925606243
2.79191431380618
2.86818876964697
2.93131246515501
2.98523062742563
3.04309402692756
3.08912173540713
3.13909468039492
3.16276607697322
3.18775255224534
3.21010887318946
3.22851996170986
3.24298581740961
3.25482151781166
3.2574516734913
3.26008182918356
3.26008182918356
3.26402706274563
3.26139690703442
3.2574516734913
3.2508762843159
3.24035566179944
3.23115011726323
3.21668426187579
3.2022184068699
3.18512239690001
3.15356053373834
3.12594390495831
3.09175189029344
3.04572418159437
2.98786078181706
2.94314815886239
2.87213400040599
2.78796908361584
2.69854387344954
2.60122821980622
2.49207689862525
2.37898037125857
2.26588386648051
2.15936276045537
2.05678689935814
1.95684120619608
1.85689553038656
1.77010061541903
1.68067556509936
1.59914097237289
1.5399626460754
1.47552403091179
1.42292108500489
1.36637292340312
1.31640013394593
1.27037256845042
1.22697515283445
1.18489281345368
1.14544062299335
1.11387887250986
1.08494726936976
1.05207044932398
1.02576899459123
0.995522323079648
0.970535943419158
0.958700290259664
0.94686463733396
0.928453622136161
0.921878259702467
0.912672752416334
0.899522027966697
0.898206955537574
0.892946665849863
0.89689188311133
0.895576810687963
0.895576810687963
0.89689188311133
0.902152172833588
0.912672752416334
0.920563187224374
0.93239883963097
0.950809854949888
0.973166088597466
1.00078261366742
1.03234435816584
1.08363219653314
1.1309748204806
1.19541339801902
1.27957808126285
1.36900307033395
1.47157880980532
1.56757919760205
1.66883989770541
1.76221016924862
1.83848448672995
1.92001911309313
1.99629345142018
2.07519794999662
2.1659381367943
2.24615773423238
2.33952809958949
2.42895325265258
2.526268876477
2.61832421179064
2.702489103008
2.79191431380618
2.8708189234832
2.93262754222113
2.99312109063742
3.04177894959884
3.08123127082351
3.12594390495831
3.15356053373834
3.1785470085918
3.19958825145526
3.20879379546165
3.22851996170986
3.23378027282923
3.23641042840784
3.23772550620189
3.23641042840784
3.23246519504465
3.24167073960295
3.23378027282923
3.23115011726323
3.22194457288162
3.20879379546165
3.19827317375266
3.1772319309396
3.16802638746238
3.14830022338761
3.11410820733406
3.08254634824627
3.04309402692756
2.99838139950783
2.94840846725793
2.86950384656352
2.79454446728192
2.702489103008
2.60517344867949
2.50522765909191
2.3908160532951
2.2842949238627
2.18171904031672
2.0686225747007
1.97656732846989
1.87793672385517
1.78325135927497
1.6938263069305
1.61360678637956
1.55705860639053
1.49525013684211
1.4387019682824
1.38872917268951
1.3334960877576
1.28878359421856
1.24538617725282
1.20593398277089
1.17042700998071
1.12834467460699
1.11650901831955
1.08363219653314
1.06127595875417
1.03891972181282
1.01919363108897
1.00735797696719
0.986316814662324
0.983686669426248
0.967905798252389
0.962645507953511
0.953440000041603
0.953440000041603
0.94686463733396
0.952124927494303
0.941604347219766
0.948179709869713
0.949494782408358
0.957385217700825
0.957385217700825
0.970535943419158
0.97842637898875
0.998152468367756
1.00998812230734
1.03365943088945
1.06259103154149
1.10072814363564
1.15464613386649
1.21645456770933
1.28615344764516
1.3650578499421
1.46105822031771
1.56626412369025
1.67015497184841
1.76221016924862
1.84637493393956
1.92527941196376
2.0015537509879
2.08571855062704
2.1659381367943
2.25536326252973
2.33821302391448
2.42500802501357
2.51180303944032
2.60911867758048
2.69722879693625
2.78270877673882
2.85766815442652
2.92868231103213
2.98391555023461
3.03125833108192
3.07202572895203
3.10753281987497
3.1430399130872
3.16408115459079
3.1864374745711
3.19432794066379
3.20484856229715
3.21142395092043
3.21536918413222
3.21799933962252
3.2193144173724
3.21536918413222
3.21799933962252
3.21273902865454
3.20484856229715
3.19958825145526
3.18906762992273
3.18380731923207
3.16276607697322
3.1430399130872
3.11673836233968
3.09175189029344
3.06019003248592
3.01942263548992
2.97471000998494
2.92342200282381
2.84977769314184
2.77350323982346
2.68670818494115
2.58939253335276
2.4815562904728
2.377665295492
2.26456879097602
2.15804768519668
2.06204719948023
1.95684120619608
1.87267642541617
1.78719658248993
1.70829212328815
1.63201782290674
1.56100382807266
1.50708580071883
1.44527733643976
1.40056483442002
1.34796189521584
1.30456447390471
1.25985198255446
1.22302993339066
1.18752295957753
1.15727627985643
1.12702960167454
1.10467336226742
1.08100205086858
1.06127595875417
1.04681015828476
1.02313884918165
1.02313884918165
1.00867304963582
0.999467541016138
0.998152468367756
0.986316814662324
0.985001742042847
0.974481161190958
0.982371596812534
0.977111306386597
0.97842637898875
0.983686669426248
0.983686669426248
0.998152468367756
1.00209768632159
1.01656348570833
1.02445392188499
1.03891972181282
1.06785132271983
1.09546785216725
1.13228989342178
1.18094759428974
1.22960529914491
1.30193432726109
1.37031814380378
1.46237329399335
1.56363397587554
1.67015497184841
1.76484031796016
1.84505985939715
1.92922463614824
2.00418390078982
2.08440347553768
2.16725321207118
2.25141803609835
2.33163764558515
2.41580249396294
2.49339197465812
2.5828171520975
2.67092726731932
2.756407243098
2.83925707826975
2.90369584748688
2.96681954703565
3.01284724915947
3.04835433627373
3.09043681284871
3.12594390495831
3.14961530097057
3.17065654272584
3.17986208624714
3.19564301835693
3.207478717737
3.21405410639181
3.21010887318946
3.20879379546165
3.21405410639181
3.21536918413222
3.20353348458195
3.2022184068699
3.19564301835693
3.18117716390563
3.16802638746238
3.14698514580779
3.1298891375563
3.111478052341
3.07991619340388
3.05098449096561
3.00890201739875
2.95761400707028
2.91027123252125
2.82742138677644
2.76561277973123
2.6735574202254
2.57229654224914
2.47892613846535
2.37240499245628
2.26588386648051
2.1606778357171
2.0541567493152
1.95947135579353
1.87662164924093
1.78719658248993
1.70566197483272
1.62938767479584
1.57020934543451
1.51103102206418
1.45053763101863
1.40319498150355
1.35322218892497
1.30587954723092
1.25853690933061
1.22829022598822
1.1980435441895
1.16648179091286
1.13228989342178
1.11124872671179
1.08626234220929
1.06653624992089
1.05470059486097
1.03628957634535
1.02708406730036
1.01656348570833
1.01130319498175
1.00209768632159
0.998152468367756
0.994207250439935
0.994207250439935
0.99683739572226
0.995522323079648
0.995522323079648
0.992892177803107
0.998152468367756
1.00735797696719
1.01787855839721
1.02576899459123
1.03497450361595
1.05338552209103
1.07574175957428
1.09941307076419
1.13886525817122
1.18094759428974
1.24012588450347
1.30193432726109
1.37426336423085
1.46500344135347
1.55574353250239
1.66226452703496
1.76089509489731
1.8424297103213
1.92527941196376
2.00023867609146
2.08308840045132
2.1659381367943
2.24484265877349
2.32637734297658
2.40396681140376
2.48418644249251
2.56309100879337
2.65383127373092
2.7445715533641
2.81821584912232
2.88396969285111
2.95235369858734
3.0010115539618
3.04046387227326
3.07202572895203
3.10227250996423
3.12199867238862
3.1430399130872
3.16013592174752
3.17065654272584
3.17591685329055
3.18380731923207
3.18512239690001
3.19038270760327
3.18906762992273
3.18512239690001
3.18249224156728
3.16934146509254
3.16671130983537
3.15224545614593
3.14040975795587
3.1233137499087
3.1088478973605
3.08912173540713
3.06019003248592
3.028628176484
2.99049093622099
2.94709339015436
2.89580538554846
2.83399677090831
2.75114693651862
2.6682971144256
2.57624177091919
2.47366583448725
2.37503514396803
2.2606235644808
2.1606778357171
2.05941704941315
1.96604672983971
1.87793672385517
1.79245688015165
1.70566197483272
1.63859319323586
1.57941486294131
1.52023653863998
1.45711299930847
1.42029093783316
1.37031814380378
1.32429057410518
1.28483837436285
1.24538617725282
1.21513949458183
1.17568730211193
1.15596120686
1.12965974754234
1.11256379960937
1.09415277930741
1.0770568323935
1.06522117712486
1.05207044932398
1.04681015828476
1.03497450361595
1.02576899459123
1.0218237764812
1.0218237764812
1.01919363108897
1.01787855839721
1.02050870378364
1.0218237764812
1.02576899459123
1.03102928544513
1.03497450361595
1.04154986729188
1.04944030379857
1.07311161394453
1.07968697804065
1.09546785216725
1.125714528745
1.15727627985643
1.1980435441895
1.25327661646444
1.31640013394593
1.3860990256706
1.46763358872537
1.56757919760205
1.66620974942832
1.76221016924862
1.8529503066965
1.92922463614824
2.01207435026782
2.08834870081484
2.16462306152047
2.24878788515929
2.32506226733205
2.40396681140376
2.48287136648113
2.56309100879337
2.64988604451538
2.72879063410915
2.81032538839708
2.87213400040599
2.92605215692173
2.98391555023461
3.02731309918975
3.05492972302694
3.08649158053337
3.1088478973605
3.12857406002049
3.15093037855667
3.14698514580779
3.16013592174752
3.1653962322115
3.16408115459079
3.16802638746238
3.16276607697322
3.16013592174752
3.15882084413939
3.15224545614593
3.14830022338761
3.1298891375563
3.11936851735786
3.10490266491332
3.08649158053337
3.06545034199505
3.04177894959884
3.0049567856662
2.98128539586192
2.94183308177131
2.88396969285111
2.82347615633461
2.74194140012397
2.6735574202254
2.57887192338128
2.47498091047718
2.37503514396803
2.26851401749861
2.15936276045537
2.06467734955937
1.96604672983971
1.87662164924093
1.79114180573175
1.70434690060946
1.63990826731059
1.57941486294131
1.51892146483459
1.46631851503795
1.40977034926384
1.37031814380378
1.32823579422436
1.28483837436285
1.2519615432552
1.21382442145723
1.18226266734147
1.16122149886315
1.13360496636584
1.11124872671179
1.09546785216725
1.07968697804065
1.06390610433173
1.05733074040955
1.04681015828476
1.04154986729188
1.03628957634535
1.03234435816584
1.02971421272731
1.03234435816584
1.02576899459123
1.02971421272731
1.03234435816584
1.03497450361595
1.03497450361595
1.04286494003576
1.04944030379857
1.05601566763382
1.06916639552164
1.08363219653314
1.10335828938726
1.125714528745
1.16122149886315
1.2046189096667
1.26116705578122
1.31771520729848
1.3860990256706
1.47026373610905
1.56626412369025
1.66752482356538
1.76089509489731
1.84637493393956
1.93053971088241
2.00812912551527
2.08571855062704
2.169883362634
2.24089743241503
2.31717181352889
2.39213112909221
2.46972060653586
2.55388547548834
2.63015989885424
2.71037956220841
2.78796908361584
2.85635307753797
2.90764107849815
2.95892908419882
3.00890201739875
3.04309402692756
3.06808049676844
3.09175189029344
3.11936851735786
3.13514944773093
3.14435499065758
3.15487561133388
3.15882084413939
3.16276607697322
3.16408115459079
3.1614509993588
3.16013592174752
3.15356053373834
3.14961530097057
3.13251929263732
3.12857406002049
3.12068359487167
3.10095743249439
3.08123127082351
3.06282018723422
3.03520356300228
3.01284724915947
2.97734016432636
2.92736723397537
2.88133953895262
2.81032538839708
2.74720170661661
2.67092726731932
2.57887192338128
2.47498091047718
2.37503514396803
2.26719894198803
2.17119843791997
2.07519794999662
1.97656732846989
1.88582717160353
1.80166240117459
1.71881271722888
1.64516856363915
1.59125052852031
1.53338727685641
1.47289388350453
1.43212660019862
1.38083873166801
1.3413865281454
1.30061925394367
1.25985198255446
1.23355051863248
1.2046189096667
1.17700237515201
1.15333106087588
1.12702960167454
1.11650901831955
1.09678292502999
1.08494726936976
1.0770568323935
1.06916639552164
1.06653624992089
1.05733074040955
1.05864581318819
1.05338552209103
1.05075537655983
1.05207044932398
1.04418001278253
1.04944030379857
1.05075537655983
1.05470059486097
1.06127595875417
1.06127595875417
1.0770568323935
1.09020756074529
1.10204321651
1.125714528745
1.14544062299335
1.17437222907476
1.21776964083976
1.25722183610969
1.32166042737371
1.39267439323991
1.48209939948152
1.5728394932788
1.67015497184841
1.76747046668363
1.85032015758475
1.93448493510289
2.01207435026782
2.08703362571944
2.16856828735108
2.24221250786481
2.32374719169057
2.40396681140376
2.47366583448725
2.55520055166554
2.62621466980529
2.70380417953367
2.78007862331892
2.84583246254149
2.90238077048935
2.9444632359566
2.98654570461978
3.02994325378139
3.0615051098585
3.07597096116384
3.08912173540713
3.10621774239257
3.11542328483529
3.12857406002049
3.12462882743194
3.13383437018256
3.13514944773093
3.13514944773093
3.13251929263732
3.1233137499087
3.11936851735786
3.11279312983596
3.09701220010371
3.08912173540713
3.07334080635283
3.05229956831625
3.03125833108192
3.00890201739875
2.98128539586192
2.94709339015436
2.90632600149128
2.86292846201185
2.79980477427063
2.72879063410915
2.65383127373092
2.56703623739882
2.46577537861205
2.37240499245628
2.26588386648051
2.169883362634
2.07519794999662
1.97262210396103
1.88845732087695
1.80429255006515
1.71749764297588
1.64779871182125
1.57941486294131
1.52944205536047
1.48209939948152
1.43212660019862
1.38872917268951
1.34007145474011
1.30456447390471
1.26379720224352
1.23618066497212
1.20724905587799
1.18489281345368
1.15727627985643
1.14018033112983
1.11913916414087
1.10730350803646
1.09941307076419
1.08757741505173
1.08100205086858
1.0770568323935
1.06916639552164
1.06390610433173
1.06390610433173
1.06127595875417
1.06259103154149
1.06127595875417
1.06259103154149
1.06127595875417
1.06522117712486
1.071796541134
1.07968697804065
1.09020756074529
1.10204321651
1.11387887250986
1.12965974754234
1.15859135285575
1.18357774039612
1.22039978710938
1.26905749520319
1.32955086760327
1.40056483442002
1.48209939948152
1.5728394932788
1.67410019429524
1.77010061541903
1.86084075410356
1.93448493510289
2.0107592753473
2.08834870081484
2.16462306152047
2.24484265877349
2.32111704041676
2.39476128069561
2.46972060653586
2.5420497900318
2.61832421179064
2.69854387344954
2.77481831651635
2.84714753940516
2.90238077048935
2.94840846725793
2.99443616785034
3.02731309918975
3.05361464567002
3.07071065155436
3.0851765031012
3.10753281987497
3.11279312983596
3.1233137499087
3.12594390495831
3.13251929263732
3.12725898248782
3.12594390495831
3.12857406002049
3.11805343984719
3.11805343984719
3.10753281987497
3.09569712264643
3.08254634824627
3.06545034199505
3.04572418159437
3.03520356300228
3.00758694015144
2.98523062742563
2.95103862147442
2.91027123252125
2.86424353891596
2.80375000454477
2.74325647674248
2.67092726731932
2.57624177091919
2.47761106246623
2.37240499245628
2.2737743195713
2.17777381439522
2.07125272481002
1.9844577775688
1.89503269411293
1.80429255006515
1.72670316280942
1.6504288600152
1.59651082441018
1.54390786764224
1.49130491560296
1.44133211553652
1.39530454028819
1.35716740923761
1.31903028065397
1.28089315453347
1.25459168967659
1.22039978710938
1.20198876346708
1.17437222907476
1.16253657187121
1.14281047705577
1.12965974754234
1.11519394541326
1.09941307076419
1.10335828938726
1.09546785216725
1.08889248789706
1.08626234220929
1.0823171236994
1.08363219653314
1.07837190521563
1.08363219653314
1.0823171236994
1.0823171236994
1.08757741505173
1.08494726936976
1.10072814363564
1.10861858092533
1.11913916414087
1.13492003931282
1.1467556959665
1.17042700998071
1.19409832493816
1.23749573814631
1.29009866750965
1.34401667496478
1.41108542282472
1.49130491560296
1.587305306634
1.67936049093259
1.78325135927497
1.87136135081391
1.94106030886375
2.02127987479582
2.09623915145071
2.169883362634
2.24747280969432
2.31717181352889
2.39607635650189
2.47103568251659
2.54336486618134
2.61700913546566
2.67881772607462
2.76298262639195
2.83136661724624
2.88528476980503
2.93131246515501
2.97207985565601
3.0102170946492
3.04177894959884
3.0615051098585
3.0851765031012
3.0049567856662
2.10149945193504
0.906097390155516
0.819302615053168
0.789055953941791
0.660178893133256
0.719357131932711
0.660178893133256
0.624671952625583
0.645713102305351
0.637822671089999
0.607576019047407
0.597055444776736
0.60626094725361
0.59574037300569
0.59574037300569
0.586534870688041
0.590480085949977
0.587849942439178
0.57338415333296
0.58127458371191
0.576014296781246
0.58521979893974
0.57338415333296
0.565493723056278
0.568123866470479
0.565493723056278
0.560233436261953
0.557603292881822
0.554973149513053
0.554973149513053
0.554973149513053
0.554973149513053
0.547082719474851
0.543137504494062
0.541822432839467
0.540507361187714
0.540507361187714
0.53656214624948
0.535247074609067
0.533932002971504
0.529986788075803
0.529986788075803
0.527356644826185
0.520781286751749
0.516836071941107
0.51552100034322
0.514205928748176
0.516836071941107
0.50894564239632
0.507630570815444
0.510260713980038
0.506315499237395
0.502370284520246
0.498425069828592
0.495794926714979
0.494479855162417
0.495794926714979
0.494479855162417
0.489219568980495
0.49053464052173
0.49053464052173
0.49053464052173
0.483959282843863
0.483959282843863
0.485274354373779
0.481329139792528
0.48001406827111
0.47475378221371
0.477383925236751
0.473438710706439
0.473438710706439
0.472123639201989
0.469493496201579
0.469493496201579
0.465548281722178
0.470808567700367
0.46817842470562
0.464233210234703
0.466863353212482
0.456342781369209
0.46028799578923
0.457657852839723
0.461603067268229
0.458972924313066
0.44976742405904
0.458972924313066
0.451082495515422
0.453712638436663
0.451082495515422
0.445822209706854
0.451082495515422
0.440561923943491
0.44319206681952
0.441876995380092
0.435301638225333
0.436616709650636
0.437931781078767
0.432671495383197
0.432671495383197
0.69700090770683
5.03017953856145
9.73425144667078
13.3257918241063
15.8389686174317
17.1422500604067
17.2869132733566
16.3597545918219
14.4239073484291
11.6214172937162
8.371814811035
5.09724873725191
3.39948009898281
3.5165220700356
4.2740078015952
4.9262880519932
5.13012579863906
5.11829005629649
4.92891821595143
4.59620258136468
4.30819989129956
4.2253498316053
4.20562362883206
4.1135680256106
4.04255371404035
3.98732036715189
3.91236083409788
3.65986564203742
3.35608252060724
3.08386142567216
2.92342200282381
2.74325647674248
2.56703623739882
2.377665295492
2.20670547178657
2.05941704941315
1.92527941196376
1.81086792234384
1.6977715295378
1.60177112034744
1.52023653863998
1.44790748372331
1.40319498150355
1.34796189521584
1.282208227807
1.23749573814631
1.17305715604049
1.125714528745
1.09941307076419
1.06127595875417
1.03760464907763
1.02708406730036
1.01787855839721
1.00604290430145
0.995522323079648
1.00209768632159
1.00078261366742
1.01524841302235
1.02313884918165
1.02050870378364
1.0218237764812
1.02839914001239
1.04154986729188
1.05733074040955
1.10335828938726
1.15464613386649
1.2256600796836
1.30850969389211
1.42818137938366
1.56626412369025
1.72670316280942
1.90029299275567
2.06204719948023
2.21065069790821
2.36845976521155
2.5170633437743
2.68276295549398
2.88265461590031
3.06545034199505
3.22983503948496
3.37449361404165
3.52178238393362
3.67301643036391
3.81636004395617
3.95312829813729
4.09515690688448
4.22666491181635
4.36211819111191
4.50020166708406
4.627764529643
4.72508054888257
4.822396586366
4.921027724117
5.02754937408553
5.11960513876549
5.19193467976697
5.26031898249916
5.30634688373629
5.3392239585984
5.36552562001987
5.38919711646448
5.41812894695288
5.4273345297274
5.4391702792548
5.4404853625527
5.4404853625527
5.44574569577846
5.44969094573366
5.44574569577846
5.42864961299457
5.40366303150225
5.37341611871204
5.3550049552878
5.32212787940473
5.28004522537687
5.23138716099341
5.16957827509196
5.10382414936048
5.01045330532041
4.91445231434724
4.77505364692911
4.63039469208582
4.43313254564343
4.20825378915931
3.98600528753386
3.77822274853478
3.61383788541814
3.46917924724808
3.31663017962497
3.16802638746238
2.99706632228554
2.81821584912232
2.65383127373092
2.49339197465812
2.35399393221592
2.21459592405716
2.0725677998692
1.96341658021222
1.84374478485773
1.72801823708327
1.64779871182125
1.56231890197262
1.50840087449766
1.45579792564461
1.40714020215091
1.36374277648402
1.31771520729848
1.28615344764516
1.25590676289168
1.22697515283445
1.208564128988
1.18489281345368
1.17963252124092
1.16911193695518
1.15859135285575
1.16385164488218
1.15727627985643
1.15859135285575
1.15596120686
1.15727627985643
1.17042700998071
1.17568730211193
1.19541339801902
1.20724905587799
1.24012588450347
1.27431778820964
1.33481116114825
1.40977034926384
1.5149762434361
1.63596304509532
1.78982673131483
1.95289598182246
2.10149945193504
2.2606235644808
2.41317234226172
2.57098146603195
2.7445715533641
2.92868231103213
3.11542328483529
3.2876984647153
3.42578166331698
3.56912521131329
3.71246879726831
3.84792194566565
4.00573148214491
4.13066406499971
4.25033635617515
4.38052931914271
4.50151674798248
4.61855896119771
4.7198202230524
4.822396586366
4.92365788804839
5.02360412739693
5.11171464400219
5.1853592665257
5.23927765760484
5.28267539115165
5.3181826304417
5.34316920772478
5.35895020453678
5.37473120183932
5.38919711646448
5.39051219963267
5.39051219963267
5.38919711646448
5.38788203329968
5.38393678382578
5.37604628497002
5.3615803707198
5.34842953994096
5.32870329441115
5.29845638608571
5.26426423101358
5.22481174724382
5.1774687707479
5.12355038619274
5.05516610175458
4.97100084110944
4.87236969380552
4.74612185273636
4.58699701347675
4.38578964155568
4.17800694618554
3.96233385496409
3.78085290675273
3.62830375136146
3.46260385552069
3.31400002366082
3.15619068893257
2.97602508715408
2.81164046517686
2.64462573893787
2.49470705069404
2.35530900792754
2.22248637643701
2.09755422656726
1.96736180465796
1.85163523213912
1.75300464885212
1.66489467529423
1.59519575043327
1.52944205536047
1.48998984186249
1.4387019682824
1.39398946676258
1.35453726235958
1.32692072084837
1.29667403400897
1.27037256845042
1.25327661646444
1.23486559180083
1.2256600796836
1.21382442145723
1.20724905587799
1.208564128988
1.20330383656543
1.20724905587799
1.2046189096667
1.20987920210094
1.21382442145723
1.22171486024855
1.23618066497212
1.25327661646444
1.28615344764516
1.31508506059631
1.36242770302887
1.43475674742331
1.52812698153441
1.64253841546894
1.79377195457455
1.95158090703725
2.10412960219533
2.26588386648051
2.41974772153771
2.59070760961304
2.75114693651862
2.92736723397537
3.10753281987497
3.27717784149126
3.43367213286506
3.57964584018193
3.72167434996179
3.87159337316778
4.01756719926213
4.14907518495823
4.28189828363787
4.40551585107342
4.53176360955877
4.63697009825098
4.74086152669292
4.85264346660743
4.95127461013844
5.04464544341975
5.12618055116113
5.20114025844702
5.2616340653339
5.29977146901897
5.32738821140307
5.34974462300352
5.3615803707198
5.38788203329968
5.38656695013831
5.39840269871349
5.39445744915773
5.39182728280429
5.39445744915773
5.38656695013831
5.37604628497002
5.36947086935061
5.35237478913885
5.32607312839838
5.31160721557135
5.27346981099939
5.23401732651699
5.1893045144603
5.13012579863906
5.07094708966132
4.99072707283658
4.87631493933554
4.74875201577809
4.59488750022789
4.3949952059051
4.19641806778972
3.98469020791908
3.80715448964083
3.65460532679659
3.48101495255793
3.33241111567582
3.1732866980019
2.99443616785034
2.82479123314544
2.65251619732265
2.50259750697403
2.36845976521155
2.23958235696829
2.12122557918189
1.98840300215885
1.86741612702507
1.77010061541903
1.67278512014332
1.60703141633208
1.54390786764224
1.50051043186892
1.46105822031771
1.41503064352498
1.38741409917859
1.34664682179588
1.33218101436989
1.29798910731761
1.28089315453347
1.26511227547906
1.25722183610969
1.2519615432552
1.24538617725282
1.23749573814631
1.23618066497212
1.23749573814631
1.24144095768643
1.24275603087231
1.2440711040611
1.25722183610969
1.26642734871751
1.28483837436285
1.30456447390471
1.33875638133774
1.39267439323991
1.45579792564461
1.54916816310608
1.65963437878757
1.79245688015165
1.95684120619608
2.10675975246771
2.2606235644808
2.41974772153771
2.58413222834239
2.75246201315881
2.92999738809201
3.09964235502769
3.2798079972783
3.4323570545991
3.56912521131329
3.72298942893085
3.86238781790374
4.02282751806533
4.15828074517732
4.28452844434499
4.41735157713976
4.5370239334898
4.64749074828794
4.75401234190155
4.86184903920613
4.94995952810059
5.04596052569981
5.11829005629649
5.19193467976697
5.2616340653339
5.30503180078603
5.32607312839838
5.34053904163712
5.3550049552878
5.37604628497002
5.39051219963267
5.39840269871349
5.39708761552483
5.39445744915773
5.38919711646448
5.38262170067463
5.36815578623696
5.3615803707198
5.3471144568818
5.32081279641365
5.29188097147038
5.27083964527218
5.2327022437535
5.19061959711194
5.1274956336504
5.05779626637199
4.98020641582131
4.87631493933554
4.74875201577809
4.58831209459365
4.39104996402131
4.19510298765389
3.99389576529066
3.81372988556424
3.65986564203742
3.49285065812573
3.34293173996306
3.18512239690001
2.99838139950783
2.83268169407572
2.65646142655671
2.51180303944032
2.37635021972849
2.24615773423238
2.127800955082
1.99366330165437
1.87793672385517
1.78588150808196
1.70040167795754
1.63070274884981
1.56363397587554
1.52286668625965
1.48078432576167
1.43344167380949
1.40451005504973
1.36374277648402
1.35322218892497
1.32955086760327
1.31640013394593
1.29535896070325
1.28615344764516
1.27826300799516
1.27694793473039
1.27826300799516
1.27037256845042
1.27563286146855
1.27168764170057
1.27563286146855
1.28352330108346
1.282208227807
1.30456447390471
1.31376998724961
1.3413865281454
1.38083873166801
1.41634571709761
1.48209939948152
1.56494904978143
1.67147004599438
1.79640210342928
1.95684120619608
2.11465020335738
2.27245924404856
2.44341908756464
2.60780360127706
2.76429770306004
2.94183308177131
3.11410820733406
3.28901354263252
3.44156260252758
3.58753631196765
3.74534577189663
3.89263464293728
4.04518387355894
4.18721250690756
4.31346021298941
4.44233811082315
4.56069539183478
4.66064156113318
4.77373856533986
4.87499985748885
4.97494608739435
5.05253593715065
5.13538612865695
5.20114025844702
5.27346981099939
5.31686754746082
5.34974462300352
5.35895020453678
5.37078595246768
5.39314236597931
5.40234794829995
5.41023844756499
5.40760828112966
5.39445744915773
5.40103286510105
5.39445744915773
5.38393678382578
5.37341611871204
5.35763512145038
5.33790887556308
5.31292229853862
5.28267539115165
5.24190782316914
5.18798943181205
5.13801629368619
5.07357725435966
4.98152149793645
4.88026018489571
4.74217660819878
4.57516128357383
4.3884198027819
4.18984266714327
3.99915608386009
3.82030528156826
3.65855056322241
3.50337128551373
3.34161666191606
3.18117716390563
3.00232663119346
2.83136661724624
2.66435188510818
2.5288990287054
2.38029544702818
2.25667833801294
2.12517080471289
1.99497837653576
1.88188194771588
1.78456643367697
1.70829212328815
1.63859319323586
1.58204501082704
1.53864757222569
1.49393506309278
1.45579792564461
1.41634571709761
1.3860990256706
1.36374277648402
1.34796189521584
1.33218101436989
1.31640013394593
1.31245491390585
1.30324940058144
1.29535896070325
1.29535896070325
1.29535896070325
1.29535896070325
1.29667403400897
1.29404388740046
1.30061925394367
1.30587954723092
1.32034535401238
1.33744130793831
1.35716740923761
1.39004424620337
1.4294964529857
1.49788028434961
1.58336008477434
1.67936049093259
1.80955284788212
1.95552613140188
2.11728035367811
2.2737743195713
2.4381587839174
2.61043375388697
2.77350323982346
2.94314815886239
3.12199867238862
3.29427385433306
3.45471338555284
3.6033172558844
3.74797592995369
3.90315527813237
4.05307435219274
4.19247282739205
4.33450150027418
4.45943416087142
4.5764763646609
4.681682862377
4.77505364692911
4.88683559422967
4.97757625160111
5.05253593715065
5.13538612865695
5.20771567189154
5.2747848938681
5.32870329441115
5.35368987221162
5.37078595246768
5.37999153438256
5.39577253233958
5.41155353078776
5.41286861401397
5.41023844756499
5.39840269871349
5.40234794829995
5.40366303150225
5.38788203329968
5.37210103558815
5.3550049552878
5.34185412467925
5.31949771342597
5.28399047404413
5.24322290595636
5.19982517576828
5.145906788855
5.07620741907149
4.9894119906979
4.89472608554099
4.75269726036568
4.59620258136468
4.39368012527387
4.19904822807118
4.02414259777425
3.83082591534237
3.68353706125601
3.52572761939062
3.37054837968195
3.2022184068699
3.01284724915947
2.83794200142472
2.68144787901776
2.52495380036739
2.39739143231123
2.26719894198803
2.14621200800462
2.02391002468806
1.89503269411293
1.81349807127621
1.72144286574382
1.64911378591675
1.60045604635868
1.54785308923569
1.51629131723265
1.48604462065873
1.4492225573695
1.42160601141756
1.38741409917859
1.37294829075223
1.35848248268102
1.34796189521584
1.3334960877576
1.32297550073799
1.32034535401238
1.31771520729848
1.32034535401238
1.31903028065397
1.31640013394593
1.32166042737371
1.32560564747531
1.33744130793831
1.34664682179588
1.35979755612737
1.38215380516426
1.40977034926384
1.45579792564461
1.51103102206418
1.58993545455525
1.692511232734
1.81218299680852
1.96078643059675
2.11859542884302
2.27114416852887
2.44341908756464
2.61043375388697
2.76955800976339
2.94972354436461
3.12594390495831
3.29164369847647
3.45208322892234
3.60200217720708
3.74666085092355
3.88868940479247
4.02808783692051
4.17274662584483
4.30556973047433
4.43839286858348
4.5764763646609
4.68694318782099
4.79346478952908
4.88815067610651
4.97889133370953
5.05516610175458
5.13144088113847
5.19587992775238
5.26689439670683
5.3181826304417
5.35237478913885
5.36552562001987
5.37473120183932
5.39051219963267
5.40629319791712
5.40892336434562
5.40629319791712
5.39971778190557
5.39708761552483
5.39708761552483
5.38919711646448
5.37078595246768
5.35368987221162
5.33790887556308
5.31423738150929
5.28399047404413
5.23927765760484
5.18798943181205
5.13275596364125
5.06700184263912
4.98283658005495
4.87105461196887
4.74086152669292
4.58042160794199
4.39762536717742
4.21088394949962
4.01362196019383
3.83871639080843
3.68353706125601
3.5230974624161
3.36397298914589
3.19432794066379
3.01942263548992
2.84451738568092
2.67487249668307
2.52232364815742
2.3868708259221
2.25273311157243
2.13306125585652
2.00418390078982
1.90292314209501
1.81086792234384
1.72144286574382
1.64779871182125
1.60045604635868
1.56363397587554
1.51234609585187
1.48078432576167
1.44527733643976
1.4189758642517
1.39924976088265
1.37294829075223
1.36900307033395
1.35190711549328
1.34927696863872
1.32297550073799
1.33744130793831
1.33086594098512
1.33481116114825
1.33086594098512
1.33218101436989
1.33744130793831
1.34270160155362
1.34664682179588
1.35716740923761
1.37294829075223
1.39398946676258
1.42029093783316
1.46368836767193
1.52286668625965
1.60045604635868
1.70566197483272
1.81612822022054
1.96341658021222
2.12385572953286
2.28692507496597
2.45262461906519
2.62489959346181
2.79717462077007
2.96287431560318
3.12725898248782
3.29953416608421
3.45602846387286
3.60726249193555
3.75849656231057
3.9005251193142
4.04912911286121
4.1806371063755
4.30556973047433
4.44759843385554
4.57779144575128
4.68957335056295
4.80398544273721
4.89078083987024
4.98283658005495
5.05385101945093
5.13144088113847
5.19587992775238
5.26294914817204
5.31160721557135
5.34448429077371
5.35763512145038
5.37341611871204
5.39051219963267
5.40366303150225
5.41155353078776
5.40234794829995
5.40366303150225
5.39840269871349
5.38919711646448
5.38130661752689
5.36684070312672
5.34842953994096
5.32738821140307
5.29714130315585
5.26820947955856
5.23138716099341
5.18798943181205
5.12881071614304
5.05779626637199
4.96968575902118
4.86579428465578
4.73034087476603
4.58568193236318
4.40420077041585
4.20825378915931
4.01756719926213
3.83871639080843
3.68090690351374
3.5230974624161
3.36002775486229
3.2022184068699
3.028628176484
2.84057215511788
2.67881772607462
2.52363872426087
2.38555575013721
2.24878788515929
2.12648587989593
2.01470450011791
1.90686836612652
1.81349807127621
1.72670316280942
1.65700423055205
1.60966156434219
1.57152441935518
1.52681190771128
1.49788028434961
1.46631851503795
1.43607182104007
1.41108542282472
1.39793468734822
1.38083873166801
1.37557843771241
1.36374277648402
1.35585233579713
1.35190711549328
1.35059204206454
1.34927696863872
1.34796189521584
1.34927696863872
1.35585233579713
1.35453726235958
1.36374277648402
1.37426336423085
1.39267439323991
1.40714020215091
1.43475674742331
1.47552403091179
1.53338727685641
1.61492186039795
1.70829212328815
1.82007344365944
1.95684120619608
2.11596527851624
2.28166477277158
2.44604923940663
2.61569405914376
2.79191431380618
2.96155923846528
3.1298891375563
3.3008492440299
3.45471338555284
3.60857757062568
3.75981164136966
3.89921003990996
4.04781403309054
4.18195218647538
4.3068848108853
4.45154367616447
4.58568193236318
4.69746383886869
4.81187593278363
4.90261657697297
4.98415166217681
5.05911134868575
5.13670121116989
5.20114025844702
5.26294914817204
5.31292229853862
5.34974462300352
5.36947086935061
5.38525186698033
5.39314236597931
5.40234794829995
5.41023844756499
5.40234794829995
5.40234794829995
5.39840269871349
5.38788203329968
5.38525186698033
5.37078595246768
5.35237478913885
5.33001837742265
5.31423738150929
5.27346981099939
5.23401732651699
5.19456484508719
5.12881071614304
5.06305659564726
4.97626116949605
4.86973953013558
4.74349168970797
4.58568193236318
4.41077617373663
4.22666491181635
4.02940291664243
3.85318226279794
3.69537277125507
3.53230301188275
3.3771237702973
3.20353348458195
3.03257340838557
2.85635307753797
2.68539310845566
2.53284425707106
2.3868708259221
2.2606235644808
2.14095170710907
2.02127987479582
1.92264926252245
1.82533374161981
1.73985390568184
1.66883989770541
1.61755200844362
1.58993545455525
1.55048323697943
1.51234609585187
1.48078432576167
1.44659241008006
1.42686630578456
1.4084552757059
1.40319498150355
1.38478395216555
1.37820858468434
1.37163321727653
1.36242770302887
1.36637292340312
1.36111262957665
1.36900307033395
1.36111262957665
1.36768799686707
1.36900307033395
1.37820858468434
1.38872917268951
1.41108542282472
1.42029093783316
1.44659241008006
1.48735969439037
1.5399626460754
1.62544245265175
1.72144286574382
1.83322418865002
1.96210150540299
2.11333512820154
2.27245924404856
2.44341908756464
2.63147497521005
2.79585954402445
2.96418939274422
3.13646452528245
3.29821908814168
3.45471338555284
3.60200217720708
3.74403069287292
3.89131956355245
4.03992355453477
4.17406170592511
4.3095149717171
4.44891351462189
4.58042160794199
4.69877892026462
4.80924576942146
4.90656182273421
4.98546674430204
5.05911134868575
5.1274956336504
5.19193467976697
5.25900389966781
5.30371671783917
5.33659379253117
5.3615803707198
5.30108655195564
4.37132375504671
2.44999446719257
0.664124108873459
0.977111306386597
0.952124927494303
0.670699468497489
0.795631314923916
0.725932492156296
0.689110475824165
0.710151627739712
0.70620641169986
0.670699468497489
0.662809036957206
0.675959756248048
0.681220044044252
0.675959756248048
0.677274828192814
0.674644684306124
0.682535116000437
0.678589900140445
0.674644684306124
0.660178893133256
0.649658317951491
0.648343246066595
0.648343246066595
0.66149396504381
0.656233677418719
0.657548749320718
0.654918605519576
0.650973389839237
0.654918605519576
0.649658317951491
0.649658317951491
0.648343246066595
0.643082958555503
0.637822671089999
0.63650759923074
0.637822671089999
0.640452814817053
0.639137742952094
0.650973389839237
0.637822671089999
0.635192527374336
0.639137742952094
0.629932239977173
0.641767886684853
0.635192527374336
0.635192527374336
0.637822671089999
0.631247311822193
0.63650759923074
0.628617168135008
0.633877455520768
0.635192527374336
0.624671952625583
0.635192527374336
0.628617168135008
0.629932239977173
0.628617168135008
0.623356880794802
0.627302096295686
0.625987024459214
0.622041808966863
0.622041808966863
0.619411665319532
0.619411665319532
0.622041808966863
0.618096593500134
0.619411665319532
0.61415137805902
0.615466449869878
0.612836306251005
0.610206162643514
0.61415137805902
0.615466449869878
0.608891090844033
0.611521234445839
0.611521234445839
0.611521234445839
0.603630803674569
0.608891090844033
0.604945875462668
0.604945875462668
0.604945875462668
0.603630803674569
0.604945875462668
0.602315731889313
0.602315731889313
0.603630803674569
0.597055444776736
0.598370516550609
0.59968558832734
0.59968558832734
0.59574037300569
0.59179515770964
0.593110229472153
0.597055444776736
0.589165014193156
0.59574037300569
0.766699727138423
5.52070545019051
11.8870677953746
17.0475614433928
20.9114038838626
23.7402700464536
24.9718572806693
24.1376175265477
23.7438925121553
23.7481609219065
21.3112049386328
17.8103315686896
13.3520939565506
8.63877842281862
4.81582117785195
3.74797592995369
4.83028707669319
6.1138084631998
6.88970926773504
7.35393525941768
7.31316751968823
6.64247294512764
5.64563839895833
4.91445231434724
4.65801139853755
4.69877892026462
4.63828517949397
4.51466755714853
4.45154367616447
4.26743239998313
4.14644502492499
3.95970369585452
3.70063308689367
3.39684994261926
3.09043681284871
2.84583246254149
2.65646142655671
2.5473100946484
2.42895325265258
2.34215825094866
2.21985622563159
2.08045825028768
1.9791974781575
1.89108747016235
1.81744329469718
1.73327853420841
1.65963437878757
1.60308619433916
1.56626412369025
1.55048323697943
1.52286668625965
1.50840087449766
1.48735969439037
1.48998984186249
1.49393506309278
1.50708580071883
1.50577072694295
1.51366116964251
1.52023653863998
1.52023653863998
1.50708580071883
1.52549683389112
1.54522294150377
1.55705860639053
1.60045604635868
1.68462078761748
1.78062121047991
1.90555329144636
2.07651302506486
2.29350045277742
2.526268876477
2.75903739640628
2.99049093622099
3.21405410639181
3.45076815061186
3.69274261345505
3.92419654914364
4.17274662584483
4.3949952059051
4.59751766250479
4.80398544273721
4.97363100529602
5.15642744926945
5.36947086935061
5.57199370962044
5.74821494852196
5.91523065753228
6.08487659252555
6.25978292744023
6.40049709159773
6.52543026186107
6.63458242626981
6.71874796736262
6.80554369691904
6.87787348345205
6.94625801887778
7.01201238902918
7.06593097927208
7.1040685223741
7.1422060685146
7.15930221087525
7.1632474745838
7.18034361769736
7.19612467342238
7.20138502544668
7.19743976142302
7.19480958542538
7.19086432145608
7.18165870565452
7.18165870565452
7.16456256249389
7.12247975116578
7.08960255739172
7.05146501544123
6.99886151427911
6.95020328083327
6.8712980478648
6.76477600382561
6.65430872365459
6.51622465875158
6.36104451813913
6.19139848836588
5.97572455018617
5.72585851926534
5.47336244611086
5.19851009309293
4.92234280608102
4.66064156113318
4.38578964155568
4.11619818548076
3.89131956355245
3.69931800797921
3.5230974624161
3.35345236445306
3.1430399130872
2.93394261929036
2.71827002152018
2.53021410482422
2.37635021972849
2.24615773423238
2.11596527851624
2.01601957504747
1.91870403838298
1.86084075410356
1.79640210342928
1.73985390568184
1.6819906392691
1.63464797102949
1.61097663835168
1.58599023267782
1.56757919760205
1.55048323697943
1.54916816310608
1.5399626460754
1.53601742453514
1.52418176007391
1.52286668625965
1.52286668625965
1.52155161244834
1.5347023506943
1.54390786764224
1.55574353250239
1.58336008477434
1.60177112034744
1.64779871182125
1.71749764297588
1.81875836917682
1.94763568269967
2.10544467733001
2.30402105743403
2.53810456160162
2.80769523484684
3.0496694136181
3.28901354263252
3.50205620707908
3.71509895516467
3.94260766195823
4.1609109052693
4.39631028653961
4.62907961086275
4.85001330303792
5.06568676030513
5.27873014249459
5.47862277967847
5.67457024414863
5.84684626598766
6.01649217764827
6.19139848836588
6.3505238324195
6.49386819477987
6.61091087046459
6.70691218726446
6.7845023065063
6.85025665458786
6.92653170958545
7.00412186413593
7.0751365928463
7.13037027800767
7.16061729877448
7.17508326590493
7.18954923347356
7.20927555359186
7.22242643412386
7.23031696261715
7.22900187452586
7.21979625798845
7.22111134605434
7.22111134605434
7.21322081771338
7.19480958542538
7.16982291417045
7.14615133208201
7.1132741366814
7.07908185586081
7.03305378937858
6.97124467847575
6.90154505230863
6.80948895772337
6.70165184064688
6.57803371153441
6.42153846540766
6.24794715845973
6.02964302593075
5.79687306270711
5.52465070073079
5.23007207823671
4.97231592320104
4.68431302509234
4.41340633508799
4.14907518495823
3.90841559580755
3.71641403411768
3.52572761939062
3.35213728638071
3.16408115459079
2.94577831305391
2.73142078728734
2.53810456160162
2.38555575013721
2.27114416852887
2.14095170710907
2.03706077433004
1.95026583225506
1.86741612702507
1.79640210342928
1.74116897998546
1.69514138112995
1.65963437878757
1.63201782290674
1.60966156434219
1.5846751587246
1.5780997890029
1.57020934543451
1.55968875417566
1.57020934543451
1.55837368028161
1.55837368028161
1.56231890197262
1.55574353250239
1.57415456720539
1.58599023267782
1.59651082441018
1.61492186039795
1.6372781191641
1.68593586179615
1.75168957452168
1.84111463578787
1.96999195430348
2.12385572953286
2.32637734297658
2.55651562784582
2.81164046517686
3.08254634824627
3.32189049159127
3.54676887564624
3.7703322739582
3.98469020791908
4.20430854867335
4.43576270710687
4.66984713032261
4.89078083987024
5.09987890208522
5.31292229853862
5.5285959513019
5.71665293103775
5.89681947427061
6.08093133756461
6.24926224388796
6.40707252081624
6.54121129616714
6.65036346411357
6.73978935491734
6.81474930551256
6.88707909342482
6.96335415425194
7.03305378937858
7.10538361012144
7.14352115636678
7.17245309003044
7.18560396954773
7.20006993743517
7.21322081771338
7.23031696261715
7.23426222691277
7.23163205071206
7.22111134605434
7.21585099381253
7.21716608186754
7.20270011346181
7.18428888157971
7.15798712297964
7.1316853658273
7.1066986978724
7.07250641752133
7.02384817661221
6.95809380484133
6.88181874484743
6.79896826231671
6.69770658072114
6.57145828001476
6.42548372309766
6.24531698761381
6.03358828048346
5.80213339965923
5.53385628544468
5.24848323713921
4.98809690856259
4.70009400166389
4.4344476263735
4.1609109052693
3.93340210547161
3.72035927099594
3.52441254090176
3.34950713024553
3.15619068893257
2.95498385282257
2.74588662998881
2.55388547548834
2.40002158393907
2.27771954615775
2.1606778357171
2.04626629925874
1.95158090703725
1.87267642541617
1.80692269896766
1.759580020549
1.71618256872585
1.6780454167688
1.64911378591675
1.62281230457052
1.60308619433916
1.58993545455525
1.58204501082704
1.57678471506743
1.57678471506743
1.5728394932788
1.57678471506743
1.5780997890029
1.5780997890029
1.587305306634
1.59914097237289
1.61097663835168
1.62675752669681
1.65831930466832
1.70434690060946
1.76221016924862
1.85952567952823
1.98708792729249
2.14884215847055
2.35399393221592
2.57492669469276
2.84977769314184
3.09701220010371
3.33372619370063
3.55728950408048
3.77690766943063
4.01493703988002
4.23981571410695
4.45417383772025
4.69088843193892
4.90656182273421
5.12618055116113
5.34053904163712
5.5496372882021
5.75084511673538
5.93627201066472
6.1138084631998
6.27950920970681
6.44521001202471
6.58329405681405
6.69113114758287
6.77924195904615
6.85814717695919
6.92127136057734
6.99360116447991
7.05935554111304
7.12247975116578
7.16193238667733
7.18954923347356
7.20401520148057
7.21848116992619
7.23163205071206
7.24346784372954
7.24741310813402
7.25135837257117
7.24346784372954
7.23689240312798
7.23689240312798
7.22374152219701
7.20270011346181
7.18428888157971
7.15404185931453
7.12379483896373
7.08565729429055
7.0369990520468
6.98045029023387
6.90417522669778
6.82263982730372
6.71348762061665
6.59644492026175
6.44257984012182
6.27819412419777
6.06646540297667
5.82185966372263
5.56278812421046
5.27609997674021
4.99730248358043
4.73034087476603
4.45022859539153
4.19378790752133
3.95049813907309
3.74666085092355
3.55071411128514
3.35739759868909
3.16671130983537
2.95235369858734
2.74983185988152
2.57887192338128
2.41974772153771
2.3027059818413
2.17382858850097
2.06599242460346
1.97788240331219
1.88977239551816
1.82664881611737
1.78588150808196
1.73196345992266
1.69514138112995
1.66752482356538
1.64122334138828
1.61755200844362
1.60440126833384
1.60045604635868
1.59519575043327
1.59388067645933
1.58993545455525
1.58599023267782
1.58993545455525
1.59782589839005
1.59914097237289
1.61097663835168
1.62675752669681
1.65437408232841
1.67673034260797
1.71881271722888
1.78719658248993
1.87267642541617
2.0054989756953
2.1659381367943
2.35925423508069
2.595967914685
2.84451738568092
3.08649158053337
3.33109603765417
3.55071411128514
3.79531877718171
4.03334815582768
4.25954191815679
4.48310561570524
4.70535432729424
4.92497297001912
5.1274956336504
5.34974462300352
5.57199370962044
5.76136578972719
5.94547760293984
6.12301405876908
6.29397515053831
6.46099104373899
6.59907509299392
6.70691218726446
6.79633808850081
6.87392822208894
6.94362784425875
7.00017660173791
7.06724606691471
7.13431554147743
7.17113800209863
7.19612467342238
7.20664537752896
7.21979625798845
7.23689240312798
7.25135837257117
7.25135837257117
7.2487281962761
7.23689240312798
7.23426222691277
7.23294713881059
7.22242643412386
7.20138502544668
7.18165870565452
7.1527267714334
7.12116466337145
7.09091764509933
7.05146501544123
6.9883408147383
6.91864118609484
6.82658508824763
6.73321392120835
6.61354104327494
6.46756647377024
6.29529023608955
6.08619167751952
5.84158592856482
5.57988421153426
5.29451113730632
5.01176838751292
4.74612185273636
4.46863972651303
4.19773314792882
3.97022433237061
3.74929100898704
3.561234739796
3.37843884842989
3.18906762992273
2.98786078181706
2.78270877673882
2.595967914685
2.44604923940663
2.31454166228555
2.19355471824493
2.07782810013611
1.98840300215885
1.90292314209501
1.82138851814505
1.78851165690088
1.75431972318553
1.72275794000576
1.6938263069305
1.65831930466832
1.64911378591675
1.63333289696663
1.62018215650114
1.61886708247089
1.60966156434219
1.61492186039795
1.61492186039795
1.61229171236415
1.61755200844362
1.62149723053434
1.6372781191641
1.65174393411664
1.66883989770541
1.70040167795754
1.73459360849714
1.81481314574688
1.8976628434283
2.02654017459236
2.19223964290745
2.37240499245628
2.60385837238531
2.85109277001484
3.10490266491332
3.3481920521827
3.57570060433223
3.8150449647586
4.05175927241231
4.27926812294387
4.50809215252418
4.72245038596082
4.93680870790666
5.14459170631842
5.37341611871204
5.58645962989016
5.78503730476717
5.96388878800111
6.14011016528096
6.32422211910689
6.48729276439474
6.61354104327494
6.72926866102579
6.82132474032959
6.88576400627509
6.94231275695463
7.00806712656635
7.06330080399764
7.12379483896373
7.16061729877448
7.17771344179391
7.18560396954773
7.20927555359186
7.22900187452586
7.24609801999556
7.25267346072415
7.25004328442183
7.24609801999556
7.24478293186073
7.23952257935772
7.22505661027378
7.20927555359186
7.18165870565452
7.15930221087525
7.13037027800767
7.08960255739172
7.04225940232157
6.98308046505428
6.91206574995142
6.82527000126275
6.73058374774974
6.61354104327494
6.47282681785892
6.30055057832967
6.09934252765128
5.86262727858882
5.58777471357165
5.3181826304417
5.03675494981015
4.75664250498329
4.47784529231638
4.222719671193
3.97942988949242
3.76901719487336
3.57833076156217
3.3850142391404
3.207478717737
3.0010115539618
2.78533893017113
2.60254329609423
2.4381587839174
2.3158567379057
2.196184868929
2.08834870081484
1.99497837653576
1.90949851549585
1.84111463578787
1.79377195457455
1.75826494620366
1.72933331136009
1.69645645533239
1.66752482356538
1.65305900822104
1.63990826731059
1.62807260074485
1.62544245265175
1.62149723053434
1.62281230457052
1.62149723053434
1.62281230457052
1.63070274884981
1.63333289696663
1.63990826731059
1.65831930466832
1.67278512014332
1.70434690060946
1.75431972318553
1.81481314574688
1.90686836612652
2.04495122425988
2.20013009497784
2.38950097750105
2.61043375388697
2.86029830821297
3.11936851735786
3.35871267677411
3.58490615469296
3.83477115306088
4.08463626789906
4.32003561517559
4.54359933847803
4.74743693425555
4.96179526656224
5.18141401862156
5.39708761552483
5.60618588547299
5.79687306270711
5.97572455018617
6.16115152795352
6.3492087467204
6.51096431419555
6.64115785864244
6.73452900794302
6.79502300159823
6.86472261236718
6.91864118609484
6.98439555246988
7.06856115456096
7.13300045365056
7.18428888157971
7.21059064162874
7.22505661027378
7.24215275560196
7.24478293186073
7.25661872520487
7.25793381337237
7.2487281962761
7.24609801999556
7.25135837257117
7.24083766747803
7.23294713881059
7.21848116992619
7.20138502544668
7.17113800209863
7.14878150781171
7.11064396114696
7.06330080399764
7.01201238902918
6.93705240777408
6.85025665458786
6.75820056977738
6.64641820460459
6.49649836695871
6.33079754730296
6.12827439917131
5.88235354504219
5.6022406342946
5.32212787940473
5.03938511433321
4.75795758652917
4.51203739528887
4.25165143644842
4.02151243835966
3.80583941046581
3.60200217720708
3.40079517716935
3.20484856229715
3.00758694015144
2.80638015807638
2.63015989885424
2.47498091047718
2.35399393221592
2.22380145184427
2.10675975246771
2.02259494974043
1.92790956141709
1.84769000848497
1.8082377734234
1.78456643367697
1.74248405429206
1.72144286574382
1.69645645533239
1.68067556509936
1.65568915643875
1.65305900822104
1.64516856363915
1.64385348955256
1.63859319323586
1.63990826731059
1.63859319323586
1.64385348955256
1.65174393411664
1.66357960116311
1.6780454167688
1.69645645533239
1.72538808853856
1.76878554104984
1.83585433768401
1.92396433724161
2.05284167429826
2.21459592405716
2.39607635650189
2.60911867758048
2.86950384656352
3.1298891375563
3.38106900470458
3.60463233456492
3.83345607381815
4.09647198677231
4.31609037385403
4.5370239334898
4.74349168970797
4.95785002037812
5.17878385336906
5.39314236597931
5.61013113668231
5.79687306270711
5.97572455018617
6.15457610202208
6.34131823259981
6.51359448646648
6.64510311810871
6.74241952842593
6.83184543622296
6.90286013950141
6.95940889218858
7.02384817661221
7.08828746968772
7.14089098066602
7.18165870565452
7.20138502544668
7.21716608186754
7.23557731501856
7.25004328442183
7.26713943064655
7.26976960704329
7.26582434245363
7.25004328442183
7.24478293186073
7.24478293186073
7.23557731501856
7.21453590576115
7.19480958542538
7.16719273832492
7.13957589282106
7.11064396114696
7.06724606691471
7.00412186413593
6.93442223320537
6.85157174164079
6.74899496225988
6.62932208043573
6.49518328086752
6.3189617766134
6.10986320800826
5.88498371396158
5.61144622042561
5.31686754746082
5.06568676030513
4.79477987116841
4.52387312376151
4.26480223936124
4.02545767748642
3.80583941046581
3.60200217720708
3.41789119388331
3.22720488393789
3.0207377127654
2.82084600272226
2.63673528066416
2.49076182259547
2.36845976521155
2.2343220552117
2.13306125585652
2.04232107427121
1.95947135579353
1.88977239551816
1.83322418865002
1.80955284788212
1.78062121047991
1.74116897998546
1.72407301427067
1.69908660374619
1.68725093597777
1.67541526845012
1.66620974942832
1.66357960116311
1.66357960116311
1.66489467529423
1.66226452703496
1.66357960116311
1.6780454167688
1.69119615854049
1.70040167795754
1.71881271722888
1.74379912860164
1.79114180573175
1.85163523213912
1.94106030886375
2.08703362571944
2.24221250786481
2.43289848031915
2.6380503570354
2.88133953895262
3.1233137499087
3.36265791104819
3.60463233456492
3.85975765928593
4.10962278582981
4.36080311056295
4.57910652684497
4.78294413653469
4.99335723712403
5.20508550650356
5.42601944646366
5.61670655543323
5.80607865240962
5.99019048212845
6.16115152795352
6.36498977534216
6.54252638238236
6.67271993526965
6.76477600382561
6.82263982730372
6.88707909342482
6.95940889218858
7.03831413961009
7.1066986978724
7.1658776504076
7.20664537752896
7.22900187452586
7.24346784372954
7.25661872520487
7.26976960704329
7.27897522454631
7.28555066572891
7.28423557748513
7.2776601363207
7.26845451884311
7.26450925426434
7.25398854888076
7.23952257935772
7.21190572966925
7.1829737936153
7.15930221087525
7.11984957558074
7.07119132986427
7.01464256402242
6.94494293156647
6.86340752527841
6.75951565657989
6.65036346411357
6.50570396969621
6.33342771860605
6.13747999500988
5.89287422080304
5.61407638792254
5.32607312839838
5.06174151332339
4.79741003445708
4.55148982457315
4.28452844434499
4.04386879379802
3.83082591534237
3.63093390884732
3.42446658507009
3.24167073960295
3.04046387227326
2.85503800065252
2.67487249668307
2.5104879633645
2.37503514396803
2.24352758331763
2.13043110546321
2.04889644926551
1.95684120619608
1.89240254480955
1.84900508303337
1.81218299680852
1.78588150808196
1.759580020549
1.73985390568184
1.71881271722888
1.69645645533239
1.68856601016237
1.68593586179615
1.67673034260797
1.67673034260797
1.67410019429524
1.6780454167688
1.67936049093259
1.6938263069305
1.70960719752032
1.71486749447879
1.74379912860164
1.76484031796016
1.80955284788212
1.87267642541617
1.95947135579353
2.10281452706368
2.26456879097602
2.44999446719257
2.66303680867522
2.89449030856963
3.13251929263732
3.35476744252856
3.5927966265554
3.85581242138345
4.13329422495463
4.38578964155568
4.60672323057843
4.79872511610643
5.00913822313127
5.21560616813679
5.42601944646366
5.63511772839299
5.81791441084766
6.0007111601692
6.17824763578497
6.37945571869141
6.55567724472964
6.70033675400141
6.79370791469922
6.84894156753851
6.90286013950141
6.96729941634765
7.03173870182972
7.1132741366814
7.16982291417045
7.20533028950295
7.23557731501856
7.25135837257117
7.21979625798845
6.40838760667052
4.37132375504671
1.73459360849714
0.739083212817881
1.26379720224352
1.10204321651
0.779850448687192
0.908727535051199
0.903467245271351
0.816672470548461
0.839028699204427
0.828508120910037
0.757494222224672
0.781165520857819
0.787740881753969
0.783795665207684
0.789055953941791
0.800891603761222
0.804836820419304
0.81141218157348
0.814042326055237
0.807466964872368
0.785110737386908
0.789055953941791
0.768014799280408
0.764069582863037
0.774590160033306
0.766699727138423
0.773275087877003
0.769329871425263
0.773275087877003
0.775905232192478
0.770644943572975
0.783795665207684
0.782480593031316
0.774590160033306
0.773275087877003
0.764069582863037
0.753549005876003
0.761439438599098
0.760124366471423
0.757494222224672
0.761439438599098
0.758809294346612
0.756179150105588
0.752233933765503
0.749603789553085
0.753549005876003
0.75486407798936
0.75486407798936
0.748288717451175
0.753549005876003
0.752233933765503
0.744343501162597
0.750918861657858
0.750918861657858
0.753549005876003
0.75486407798936
0.750918861657858
0.749603789553085
0.748288717451175
0.752233933765503
0.741713356984519
0.741713356984519
0.743028429072133
0.741713356984519
0.741713356984519
0.744343501162597
0.740398284899776
0.743028429072133
0.741713356984519
0.737768140738858
0.737768140738858
0.740398284899776
0.737768140738858
0.733822924518932
0.733822924518932
0.733822924518932
0.736453068662691
0.739083212817881
0.736453068662691
0.733822924518932
0.737768140738858
0.737768140738858
0.737768140738858
0.733822924518932
0.737768140738858
0.73513799658938
0.732507852451342
0.733822924518932
0.731192780386614
0.727247564209584
0.733822924518932
0.731192780386614
0.728562636265742
0.727247564209584
0.72987770832475
0.72987770832475
0.731192780386614
0.853494494659351
5.86262727858882
13.1206352506423
19.6081083938727
24.6401367569565
28.0044158322662
29.565093804944
29.7263358348494
28.8923070818418
27.4671727057807
25.8550978665254
24.4602477239355
23.6867874378704
22.3501639251497
17.5683491457356
12.1106351813185
7.62089828695103
5.22218158176772
5.44574569577846
7.04225940232157
8.61773695022054
9.6487702615948
9.83156850832525
9.28580418247403
8.15482479753049
7.1527267714334
6.62274664822318
6.29792040720258
5.9244362494183
5.37736136810413
4.97100084110944
4.89998641314889
4.89341100364739
4.66984713032261
4.27269272126623
3.86238781790374
3.47180940396132
3.24693105084855
3.15619068893257
3.13120421509523
2.95498385282257
2.72747555752469
2.5104879633645
2.41580249396294
2.38555575013721
2.33032256992843
2.20539039641876
2.11728035367811
2.08045825028768
2.0502115242734
2.0304853994714
1.99366330165437
1.97788240331219
1.95684120619608
1.94895075747586
1.96867687947922
1.97393717879431
1.95947135579353
1.99366330165437
1.99497837653576
1.98577285242914
1.99234822677597
2.02259494974043
2.05152659928432
2.10281452706368
2.15673260994101
2.27245924404856
2.43552863211215
2.68933833792138
2.99180601342764
3.33241111567582
3.67170135151684
4.02940291664243
4.36869359390604
4.66064156113318
4.91708247824509
5.14196154125538
5.36421053691644
5.60092555057533
5.82580491662874
6.08224642254809
6.35578417525112
6.6398427721608
6.94625801887778
7.23952257935772
7.46440270080718
7.59591159324282
7.67613203564556
7.74714686493736
7.85103894939925
7.99701394256395
8.13904370961657
8.25345660919572
8.35208844194825
8.42573355752676
8.4914881349952
8.55198235460532
8.61905204222948
8.68086137092953
8.7268895998808
8.74398580039232
8.75450653948838
8.76108200154719
8.78475366574745
8.79790459083674
8.79658949831065
8.77160274103934
8.77028764858949
8.75187635469153
8.73214996920046
8.7071632154742
8.68875192413329
8.63746333075279
8.57959928361031
8.52305033553283
8.45072029585368
8.36260917202252
8.25608679112849
8.13641352834988
7.98912340122345
7.81158625638099
7.63010391128307
7.41311424267419
7.18560396954773
6.95020328083327
6.69376132082748
6.38734623342543
6.0401637048077
5.68377583160411
5.30108655195564
4.94864444606608
4.63697009825098
4.3239808565267
4.06885530981162
3.85975765928593
3.655920405602
3.45339830723599
3.25219136214466
3.05887495511647
2.88659984676205
2.68933833792138
2.50917288729175
2.38818590171005
2.29613060392331
2.22774667808428
2.16856828735108
2.13043110546321
2.09492407633719
2.06336227451829
2.0304853994714
1.99760852630759
1.98051255300582
1.96867687947922
1.96078643059675
1.95684120619608
1.95289598182246
1.96473165502446
1.97262210396103
1.97656732846989
1.98840300215885
1.99892360119802
2.01996479985421
2.04363614926404
2.07782810013611
2.13963663189275
2.22643160266791
2.36977484095674
2.5473100946484
2.78007862331892
3.05361464567002
3.34556189606654
3.67301643036391
4.02808783692051
4.38973488339996
4.73034087476603
4.9894119906979
5.21955141630517
5.4404853625527
5.6653646568619
5.90076472776941
6.15852135757044
6.434689324498
6.74373461518558
7.0554102782609
7.31579769633942
7.53278732030176
7.6656113211083
7.75635249174374
7.8536691290522
7.9812328600168
8.11931735048054
8.25345660919572
8.36655444586243
8.45729575353442
8.52436542726914
8.5966954785932
8.65192934368564
8.69401229301182
8.728204692205
8.75450653948838
8.76765746370121
8.78738385073481
8.79921968336664
8.80316496097921
8.80448005352437
8.80053477590034
8.79527440578838
8.7834385732595
8.77160274103934
8.74924616990989
8.7242594152438
8.69664247747388
8.65192934368564
8.60590112231075
8.55724272190614
8.47965231035459
8.38891099826167
8.29159424868927
8.16534552310539
8.02068556738875
7.85498421888423
7.67087167834749
7.45651216842504
7.23294713881059
6.99886151427911
6.72926866102579
6.413647950123
6.08882184751791
5.71533784701904
5.33790887556308
5.00387789440836
4.67247729297808
4.3752689967824
4.12671882509178
3.90315527813237
3.69011245566785
3.49285065812573
3.31005478973832
3.09701220010371
2.90238077048935
2.69459864391892
2.51180303944032
2.38818590171005
2.30665120862864
2.24352758331763
2.18303411562996
2.13306125585652
2.09097885101472
2.04363614926404
1.99760852630759
1.98840300215885
1.98314270271146
1.97262210396103
1.96341658021222
1.9581562809933
1.96078643059675
1.96999195430348
1.96341658021222
1.96867687947922
1.9844577775688
1.99629345142018
2.01733464998004
2.04495122425988
2.08571855062704
2.14621200800462
2.24484265877349
2.3908160532951
2.57492669469276
2.8090103116204
3.09175189029344
3.3771237702973
3.72561958687862
4.09252674711858
4.45680399928924
4.76847823901624
5.00124773006709
5.21955141630517
5.45363619571961
5.68377583160411
5.94416251831868
6.23479630437055
6.52016991720581
6.8279001752361
7.10932887338516
7.33289384492696
7.53147223137197
7.66824149972054
7.78791464216723
7.90627272522207
8.04304210305259
8.16534552310539
8.2876489754919
8.38891099826167
8.47439194394583
8.54409180376762
8.61247658222272
8.67428591003087
8.7255745075604
8.75845181671224
8.77423292595048
8.78606875823922
8.80184986843787
8.81237060887538
8.81894607177281
8.82157625695848
8.8084253311827
8.79132912824443
8.78475366574745
8.77686311087685
8.75450653948838
8.73478015388311
8.7045330309513
8.65981989638806
8.61510676621405
8.57039364042314
8.50200886826591
8.41652791743358
8.31526588858306
8.19690770126598
8.04961755492321
7.87865583649381
7.70506400183786
7.49991009815577
7.27897522454631
7.0554102782609
6.78318721963591
6.46362121574088
6.13090456939342
5.76925629461612
5.37604628497002
5.03807003206999
4.73297103772776
4.42392698062528
4.16222598532018
3.95312829813729
3.73745529780263
3.52178238393362
3.32846588162037
3.12199867238862
2.9247370798712
2.72484540436507
2.5315291809461
2.40396681140376
2.30796628423051
2.23695220608392
2.17645873909411
2.1291160302711
2.08308840045132
2.03443062437754
2.0107592753473
2.0015537509879
1.98051255300582
1.97393717879431
1.96867687947922
1.9581562809933
1.96473165502446
1.96999195430348
1.97525225363059
1.98182762785714
1.98840300215885
2.0054989756953
2.02785524954903
2.05284167429826
2.09623915145071
2.15278738419216
2.26325371547457
2.42500802501357
2.61569405914376
2.86161338511085
3.13120421509523
3.43367213286506
3.75586640420205
4.11751326542072
4.49231118176291
4.78820446300517
5.03412478530056
5.24059274038529
5.47599261288783
5.71928309908554
5.99676590587781
6.28608463730475
6.59512983390099
6.89102435489553
7.14352115636678
7.36577105547845
7.54988347672244
7.69454328665262
7.82605224343451
7.95230087673686
8.07197409197996
8.19690770126598
8.31921116201698
8.42047319173661
8.49411831829021
8.54935217097762
8.59932566249355
8.64140860696167
8.69401229301182
8.745300892766
8.78080838829501
8.79132912824443
8.79395931326992
8.8084253311827
8.82552153476562
8.83867246103751
8.8294668126071
8.80974042374311
8.79790459083674
8.7834385732595
8.76897255614345
8.74793107752478
8.70979340001231
8.67034063353726
8.62562750233102
8.57170873229567
8.50989941837762
8.42967883190894
8.32315643548471
8.19953788287663
8.06539863979265
7.90364254527277
7.71952998560256
7.52621187568946
7.30922225473871
7.06330080399764
6.80817387078501
6.48597767832833
6.13616490987959
5.77188646294007
5.40234794829995
5.05516610175458
4.73954644519039
4.45417383772025
4.18589742679462
3.95707353675791
3.75323624610639
3.55597442551502
3.35213728638071
3.14961530097057
2.94577831305391
2.75246201315881
2.57887192338128
2.43552863211215
2.33952809958949
2.26325371547457
2.21065069790821
2.16725321207118
2.127800955082
2.09229392611919
2.0396909242946
2.0107592753473
2.01338942519136
1.99629345142018
1.99760852630759
1.99629345142018
1.99892360119802
1.99760852630759
1.99892360119802
2.01470450011791
2.02391002468806
2.03706077433004
2.06204719948023
2.09097885101472
2.13832155667945
2.20013009497784
2.30402105743403
2.45788492284717
2.64857096811637
2.89843553951548
3.16934146509254
3.45076815061186
3.76375687856622
4.13197914497554
4.53176360955877
4.85395854839719
5.11697497383087
5.33659379253117
5.57067862598015
5.8034484839059
6.04936929900811
6.32685229037475
6.61485612968546
6.89891487793383
7.1829737936153
7.40390862257149
7.58933614775045
7.73531105930903
7.86418984781206
7.98780831101305
8.10879662595146
8.23110006337243
8.34551298577404
8.44151465525906
8.52042015207154
8.56907854855441
8.6164218582154
8.66902554138031
8.71242358456562
8.74924616990989
8.78475366574745
8.79395931326992
8.80053477590034
8.81105551630734
8.81631588660239
8.81894607177281
8.82026116436374
8.80974042374311
8.79921968336664
8.7834385732595
8.76502727882818
8.737410338581
8.7045330309513
8.66508026493228
8.6203671342422
8.56513327297092
8.50595414330476
8.42573355752676
8.32315643548471
8.20611333696875
8.07197409197996
7.91942362519111
7.74977704400644
7.54725329877125
7.32368822638033
7.08302711890783
6.81211913161081
6.50570396969621
6.1532610168463
5.80081831541601
5.42864961299457
5.08804316044168
4.78820446300517
4.49362626264151
4.23981571410695
4.01756719926213
3.80715448964083
3.5809609188049
3.36134283295366
3.14567006823111
2.94709339015436
2.76166754972696
2.58413222834239
2.45393969500609
2.35662408364221
2.27508939509708
2.21065069790821
2.14752708323608
2.09360900122667
2.05810197438414
2.03574569935228
1.99234822677597
1.97393717879431
1.9844577775688
1.97656732846989
1.97130702913075
1.97262210396103
1.96999195430348
1.97656732846989
1.9844577775688
1.99234822677597
2.00812912551527
2.03311554940581
2.0686225747007
2.10544467733001
2.18303411562996
2.28824015052217
2.45130954312735
2.64594081532761
2.87607923119301
3.15882084413939
3.45339830723599
3.80057909379799
4.20693870899405
4.57910652684497
4.86184903920613
5.09330349002727
5.30371671783917
5.54174678676168
5.79292781002935
6.06909557287033
6.3728802898434
6.67929536815849
6.96729941634765
7.255303637041
7.46834796704758
7.63404917890907
7.75766758130227
7.88260110621209
8.00358939378328
8.12194753165014
8.25345660919572
8.37839026758537
8.47965231035459
8.54540689556445
8.59012001890863
8.62694259436272
8.68086137092953
8.73478015388311
8.77817820334577
8.80711023862611
8.81631588660239
8.81763097918569
8.8294668126071
8.8413026463377
8.84393283165316
8.83735736839314
8.83209699785385
8.81763097918569
8.80053477590034
8.78869894323421
8.76897255614345
8.728204692205
8.68743683192317
8.63877842281862
8.58617474314335
8.52699561075311
8.4546655704508
8.34814316823245
8.22320951804627
8.09696081114172
7.94309524607022
7.74714686493736
7.54856838774501
7.33289384492696
7.09354782052539
6.82395491428145
6.53858112374733
6.1953437442085
5.82975016956602
5.4825680298901
5.1274956336504
4.80924576942146
4.52781836664526
4.25691175757423
4.03203307609602
3.82951083610931
3.61646804283357
3.41920627211432
3.2061636400155
2.99838139950783
2.77613339321234
2.57492669469276
2.43289848031915
2.33032256992843
2.26719894198803
2.20539039641876
2.14752708323608
2.11465020335738
2.0686225747007
2.03574569935228
2.02259494974043
2.00286882588735
1.98314270271146
1.98051255300582
1.9791974781575
1.9791974781575
1.9791974781575
1.9844577775688
1.99629345142018
2.00418390078982
2.01864972491562
2.04232107427121
2.07519794999662
2.12254065435587
2.19223964290745
2.31322658666846
2.46051507475654
2.65777650297424
2.88659984676205
3.16013592174752
3.46786416889623
3.81767512315698
4.21482919003464
4.60935339291505
4.88289034861924
5.12223530371361
5.33659379253117
5.57462387691132
5.8231747480212
6.10460286780181
6.40049709159773
6.70033675400141
6.98439555246988
7.26187907789666
7.48938938755226
7.66035096392797
7.79712026977477
7.90627272522207
8.02068556738875
8.14298898154461
8.281073520238
8.41521282600677
8.49280322664081
8.55855781374081
8.59801057054148
8.63483314663251
8.69006701634722
8.74661598514349
8.79132912824443
8.8150007940229
8.82157625695848
8.8294668126071
8.83735736839314
8.8465630169839
8.84919320232991
8.84393283165316
8.83735736839314
8.82420644215942
8.80711023862611
8.78869894323421
8.76634237126279
8.73609524623016
8.69664247747388
8.64929915948188
8.58617474314335
8.52436542726914
8.44809011280778
8.35471862444424
8.23767551791392
8.11537207875414
7.96150650758545
7.7695033874951
7.57223998989965
7.3526201709847
7.11853448779365
6.84894156753851
6.56225267603634
6.22427562135196
5.86394236299477
5.50623953180659
5.15248220158868
4.84080773065005
4.56332555393934
4.3016244892611
4.07017038963433
3.86501797653445
3.64934501160705
3.43893244596068
3.21668426187579
2.99706632228554
2.78928416034285
2.60122821980622
2.45788492284717
2.36188438653139
2.28560999941281
2.21854115023343
2.13832155667945
2.09755422656726
2.05941704941315
2.0318004744371
2.0318004744371
2.01207435026782
2.00418390078982
2.00023867609146
2.00418390078982
2.00418390078982
2.00023867609146
2.00418390078982
2.01601957504747
2.02127987479582
2.03706077433004
2.05941704941315
2.09886930168683
2.14621200800462
2.21854115023343
2.33821302391448
2.48681659452449
2.69591372042604
2.92079184873835
3.1864374745711
3.49548081495361
3.85975765928593
4.28715860506524
4.65275107338616
4.91971264215635
5.15116711903517
5.35763512145038
5.58645962989016
5.84947643471987
6.12958948428061
6.42811389490867
6.73847426816841
7.03436887693105
7.2987015483667
7.51174589786471
7.68402257170309
7.81421643581199
7.92468398528258
8.04304210305259
8.1679757045365
8.30474515959119
8.44019956376064
8.52305033553283
8.57039364042314
8.61116149023275
8.6585048042615
8.7071632154742
8.76634237126279
8.80448005352437
8.82420644215942
8.83735736839314
8.84393283165316
8.85839885116128
8.86365922200611
8.86497431472686
8.85445357306778
8.84261773899352
8.82815171998946
8.81237060887538
8.79527440578838
8.77554801841176
8.74135561565637
8.7071632154742
8.65587462001977
8.60195584640906
8.54014652839984
8.47439194394583
8.37312990233755
8.2639773370168
8.13378334709814
7.97597249928669
7.79317500077794
7.60511721708634
7.3736615863496
7.13957589282106
6.87524330920639
6.5885544021505
6.23874156056045
5.87972337613665
5.52465070073079
5.17483860551571
4.86053395739627
4.5909422568374
4.32792609790737
4.09515690688448
3.88342908731132
3.6690711938323
3.45602846387286
3.23115011726323
3.01547740368226
2.79980477427063
2.60648852497673
2.45788492284717
2.36056931080452
2.29350045277742
2.23563713064629
2.16462306152047
2.11728035367811
2.09229392611919
2.06467734955937
2.0304853994714
2.0054989756953
2.00418390078982
2.0054989756953
2.00681405060378
2.0054989756953
2.00418390078982
2.01338942519136
2.01864972491562
2.02785524954903
2.04626629925874
2.06730749965057
2.10544467733001
2.15410245943875
2.23300697978014
2.34084317526755
2.50128243091969
2.71037956220841
2.93788785051679
3.207478717737
3.53230301188275
3.89394972232535
4.32135069562268
4.67773761832894
4.93943887191858
5.14064645872894
5.35105970606948
5.58777471357165
5.84553118162676
6.12958948428061
6.42811389490867
6.721378140757
7.02516326413946
7.29344119526797
7.52095152006555
7.71821489615098
7.85761439855938
7.95756123719949
8.05487791648675
8.1679757045365
8.31132061518294
8.45729575353442
8.56250308926752
8.6203671342422
8.64929915948188
8.68480664751431
8.73478015388311
8.7834385732595
8.83209699785385
8.8518233876912
8.85576866576179
8.86628940745144
8.87944033490744
8.88207052044451
8.88864598435409
8.88207052044451
8.86760450017984
8.85050829500865
8.84524792431662
8.82815171998946
8.80448005352437
8.77817820334577
8.728204692205
8.67034063353726
8.62694259436272
8.57039364042314
8.49411831829021
8.40469209472794
8.29159424868927
8.15482479753049
8.00358939378328
7.82473715368388
7.61695301943526
7.39470300264756
7.1632474745838
6.90154505230863
6.59118457484004
6.27556395319023
5.91654574207701
5.5496372882021
5.20508550650356
4.89472608554099
4.59620258136468
4.33713166124389
4.12408866516946
3.91367591353447
3.71641403411768
3.49416573653807
3.27323260783439
3.05361464567002
2.82742138677644
2.64199558616762
2.47892613846535
2.38818590171005
2.31980196478442
2.23958235696829
2.18040396500653
2.10675975246771
2.081773325368
2.06993764975385
2.04495122425988
2.03706077433004
2.03311554940581
2.01996479985421
2.01864972491562
2.01601957504747
2.01996479985421
2.0252250996387
2.03443062437754
2.04495122425988
2.05941704941315
2.07519794999662
2.11728035367811
2.16856828735108
2.24221250786481
2.37240499245628
2.53021410482422
2.72747555752469
2.9536687757034
3.23246519504465
3.54676887564624
3.91762115186364
4.35291262733826
4.70666940871015
4.96442543070178
5.15379728414555
5.35895020453678
5.59040488094491
5.84421609726931
6.13747999500988
6.44126475417568
6.72926866102579
7.04225940232157
7.30790716642948
7.54199294291286
7.72347525397941
7.8655049376737
7.96939704845767
8.05882318769852
8.17323606744358
8.31921116201698
8.46255611974691
8.56118799742149
8.62431241030313
8.6453538832047
8.68086137092953
8.7268895998808
8.78606875823922
8.83341209048294
8.85313848037758
8.83341209048294
8.1679757045365
6.23216613359485
3.37449361404165
0.72987770832475
1.17831744819501
1.53601742453514
1.27300271495364
0.990262032538126
1.08626234220929
1.15201598788818
0.994207250439935
1.00209768632159
0.971851016006866
0.97842637898875
1.00604290430145
0.999467541016138
0.979741451593789
0.992892177803107
0.995522323079648
0.995522323079648
1.01787855839721
1.01919363108897
1.00472783163861
0.97842637898875
0.987631887284707
0.970535943419158
0.975796233787328
0.975796233787328
0.983686669426248
0.970535943419158
0.974481161190958
0.97842637898875
0.977111306386597
0.987631887284707
0.979741451593789
0.995522323079648
0.982371596812534
0.981056524201719
0.981056524201719
0.967905798252389
0.973166088597466
0.970535943419158
0.97842637898875
0.97842637898875
0.975796233787328
0.971851016006866
0.966590725673335
0.969220870834327
0.974481161190958
0.974481161190958
0.973166088597466
0.969220870834327
0.966590725673335
0.969220870834327
0.963960580523903
0.967905798252389
0.965275653097173
0.969220870834327
0.973166088597466
0.966590725673335
0.969220870834327
0.963960580523903
0.965275653097173
0.96133043538601
0.957385217700825
0.962645507953511
0.958700290259664
0.96133043538601
0.962645507953511
0.957385217700825
0.960015362821395
0.960015362821395
0.963960580523903
0.965275653097173
0.958700290259664
0.96133043538601
0.956070145144864
0.958700290259664
0.957385217700825
0.954755072591787
0.958700290259664
0.956070145144864
0.957385217700825
0.958700290259664
0.952124927494303
0.96133043538601
0.956070145144864
0.956070145144864
0.957385217700825
0.942919419743987
0.960015362821395
0.952124927494303
0.956070145144864
0.949494782408358
0.950809854949888
0.957385217700825
0.953440000041603
0.953440000041603
0.952124927494303
