5.90206052690478
1602.37264959582
1583.96193088725
1565.55121269327
1528.07225223846
1491.90834502905
1439.96382717781
1387.3617878501
1334.1022271588
1276.23999304267
1219.03528903391
1165.11821594208
1117.77639903201
1079.63993767799
1044.79110405839
1022.43524940601
1014.54494792698
1006.65464653277
1021.77772427952
1034.92822692161
1061.88675807815
1099.36569329918
1144.07740803985
1190.76170141333
1242.70620047169
1303.19853333713
1359.7457188276
1414.9778579894
1464.9497972894
1512.2916379425
1549.77059750671
1576.72914867834
1598.42749554343
1606.97532935356
1602.37264959582
1593.16729017711
1571.46894348532
1543.19534128993
1502.4287541971
1455.74443977219
1408.40260309273
1350.54036273395
1293.33565262036
1239.41857383545
1182.21387282007
1132.89947909366
1091.47539098612
1053.99645617301
1030.32555097
1014.54494792698
1006.65464653277
1015.85999816759
1027.69545043922
1053.99645617301
1087.5302398619
1125.00917641306
1176.95367066
1227.58311807235
1282.15772131053
1342.65005760891
1396.56714443883
1449.82671000607
1497.1685495924
1537.93513636341
1568.83884090453
1589.87966184452
1606.97532935356
1603.03017527352
1596.45491852613
1580.01677694528
1550.42812313197
1518.20936825969
1472.18257828408
1424.18321495168
1372.89622774702
1311.74636340506
1257.17175785422
1200.62458068747
1149.33760995729
1103.31084448805
1067.14695939581
1036.24327719882
1015.20247304699
1011.25732233576
1009.94227210339
1021.77772427952
1044.79110405839
1075.69478661827
1110.5436217237
1159.20048865688
1209.8299348007
1265.06206200702
1319.63666817678
1376.84138047206
1434.70362306157
1480.07288491249
1525.44214982984
1560.94853322498
1583.96193088725
1604.3452266309
1605.00275231058
1599.08502121719
1589.22213617997
1560.29100758927
1527.41472663533
1487.96319163365
1441.27887821326
1385.38921145438
1335.41727799038
1274.9249423233
1218.37776372755
1167.09079171474
1116.46134860691
1076.3523117934
1046.10615435336
1023.0927745331
1009.28474698809
1009.28474698809
1019.80514890357
1032.95565151023
1064.51685873222
1100.68074369307
1141.44730709564
1189.44665085382
1246.6513524555
1301.8834825668
1357.77314251143
1416.95043447081
1464.29227174828
1511.63411235494
1551.08564875789
1581.33182825665
1593.8248158456
1606.97532935356
1602.37264959582
1592.50976450927
1571.46894348532
1538.59266197695
1501.77122861925
1458.37454190713
1403.79992470288
1354.48551533041
1292.67812724422
1240.7336244881
1183.52892336618
1133.55700432096
1091.47539098612
1056.62655679856
1028.35297557103
1019.14762377944
1009.94227210339
1012.57237257048
1028.35297557103
1052.68140586381
1084.90013912438
1127.63927729695
1172.35099380186
1228.89816870286
1280.18514521566
1341.33500676353
1396.56714443883
1449.16918447971
1497.1685495924
1536.6200851383
1569.49636654875
1591.8522388421
1602.37264959582
1606.97532935356
1598.42749554343
1578.70172563654
1553.05822563955
1517.5518426663
1471.5250527359
1426.81331696384
1368.9510750447
1313.71893958956
1256.51423251217
1196.02190367578
1149.33760995729
1107.2559956985
1063.85933356781
1038.87337776034
1019.80514890357
1010.59979721928
1008.62722187338
1026.38040017738
1042.81852862038
1069.11953489975
1113.83124776392
1156.570387657
1207.19983361326
1266.37711270781
1324.23934600184
1376.18385501631
1434.70362306157
1481.38793602624
1523.46957303019
1560.29100758927
1585.27698220649
1595.79739285501
1610.26295777172
1599.08502121719
1589.22213617997
1564.89368705298
1528.72977784224
1489.27824276287
1441.93640373194
1384.07416052707
1333.44470174395
1272.9523662489
1217.72023842181
1167.7483169735
1117.11887381916
1077.66736214544
1049.39378010117
1024.40782478904
1011.91484745283
1011.91484745283
1015.20247304699
1033.61317664676
1063.201808404
1094.10549174757
1138.15968092896
1194.04932782278
1245.33630179177
1303.85605872323
1361.06076970819
1418.2654854616
1465.60732283116
1509.00401001118
1549.77059750671
1573.44152042779
1593.8248158456
1606.31780367191
1600.40007256666
1597.11244419791
1572.78399477965
1541.2227644376
1505.05885651497
1457.71701637243
1406.43002663612
1350.54036273395
1286.76039888695
1240.07609916147
1178.92624646546
1133.55700432096
1090.16034060899
1057.94160711489
1030.98307610417
1017.17504841056
1008.62722187338
1016.51752328878
1021.77772427952
1055.3115064846
1082.27003839641
1127.63927729695
1173.66604432972
1228.89816870286
1284.13029741098
1343.30758303254
1395.90961896409
1453.11433764751
1492.56587059721
1539.90771320597
1561.60605886135
1595.79739285501
1597.76996987034
1610.26295777172
1595.13986718455
1585.27698220649
1554.37327689726
1517.5518426663
1472.18257828408
1428.78589347966
1362.37582059131
1316.34904117763
1249.28145379038
1202.59715655879
1147.36503423372
1105.94094529261
1064.51685873222
1043.47605376579
1017.83257353293
1011.91484745283
1008.62722187338
1022.43524940601
1038.21585261907
1073.72221109645
1106.59847049526
1159.85801390837
1208.51488420576
1268.34968876363
1321.60924438377
1385.38921145438
1426.81331696384
1485.33308938295
1521.49699623639
1557.00337942051
1581.33182825665
1604.3452266309
1602.37264959582
1605.00275231058
1589.87966184452
1564.23616141335
1530.04482905174
1491.25081946154
1436.67619960036
1391.30694065864
1323.58182059638
1276.89751840329
1215.09013720497
1168.40584223287
1118.43392424546
1082.9275635775
1046.10615435336
1027.69545043922
1008.62722187338
1013.22989768873
1015.20247304699
1032.29812637429
1061.22923291612
1100.02321849582
1138.81720616109
1194.7068531065
1250.59650446151
1304.51358410995
1361.06076970819
1417.60795996589
1461.00464405233
1512.2916379425
1542.53781567183
1574.09904607659
1596.45491852613
1606.97532935356
1606.31780367191
1597.76996987034
1574.75657172605
1541.88029005439
1505.05885651497
1459.03206744247
1401.82734825961
1347.25273558752
1291.36307649381
1239.41857383545
1183.52892336618
1136.84463046651
1094.10549174757
1059.2566574336
1030.98307610417
1015.85999816759
1007.96969675926
1008.62722187338
1026.38040017738
1050.70883040445
1082.9275635775
1130.92690341537
1176.95367066
1228.2406433873
1286.10287351703
1341.33500676353
1395.25209348998
1447.19660790445
1491.90834502905
1534.6475083055
1568.18131526097
1592.50976450927
1607.63285503587
1608.29038071885
1601.05759824239
1583.30440522862
1553.05822563955
1512.94916353071
1470.21000164145
1418.92301095795
1367.63602414898
1310.43131261852
1257.17175785422
1206.54230831793
1151.31018568631
1105.94094529261
1067.80448456319
1037.5583274784
1016.51752328878
1009.28474698809
1009.94227210339
1020.4626740283
1041.50347833133
1076.3523117934
1117.11887381916
1161.17306441316
1212.46003599794
1264.40453665755
1322.26676978735
1375.52632956119
1427.47084246847
1478.1003082467
1524.12709862942
1559.63348195421
1585.9345078671
1605.66027799091
1609.60543208677
1601.05759824239
1586.59203352836
1562.92111013604
1527.41472663533
1487.96319163365
1437.99125062942
1388.01931331661
1332.78717632973
1276.89751840329
1223.63796619557
1166.43326645658
1120.40649988942
1077.66736214544
1045.44862920558
1021.77772427952
1011.25732233576
1008.62722187338
1019.14762377944
1034.92822692161
1064.51685873222
1101.99579408936
1141.44730709564
1190.76170141333
1246.6513524555
1300.56843179896
1357.11561707397
1414.32033249687
1465.60732283116
1509.66153559615
1552.40070001168
1576.72914867834
1597.76996987034
1605.66027799091
1605.00275231058
1590.53718750972
1572.12646913216
1539.25018759113
1505.71638209605
1455.74443977219
1406.43002663612
1347.91026101555
1294.65070337451
1234.15837124948
1183.52892336618
1132.24195386696
1090.16034060899
1055.96903164128
1034.27070178389
1015.85999816759
1010.59979721928
1011.91484745283
1030.98307610417
1052.68140586381
1086.21518949194
1123.03660075646
1173.66604432972
1226.92559275802
1285.44534814773
1341.33500676353
1399.19724634414
1447.8541334289
1498.48360073969
1535.30503391578
1569.49636654875
1589.22213617997
1603.68770095188
1605.00275231058
1599.08502121719
1580.67430260064
1556.34585378872
1516.89431707356
1474.1551549325
1422.86816394942
1366.32097325578
1309.11626183447
1256.51423251217
1199.30953010965
1149.33760995729
1103.31084448805
1071.09211040905
1038.87337776034
1021.12019915361
1009.28474698809
1010.59979721928
1015.85999816759
1042.16100347556
1069.77706006892
1111.20114693055
1155.2553371607
1214.43261190229
1265.06206200702
1323.58182059638
1379.47148230139
1434.70362306157
1478.75783380132
1522.15452183367
1557.66090505296
1584.61945654655
1597.76996987034
1609.60543208677
1605.00275231058
1591.8522388421
1560.29100758927
1532.01740587088
1487.30566607001
1438.64877614491
1382.75910960228
1328.84202385755
1273.60989160641
1217.72023842181
1165.77574119903
1123.69412597472
1078.32488732236
1050.70883040445
1025.0653499179
1007.96969675926
1007.31217164572
1015.20247304699
1029.01050070343
1063.201808404
1099.36569329918
1142.76235756653
1196.67942896133
1247.96640312171
1304.51358410995
1362.37582059131
1412.3477560231
1463.63474620781
1508.34648442686
1545.16791814811
1577.38667433042
1599.7425468916
1608.94790640248
1606.31780367191
1596.45491852613
1574.09904607659
1539.90771320597
1502.4287541971
1455.08691424006
1399.85477182206
1347.91026101555
1293.33565262036
1237.4459978611
1187.47407501912
1136.84463046651
1093.44796655631
1058.59913227395
1028.35297557103
1014.54494792698
1004.68207119745
1011.25732233576
1027.03792530801
1050.05130525251
1088.18776504778
1128.95432774251
1176.29614539272
1230.87074465323
1284.13029741098
1340.01995592066
1395.25209348998
1446.53908238065
1495.1959728763
1533.98998269587
1571.46894348532
1592.50976450927
1606.97532935356
1609.60543208677
1601.71512391877
1581.33182825665
1549.11307188209
1514.26421470906
1471.5250527359
1418.2654854616
1368.9510750447
1314.37646498564
1256.51423251217
1203.91220714272
1151.31018568631
1106.59847049526
1067.14695939581
1038.21585261907
1016.51752328878
1006.65464653277
1005.99712142041
1021.77772427952
1044.13357891179
1073.72221109645
1115.80382339526
1159.20048865688
1211.80251069771
1264.40453665755
1321.60924438377
1374.8688041067
1426.15579145984
1478.75783380132
1525.44214982984
1560.29100758927
1587.24955919028
1606.97532935356
1610.26295777172
1603.68770095188
1584.61945654655
1563.57863577437
1526.09967543102
1485.99061494466
1439.30630166104
1387.3617878501
1332.12965091614
1278.21256912637
1220.35033964846
1166.43326645658
1118.43392424546
1078.98241249988
1044.13357891179
1023.0927745331
1009.94227210339
1009.28474698809
1017.83257353293
1036.24327719882
1061.22923291612
1101.33826889092
1142.10483233078
1192.07675197528
1246.6513524555
1301.8834825668
1357.77314251143
1414.32033249687
1465.60732283116
1510.97658676803
1549.77059750671
1578.70172563654
1597.76996987034
1605.66027799091
1603.03017527352
1591.8522388421
1570.15389219362
1541.2227644376
1503.74380535474
1457.71701637243
1406.43002663612
1351.85541359692
1295.30822875251
1235.47342189228
1180.8988222764
1132.89947909366
1091.47539098612
1055.96903164128
1031.64060123893
1015.20247304699
1010.59979721928
1013.88742280756
1030.32555097
1052.68140586381
1084.90013912438
1125.66670163313
1174.32356959456
1225.6105421312
1284.13029741098
1341.33500676353
1397.88219539022
1451.14176106072
1497.1685495924
1537.93513636341
1568.83884090453
1589.22213617997
1603.68770095188
1605.00275231058
1597.11244419791
1581.33182825665
1555.03080252709
1517.5518426663
1474.81268048325
1424.18321495168
1368.9510750447
1309.77378722618
1252.56908047284
1197.99447953427
1149.33760995729
1103.31084448805
1068.46200973117
1038.87337776034
1019.14762377944
1010.59979721928
1012.57237257048
1019.80514890357
1040.18842804465
1070.43458523869
1111.85867213799
1158.542963406
1210.48746009909
1266.37711270781
1324.23934600184
1381.44405868003
1434.04609754991
1480.73041046904
1522.81204743161
1556.34585378872
1583.96193088725
1599.08502121719
1606.97532935356
1604.3452266309
1588.56461051609
1564.89368705298
1531.35988026385
1489.27824276287
1438.64877614491
1384.07416052707
1328.84202385755
1272.9523662489
1217.06271311668
1168.40584223287
1119.74897467416
1082.27003839641
1048.73625495042
1027.03792530801
1009.94227210339
1007.31217164572
1013.88742280756
1031.64060123893
1060.57170775469
1097.39311771283
1144.73493327741
1194.7068531065
1248.62392845573
1304.51358410995
1360.40324426758
1413.66280700498
1462.31969512879
1508.34648442686
1545.82544376881
1576.07162302692
1597.76996987034
1609.60543208677
1606.97532935356
1596.45491852613
1573.44152042779
1541.88029005439
1501.11370304204
1453.77186317771
1401.82734825961
1349.22531187349
1293.33565262036
1238.76104851005
1186.1590244657
1136.18710523619
1094.10549174757
1058.59913227395
1028.35297557103
1011.91484745283
1004.68207119745
1010.59979721928
1024.40782478904
1053.99645617301
1088.84529023425
1129.6118529662
1179.58377173517
1230.87074465323
1286.10287351703
1338.7049050803
1395.25209348998
1445.88155685749
1494.53844730556
1535.96255952671
1570.81141783914
1593.16729017711
1606.97532935356
1608.94790640248
1600.40007256666
1580.67430260064
1549.77059750671
1514.92174029921
1470.21000164145
1421.55311294972
1368.9510750447
1315.03399038235
1257.17175785422
1203.91220714272
1151.96771093053
1104.62589488913
1065.83190906283
1038.21585261907
1015.20247304699
1007.31217164572
1009.94227210339
1023.0927745331
1044.79110405839
1074.37973626979
1116.46134860691
1157.88543815573
1209.8299348007
1265.06206200702
1320.95171898081
1375.52632956119
1431.41599550968
1482.70298714257
1524.12709862942
1560.94853322498
1586.59203352836
1603.68770095188
1606.31780367191
1601.05759824239
1585.9345078671
1562.26358449837
1529.38730344667
1488.62071719794
1440.62135269521
1388.67683878375
1334.1022271588
1276.23999304267
1217.72023842181
1165.77574119903
1116.46134860691
1077.00983696912
1045.44862920558
1025.0653499179
1012.57237257048
1010.59979721928
1017.83257353293
1035.58575205992
1061.22923291612
1098.05064290768
1141.44730709564
1191.419226694
1245.99382712333
1305.1711094973
1359.7457188276
1416.29290897637
1466.9223739166
1511.63411235494
1546.48296939017
1576.07162302692
1595.13986718455
1604.3452266309
1605.00275231058
1594.48234151474
1573.44152042779
1543.85286690867
1503.74380535474
1458.37454190713
1403.14239922115
1348.56778644421
1290.70555111954
1234.15837124948
1181.55634754793
1135.52958000648
1092.13291617559
1059.91418259385
1031.64060123893
1015.20247304699
1008.62722187338
1011.25732233576
1026.38040017738
1051.36635555697
1082.9275635775
1127.63927729695
1174.98109486
1231.52826997125
1285.44534814773
1343.30758303254
1397.22466991421
1449.16918447971
1494.53844730556
1534.6475083055
1565.55121269327
1591.19471317558
1604.3452266309
1610.92048345733
1601.05759824239
1583.30440522862
1554.37327689726
1517.5518426663
1470.21000164145
1421.55311294972
1364.34839692071
1311.08883801148
1253.88413115015
1202.59715655879
1151.96771093053
1109.22857131182
1068.46200973117
1040.84595318769
1017.17504841056
1007.31217164572
1006.65464653277
1018.49009865589
1041.50347833133
1075.69478661827
1114.48877297377
1161.83058966646
1211.80251069771
1267.69216341107
1322.26676978735
1377.49890592845
1428.12836797375
1479.41535935658
1520.83947063975
1559.63348195421
1585.27698220649
1603.68770095188
1608.29038071885
1605.00275231058
1589.22213617997
1562.92111013604
1527.41472663533
1485.99061494466
1436.67619960036
1386.04673691899
1330.15707467911
1276.89751840329
1220.35033964846
1169.72089275344
1121.72155032174
1079.63993767799
1045.44862920558
1021.77772427952
1007.31217164572
1005.33959630864
1015.85999816759
1037.5583274784
1063.85933356781
1101.33826889092
1144.07740803985
1195.36437839084
1245.99382712333
1302.54100795165
1357.11561707397
1412.3477560231
1462.97722066798
1511.63411235494
1549.77059750671
1580.01677694528
1599.7425468916
1608.94790640248
1603.68770095188
1593.16729017711
1570.81141783914
1539.90771320597
1499.79865188958
1457.05949083838
1407.08755212102
1351.85541359692
1295.30822875251
1239.41857383545
1183.52892336618
1133.55700432096
1089.50281542132
1054.65398132851
1029.66802583642
1012.57237257048
1009.94227210339
1015.20247304699
1029.66802583642
1054.65398132851
1086.21518949194
1126.98175207507
1173.66604432972
1228.2406433873
1282.15772131053
1340.67748134178
1396.56714443883
1450.48423553308
1497.1685495924
1537.93513636341
1568.18131526097
1591.19471317558
1602.37264959582
1605.66027799091
1595.79739285501
1580.67430260064
1553.05822563955
1518.20936825969
1474.81268048325
1423.52568945023
1368.9510750447
1311.08883801148
1253.88413115015
1199.96705539825
1148.0225594743
1103.31084448805
1069.11953489975
1040.18842804465
1020.4626740283
1011.25732233576
1011.91484745283
1021.12019915361
1039.5309029022
1071.74963558001
1110.5436217237
1157.22791290606
1210.48746009909
1267.69216341107
1324.89687140792
1380.12900776031
1432.07352101878
1482.70298714257
1522.81204743161
1557.66090505296
1582.64687957064
1598.42749554343
1606.97532935356
8.53215776126459
9.18968207102955
9.84720638126452
9.84720638126452
9.18968207102955
7.87463345196976
6.55958483478997
5.90206052690478
5.90206052690478
3.92948760606743
6.55958483478997
9.18968207102955
10.5047306919697
9.84720638126452
9.84720638126452
8.53215776126459
7.21710914314488
5.24453621948939
5.24453621948939
5.90206052690478
7.21710914314488
7.87463345196976
8.53215776126459
10.5047306919697
9.84720638126452
9.18968207102955
7.87463345196976
5.90206052690478
7.21710914314488
6.55958483478997
4.58701191254363
7.21710914314488
9.18968207102955
10.5047306919697
8.53215776126459
9.18968207102955
7.21710914314488
7.87463345196976
5.24453621948939
5.24453621948939
5.90206052690478
6.55958483478997
8.53215776126459
9.84720638126452
9.18968207102955
9.84720638126452
8.53215776126459
5.90206052690478
4.58701191254363
7.21710914314488
4.58701191254363
5.90206052690478
8.53215776126459
11.1622550031452
9.84720638126452
9.18968207102955
9.18968207102955
5.90206052690478
5.90206052690478
5.24453621948939
5.24453621948939
5.24453621948939
7.87463345196976
8.53215776126459
9.84720638126452
9.84720638126452
8.53215776126459
8.53215776126459
5.24453621948939
6.55958483478997
5.24453621948939
5.24453621948939
7.87463345196976
9.18968207102955
9.18968207102955
10.5047306919697
9.84720638126452
9.18968207102955
4.58701191254363
5.24453621948939
5.24453621948939
7.21710914314488
9.18968207102955
10.5047306919697
8.53215776126459
9.84720638126452
9.84720638126452
8.53215776126459
5.90206052690478
5.24453621948939
6.55958483478997
5.90206052690478
7.21710914314488
9.18968207102955
9.18968207102955
10.5047306919697
9.18968207102955
8.53215776126459
6.55958483478997
5.24453621948939
2993.04105273117
2945.04156610087
2864.16572860117
2755.01624368205
2615.62054775398
2457.81414171227
2281.59703996365
2096.17462449838
1907.46463608099
1720.06975646982
1546.48296939017
1388.01931331661
1252.56908047284
1144.07740803985
1067.80448456319
1021.12019915361
1010.59979721928
1032.95565151023
1091.47539098612
1182.21387282007
1303.85605872323
1449.82671000607
1616.83821465751
1797.65780515919
1985.05270791184
2173.1051941076
2356.55505428413
2522.25175216571
2672.82538095943
2800.38560521509
2899.01466520396
2968.05501804947
3004.21901599958
3004.21901599958
2967.39749083702
2897.6996109512
2794.46786219093
2662.96247826009
2509.7587454838
2337.48678656631
2155.35198485866
1969.27208234296
1782.53471018244
1606.31780367191
1441.93640373194
1298.59585565187
1176.95367066
1086.21518949194
1028.35297557103
1005.33959630864
1019.14762377944
1069.77706006892
1152.62523617535
1264.40453665755
1401.82734825961
1560.94853322498
1735.19284996723
1917.98505203079
2106.69504369193
2290.80240962384
2467.01951418579
2626.14097640561
2764.87914804035
2874.02863495615
2952.93189237029
2997.64374345992
3007.50665230031
2980.54803524204
2921.37058799823
2829.97432130932
2710.30441283023
2565.64851437442
2401.26685691937
2221.10461436096
2034.36716543231
1844.34214410529
1660.23491176325
1490.59329389467
1340.01995592066
1211.80251069771
1113.17372255468
1046.10615435336
1013.22989768873
1014.54494792698
1052.02388071009
1119.74897467416
1220.35033964846
1349.22531187349
1501.77122861925
1674.0429523582
1857.49266274237
2047.51768811055
2234.25514113698
2413.10233466935
2576.16894208241
2720.1673163799
2838.52217292812
2927.94585958737
2982.52061693112
3005.5340705174
2993.04105273117
2946.35662047093
2867.45336403262
2755.01624368205
2616.93560132453
2454.52650872212
2279.62446076961
2092.22946734813
1906.14958409977
1720.72728226665
1547.14049501217
1391.30694065864
1255.85670717074
1144.73493327741
1066.48943422902
1019.80514890357
1007.96969675926
1031.64060123893
1092.13291617559
1181.55634754793
1305.82863488527
1453.11433764751
1617.49574034972
1799.63038279141
1985.05270791184
2170.47508900033
2351.29484243717
2521.59422549134
2671.51032725599
2800.38560521509
2901.64477371922
2972.65770855963
3005.5340705174
3005.5340705174
2968.71254526275
2893.09692109211
2792.49528119726
2662.96247826009
2508.44369216495
2339.45936595629
2156.6670373775
1971.90218657634
1785.82233949459
1605.66027799091
1442.59392925127
1293.33565262036
1176.95367066
1086.21518949194
1027.69545043922
1007.31217164572
1021.77772427952
1069.11953489975
1154.59781191345
1263.08948596047
1401.16982277979
1558.97595631981
1733.22027253432
1918.64257803356
2107.35256989763
2290.14488321473
2470.30714724817
2628.1135568
2762.90656715437
2876.00121624898
2951.61683798388
2993.69857997566
3006.19159777755
2980.54803524204
2920.05553369018
2831.94690244006
2710.30441283023
2568.93614801191
2398.63675078585
2221.10461436096
2033.0521131801
1842.36956633344
1660.23491176325
1493.88092173546
1337.38985424245
1215.74766250826
1115.14629818421
1046.76367950174
1013.22989768873
1013.88742280756
1050.05130525251
1118.43392424546
1222.32291557488
1347.25273558752
1504.40133093453
1674.70047810814
1858.80771462122
2049.4902665368
2235.5701938307
2411.12975502739
2578.1415222997
2718.85226256301
2834.57701062563
2929.91844108
2981.20556247091
3006.84912503852
2998.30127071018
2948.98672922086
2864.82325568585
2757.64635149343
2614.96302096987
2451.23887575094
2280.28198716688
2095.51709830488
1905.49205811021
1720.72728226665
1550.42812313197
1389.99188971992
1255.85670717074
1144.73493327741
1063.85933356781
1019.80514890357
1006.65464653277
1029.66802583642
1094.10549174757
1184.18644864015
1307.14368566308
1455.08691424006
1620.78336882067
1795.0277016591
1984.39518183838
2171.79014155251
2349.97978948291
2523.56680551676
2672.16785410732
2801.04313222178
2905.58993651648
2971.34265412406
3008.16417956293
3002.90396148506
2966.08243641457
2895.72702957815
2791.18022720549
2660.3323709034
2507.78616550668
2340.77441888667
2159.95466868728
1973.21723869724
1781.87718432205
1608.29038071885
1440.62135269521
1292.02060186871
1175.63862012606
1087.5302398619
1027.69545043922
1011.91484745283
1019.80514890357
1069.11953489975
1154.59781191345
1262.43196061286
1397.88219539022
1560.94853322498
1732.5627467247
1917.32752602871
2110.6402009369
2291.45993603369
2471.62220047845
2626.79850320296
2763.56409411557
2872.71358076498
2948.32920203215
2996.32868896188
3001.58890697383
2980.54803524204
2924.65822378261
2831.94690244006
2712.9345204261
2567.6210945546
2397.97922425436
2220.44708802985
2029.76448256201
1843.0270922567
1662.20748897312
1490.59329389467
1341.99253218591
1217.72023842181
1114.48877297377
1046.10615435336
1013.88742280756
1011.91484745283
1048.07872980027
1121.06402510528
1217.06271311668
1351.19788816512
1509.66153559615
1676.01552961004
1860.78029244467
2048.83274039401
2230.9675094155
2411.78728157395
2574.85388860808
2715.5646280346
2839.83722703538
2926.63080526302
2987.78083480483
3010.79428862167
2995.01363446712
2947.67167484426
2863.5082015173
2749.75602809743
2616.27807453886
2454.52650872212
2278.30940797727
2095.51709830488
1912.06731803713
1720.72728226665
1550.42812313197
1391.30694065864
1250.59650446151
1141.44730709564
1061.88675807815
1015.20247304699
1010.59979721928
1035.58575205992
1092.13291617559
1189.44665085382
1306.48616027386
1450.48423553308
1614.86563758484
1796.34275340778
1979.13497327606
2169.81756272532
2353.92494835467
2522.90927884085
2676.77054208862
2804.9882942787
2902.95982798172
2966.73996362538
3006.84912503852
3000.2738524659
2963.4523275795
2896.38455670169
2795.7829161907
2664.27753194314
2511.07379880571
2346.03463063803
2158.63961616119
1966.64197812082
1781.21965846234
1602.37264959582
1438.64877614491
1295.96575413114
1179.58377173517
1088.18776504778
1030.98307610417
1011.91484745283
1019.14762377944
1065.83190906283
1151.96771093053
1257.17175785422
1400.51229730061
1558.97595631981
1737.16542740622
1921.93020805787
2111.95525335764
2292.7749888556
2470.30714724817
2624.16839601823
2760.27645931754
2870.74099948428
2951.61683798388
2995.01363446712
3012.10934315598
2981.20556247091
2925.31575094193
2832.60442948525
2705.70172456787
2563.01840747834
2396.00664466438
2217.15945638526
2032.39458705507
1846.97224781069
1663.52254044969
1494.53844730556
1342.65005760891
1210.48746009909
1117.11887381916
1043.47605376579
1008.62722187338
1011.25732233576
1053.99645617301
1117.11887381916
1225.6105421312
1353.82798989609
1505.05885651497
1676.01552961004
1858.80771462122
2042.25747900515
2232.94008844619
2409.81470193652
2575.51141534486
2722.79742402318
2839.17969998135
2931.2334954125
2985.1507258614
3006.19159777755
2993.69857997566
2945.04156610087
2866.13830985762
2752.38613588338
2619.56570847497
2455.8415619159
2284.88467196851
2094.20204592003
1906.80711009003
1722.04233386233
1545.82544376881
1388.01931331661
1251.25402979801
1144.07740803985
1066.48943422902
1018.49009865589
1009.28474698809
1036.90080233831
1090.16034060899
1184.18644864015
1306.48616027386
1446.53908238065
1618.15326604259
1795.6852275331
1984.39518183838
2173.1051941076
2354.58247483591
2522.25175216571
2674.79796152049
2797.75549719635
2900.98724658919
2968.05501804947
3002.90396148506
3004.87654325808
2966.08243641457
2895.72702957815
2797.75549719635
2662.96247826009
2509.7587454838
2340.77441888667
2155.35198485866
1964.66939996158
1783.84976190526
1604.3452266309
1440.62135269521
1297.93833027076
1178.92624646546
1085.55766430786
1030.32555097
1005.33959630864
1017.17504841056
1070.43458523869
1148.6800847155
1261.77443526587
1403.79992470288
1560.94853322498
1737.16542740622
1919.9576300412
2107.35256989763
2289.48735680637
2467.67704079674
2625.48344960904
2764.22162107756
2875.34368915056
2950.95931079189
2999.61632521317
3004.21901599958
2982.52061693112
2919.39800653738
2829.97432130932
2708.98935903704
2564.99098764924
2402.58190999064
2217.81698271271
2036.33974381593
1843.68461818065
1661.54996323583
1489.93576832845
1340.67748134178
1211.1449853981
1113.83124776392
1048.07872980027
1011.91484745283
1014.54494792698
1050.70883040445
1115.80382339526
1222.98044088492
1349.22531187349
1504.40133093453
1676.01552961004
1858.15018868145
2048.83274039401
2234.25514113698
2412.44480812127
2578.1415222997
2717.53720874927
2838.52217292812
2926.63080526302
2982.52061693112
3009.47923409065
2995.67116171409
2947.01414765719
2866.79583694472
2753.70118978112
2615.62054775398
2451.23887575094
2280.9395135649
2091.57194115893
1910.09474005176
1720.06975646982
1551.74317438446
1388.67683878375
1255.85670717074
1142.10483233078
1064.51685873222
1016.51752328878
1007.31217164572
1032.29812637429
1092.79044136565
1186.81654974211
1307.14368566308
1453.11433764751
1617.49574034972
1795.0277016591
1983.08012969358
2167.18745763256
2351.29484243717
2521.59422549134
2674.79796152049
2804.9882942787
2902.30230085006
2972.65770855963
3006.19159777755
2998.95879796126
2968.71254526275
2892.43939397263
2793.81033519224
2662.30495141974
2512.38885213068
2342.74699828783
2157.32456363801
1971.90218657634
1781.87718432205
1603.68770095188
1439.30630166104
1291.36307649381
1177.61119592788
1086.21518949194
1034.92822692161
1006.65464653277
1024.40782478904
1069.77706006892
1148.6800847155
1261.77443526587
1399.19724634414
1558.97595631981
1735.85037577955
1919.9576300412
2111.95525335764
2292.11746244427
2471.62220047845
2625.48344960904
2762.24904019397
2870.74099948428
2947.67167484426
2996.98621621049
3008.82170682638
2982.52061693112
2926.63080526302
2831.28937539568
2711.61946662659
2562.36088075624
2397.32169772361
2219.13203536982
2030.42200868421
1847.62977373877
1661.54996323583
1493.88092173546
1344.62263388169
1213.77508660023
1115.80382339526
1042.81852862038
1011.25732233576
1009.94227210339
1049.39378010117
1121.06402510528
1224.29549150683
1354.48551533041
1506.37390767778
1676.01552961004
1858.15018868145
2041.59995287017
2232.94008844619
2407.18459576383
2578.1415222997
2720.82484328954
2837.86464587569
2930.57596824584
2985.80825309602
3006.84912503852
2993.69857997566
2943.06898455191
2866.13830985762
2749.75602809743
2618.90818168619
2454.52650872212
2282.25456636315
2096.17462449838
1908.12216207264
1720.06975646982
1545.82544376881
1387.3617878501
1253.22660581119
1143.41988280289
1069.11953489975
1017.83257353293
1009.94227210339
1033.61317664676
1090.16034060899
1183.52892336618
1302.54100795165
1450.48423553308
1615.52316327507
1798.31533103592
1983.08012969358
2173.1051941076
2353.92494835467
2523.56680551676
2674.14043466602
2799.72807820921
2901.64477371922
2968.05501804947
3004.87654325808
3005.5340705174
2966.08243641457
2897.6996109512
2796.44044319178
2660.3323709034
2511.07379880571
2338.14431302889
2155.35198485866
1969.92960840025
1784.50728776769
1605.66027799091
1443.90898029184
1295.30822875251
1176.95367066
1086.87271467662
1027.03792530801
1007.31217164572
1018.49009865589
1069.77706006892
1154.59781191345
1261.11690991949
1403.79992470288
1560.29100758927
1733.22027253432
1919.30010403703
2107.35256989763
2290.14488321473
2469.64962063417
2626.79850320296
2764.87914804035
2874.68616205295
2949.64425641039
2997.64374345992
3004.87654325808
2981.20556247091
2922.02811515348
2829.97432130932
2710.96193972802
2566.30604110037
2399.2942773181
2224.3922460275
2030.42200868421
1844.99967003061
1660.89243749921
1489.93576832845
1341.33500676353
1211.80251069771
1117.11887381916
1046.76367950174
1014.54494792698
1014.54494792698
1048.07872980027
1118.43392424546
1221.66539026546
1347.25273558752
1506.37390767778
1676.01552961004
1858.80771462122
2049.4902665368
2232.28256210189
2409.81470193652
2575.51141534486
2716.87968184359
2839.83722703538
2925.31575094193
2989.09588928148
3008.16417956293
2995.67116171409
2947.67167484426
2864.82325568585
2753.04366283186
2612.33291384122
2455.8415619159
2277.6518815822
2094.85957211209
1911.40979204131
1722.69985966118
1549.77059750671
1391.30694065864
1252.56908047284
1144.07740803985
1061.22923291612
1017.83257353293
1007.31217164572
1036.24327719882
1094.76301693942
1186.1590244657
1309.77378722618
1449.16918447971
1618.15326604259
1793.71264991314
1979.13497327606
2170.47508900033
2353.92494835467
2522.90927884085
2678.08559580463
2800.38560521509
2904.93240938157
2969.37007247685
3002.24643422903
2996.98621621049
2966.73996362538
2895.72702957815
2793.15280819435
2664.93505878584
2511.73132546781
2339.45936595629
2157.98208989924
1965.98445206704
1779.90460674496
1604.3452266309
1439.30630166104
1296.62327951039
1178.92624646546
1086.21518949194
1034.92822692161
1007.96969675926
1018.49009865589
1069.11953489975
1146.04998375436
1261.77443526587
1401.82734825961
1559.63348195421
1738.48047903558
1921.93020805787
2107.35256989763
2294.74756809402
2464.38940774958
2624.82592281325
2759.61893236032
2870.74099948428
2951.61683798388
2995.67116171409
3007.50665230031
2988.43836204274
2918.74047938539
2829.97432130932
2705.70172456787
2566.30604110037
2392.71901202947
2220.44708802985
2032.39458705507
1847.62977373877
1661.54996323583
1496.51102401972
1340.67748134178
1210.48746009909
1107.2559956985
1049.39378010117
1006.65464653277
1015.85999816759
1048.07872980027
1125.00917641306
1217.72023842181
1354.48551533041
1501.77122861925
1675.35800385876
1851.57492932163
2048.17521425192
2229.65245673204
2415.07491431809
2574.19636187208
2724.77000476395
2835.89206472324
2932.54854974827
2981.20556247091
3006.84912503852
2989.09588928148
2948.98672922086
2859.56303903106
2759.61893236032
2612.33291384122
2458.47166831258
2278.30940797727
2096.17462449838
1902.20442817279
1723.3573854607
1541.2227644376
1393.27951707145
1250.59650446151
1148.6800847155
1064.51685873222
1021.77772427952
1005.33959630864
1035.58575205992
1088.18776504778
1185.50149918991
1302.54100795165
1451.14176106072
1616.83821465751
1798.97285691332
1982.42260362224
2175.7352992265
2348.00721005711
2522.25175216571
2671.51032725599
2801.70065922927
2900.98724658919
2974.63029021915
3001.58890697383
3004.21901599958
2968.05501804947
2896.38455670169
2789.8651732169
2664.93505878584
2506.47111219243
2340.1168924211
2156.6670373775
1968.61455628637
1783.84976190526
1606.97532935356
1437.99125062942
1298.59585565187
1174.32356959456
1084.90013912438
1030.32555097
1009.94227210339
1021.12019915361
1071.74963558001
1151.31018568631
1262.43196061286
1400.51229730061
1561.60605886135
1731.24769510747
1919.30010403703
2106.69504369193
2293.43251526766
2467.01951418579
2629.42861040016
2764.87914804035
2873.37110786016
2951.61683798388
2993.69857997566
3005.5340705174
2979.89050801399
2922.02811515348
2832.60442948525
2712.27699352595
2564.99098764924
2399.2942773181
2221.10461436096
2029.76448256201
1842.36956633344
1661.54996323583
1490.59329389467
1340.67748134178
1216.40518781217
1115.80382339526
1044.13357891179
1013.88742280756
1013.22989768873
1048.07872980027
1117.11887381916
1222.32291557488
1351.85541359692
1504.40133093453
1677.98810686789
1859.46524056168
2047.51768811055
2234.25514113698
2411.78728157395
2574.85388860808
2718.19473565574
2838.52217292812
2926.63080526302
2985.1507258614
3008.82170682638
2997.64374345992
2946.35662047093
2866.13830985762
2751.07108198881
2613.64796740399
2453.21145553137
2280.9395135649
2092.88699353805
1910.09474005176
1722.69985966118
1548.45554625813
1389.33436425152
1254.54165648973
1140.13225662715
1061.22923291612
1018.49009865589
1007.96969675926
1031.64060123893
1096.07806732493
1184.18644864015
1307.80121105292
1453.11433764751
1617.49574034972
1792.3975981699
1983.08012969358
2169.81756272532
2351.95236891543
2522.90927884085
2676.11301523179
2803.01571324664
2903.61735511419
2970.6851269075
3005.5340705174
2999.61632521317
2964.76738199539
2891.78186685396
2795.12538919041
2662.96247826009
2515.01895878983
2338.14431302889
2159.95466868728
1967.95703023049
1783.19223604351
1600.40007256666
1437.99125062942
1292.67812724422
1179.58377173517
1087.5302398619
1031.64060123893
1009.94227210339
1023.75029966078
1065.83190906283
1151.31018568631
1259.14433388408
1399.19724634414
1557.66090505296
1737.82295322056
1919.9576300412
2110.6402009369
2295.4050945083
2468.33456740845
2624.82592281325
2761.59151323436
2868.76841821086
2950.95931079189
2993.69857997566
3010.13676135575
2981.20556247091
2925.97327810207
2831.28937539568
2710.96193972802
2561.70335403492
2397.32169772361
2217.81698271271
2029.10695644052
1844.34214410529
1664.18006618898
1492.56587059721
1344.62263388169
1213.77508660023
1115.80382339526
1042.81852862038
1009.94227210339
1010.59979721928
1047.42120465071
1121.06402510528
1223.63796619557
1353.17046446241
1507.03143326016
1674.70047810814
1858.80771462122
2041.59995287017
2232.28256210189
2407.18459576383
2576.16894208241
2720.82484328954
2840.49475409022
2929.91844108
2985.1507258614
3009.47923409065
1.95691468945564
4.58701191254363
7.87463345196976
3.92948760606743
10.5047306919697
7.21710914314488
8.53215776126459
10.5047306919697
6.55958483478997
8.53215776126459
4.58701191254363
7.21710914314488
5.24453621948939
5.24453621948939
10.5047306919697
8.53215776126459
10.5047306919697
7.87463345196976
9.18968207102955
3.92948760606743
7.87463345196976
4.58701191254363
6.55958483478997
7.87463345196976
6.55958483478997
9.84720638126452
8.53215776126459
7.21710914314488
7.21710914314488
5.90206052690478
3.92948760606743
5.90206052690478
3.92948760606743
9.18968207102955
10.5047306919697
7.21710914314488
9.18968207102955
8.53215776126459
5.90206052690478
6.55958483478997
7.21710914314488
3.27196330006074
7.21710914314488
7.21710914314488
7.87463345196976
9.18968207102955
7.21710914314488
10.5047306919697
5.90206052690478
5.24453621948939
5.90206052690478
5.90206052690478
9.18968207102955
7.87463345196976
9.84720638126452
9.84720638126452
7.87463345196976
8.53215776126459
7.21710914314488
3.27196330006074
8.53215776126459
4.58701191254363
9.84720638126452
9.84720638126452
8.53215776126459
11.1622550031452
6.55958483478997
7.21710914314488
4.58701191254363
4.58701191254363
7.21710914314488
7.21710914314488
11.8197793147911
9.18968207102955
8.53215776126459
9.84720638126452
6.55958483478997
3.27196330006074
8.53215776126459
3.92948760606743
7.21710914314488
10.5047306919697
7.21710914314488
11.1622550031452
9.84720638126452
5.90206052690478
5.24453621948939
5.24453621948939
5.24453621948939
7.21710914314488
7.87463345196976
11.8197793147911
8.53215776126459
9.18968207102955
11.1622550031452
2.61443899452352
5.90206052690478
4.58701191254363
5.24453621948939
6.55958483478997
4387.65831225738
4310.06987769729
4172.64632781541
3984.59311701806
3753.80064505576
3484.21413908175
3188.32668086115
2874.68616205295
2555.12808686418
2240.83040463494
1939.68341049021
1668.78274638262
1434.04609754991
1245.33630179177
1109.22857131182
1030.32555097
1010.59979721928
1048.73625495042
1148.6800847155
1299.25338103361
1500.45617746549
1745.05573722287
2025.16179972646
2329.59646907346
2649.15441477729
2969.37007247685
3279.06548283953
3569.69277102711
3828.75887131681
4048.3733930892
4219.98840720234
4337.68609859915
4396.8637206579
4400.1513665622
4342.94633134811
4225.90616747798
4056.26373713909
3837.96426834794
3576.92557903428
3286.95581421454
2977.91792633477
2657.70226355925
2340.1168924211
2036.33974381593
1758.86377963612
1510.31906118176
1306.48616027386
1151.31018568631
1050.05130525251
1005.99712142041
1027.03792530801
1104.62589488913
1241.39114981535
1429.4434189862
1662.86501471107
1931.79309823529
2228.99493039141
2541.97755275398
2862.19314735199
3175.17613119143
3473.69369310564
3742.62266496603
3979.33288845962
4168.70115475879
4306.78223246695
4388.31584142242
4408.69924602915
4368.58996690059
4266.01543363965
4115.44132187723
3910.9499226577
3665.03433981881
3387.55755011898
3085.09487500376
2767.50925589947
2448.60876938766
2138.25630237699
1845.65719595662
1587.24955919028
1364.34839692071
1194.7068531065
1075.03726144373
1015.85999816759
1016.51752328878
1077.66736214544
1193.39180253967
1363.03334603381
1580.01677694528
1837.10935897209
2125.10577772324
2435.45823775323
2754.35871673119
3073.25938265762
3377.69463393865
3659.77411484138
3907.00475186199
4111.49614932114
4265.35790465702
4363.98726297322
4404.75407086977
4384.37066644699
4308.09729055615
4176.59150090668
3987.22323131985
3755.77322980485
3484.21413908175
3188.32668086115
2871.39852657704
2549.86787318312
2234.91266748347
1937.71083241705
1669.44027212723
1437.99125062942
1248.62392845573
1111.20114693055
1030.32555097
1007.31217164572
1047.42120465071
1143.41988280289
1296.62327951039
1500.45617746549
1747.02831469222
2028.44943031974
2332.22657489249
2649.81194160197
2968.71254526275
3276.43537240862
3567.72018704387
3826.12875791254
4045.74327843623
4219.98840720234
4339.00115678049
4401.46642493084
4402.12395411665
4343.60386044615
4222.61852287071
4052.31856509708
3834.0190981696
3575.61052302496
3284.98323135922
2979.89050801399
2659.67484406619
2344.06205122567
2037.65479607523
1758.20625380015
1507.68895884319
1301.8834825668
1146.04998375436
1048.07872980027
1007.96969675926
1027.03792530801
1107.91352090234
1244.67877646082
1429.4434189862
1661.54996323583
1931.13557221858
2226.36482503621
2539.3474459689
2860.22056611008
3175.17613119143
3475.00874884033
3745.91030614152
3981.96300273132
4168.70115475879
4304.80964534048
4385.02819560709
4404.75407086977
4365.30232123326
4268.64554957989
4117.41390816817
3912.26497959706
3669.63703672144
3387.55755011898
3086.40992972556
2765.53667500394
2445.97866303652
2134.96867118651
1846.31472188331
1587.90708485285
1368.9510750447
1196.67942896133
1077.66736214544
1017.17504841056
1015.20247304699
1072.40716075156
1189.44665085382
1358.43066794952
1579.35925129058
1837.10935897209
2127.73588263092
2437.43081747908
2756.33129758615
3073.9169100031
3376.37957846271
3657.14400237431
3904.37463801681
4108.20850555066
4264.70037567536
4366.61737949723
4408.69924602915
4388.31584142242
4311.38493579628
4175.27644320574
3985.2506455921
3751.82806031488
3483.55661120164
3185.69657090015
2872.71358076498
2555.12808686418
2240.17287828184
1942.31351459752
1672.07037511235
1436.01867408679
1245.33630179177
1107.91352090234
1027.69545043922
1005.33959630864
1048.07872980027
1148.0225594743
1300.56843179896
1502.4287541971
1749.00089216766
2027.1343780803
2331.56904843662
2646.52430748637
2967.39749083702
3276.43537240862
3569.69277102711
3829.41639967018
4050.34597908887
4221.30346503459
4339.65868587264
4397.52124983678
4399.49383737936
4338.34362768933
4222.61852287071
4051.66103642673
3837.30673998257
3580.21321907322
3290.90097994836
2981.8630897006
2660.3323709034
2340.77441888667
2036.99726994523
1754.26109879856
1508.34648442686
1305.1711094973
1149.99513519969
1051.36635555697
1011.91484745283
1029.01050070343
1105.28342009057
1240.7336244881
1427.47084246847
1658.91986029333
1930.47804620257
2228.99493039141
2543.95013285087
2862.85067443424
3177.80624109833
3474.35122097255
3743.2801931993
3978.0178313294
4167.38609708094
4304.15211630029
4387.00078309332
4408.69924602915
4369.24749603702
4271.27566553572
4118.72896570025
3911.60745112691
3667.66445232919
3386.24249461697
3082.46476557018
2766.19420196832
2449.26629597734
2137.59877613745
1848.28729966752
1589.87966184452
1366.97849870206
1193.39180253967
1075.03726144373
1012.57237257048
1015.20247304699
1074.37973626979
1192.73427725717
1363.03334603381
1581.98935391332
1838.42441080831
2126.42083017564
2434.80071117947
2754.35871673119
3069.97174594268
3379.66721715908
3659.11658672326
3908.31980879017
4112.1536780781
4267.33049160782
4363.98726297322
4406.06912925227
4383.71313728787
4306.78223246695
4173.30385666155
3987.22323131985
3755.11570155424
3487.50177849553
3189.64173584672
2873.37110786016
2551.84045330773
2238.20029922695
1937.71083241705
1670.09779787251
1436.01867408679
1249.28145379038
1111.20114693055
1031.64060123893
1007.31217164572
1046.10615435336
1142.76235756653
1298.59585565187
1501.11370304204
1749.65841799415
2028.44943031974
2332.88410134911
2651.78452208073
2970.02759969176
3277.09290001506
3567.06265905124
3826.12875791254
4047.05833576082
4219.33087828766
4339.00115678049
4401.46642493084
4402.78148330344
4342.28880225105
4225.90616747798
4052.31856509708
3835.33415489202
3575.61052302496
3288.27086945572
2979.23298078676
2660.9898977414
2342.74699828783
2040.28490060235
1755.57615046305
1509.00401001118
1303.19853333713
1147.36503423372
1048.07872980027
1011.91484745283
1028.35297557103
1109.88609651746
1242.70620047169
1429.4434189862
1659.57738602796
1931.13557221858
2224.3922460275
2540.6624993599
2861.53562027055
3177.14871362034
3475.00874884033
3747.88289085776
3979.33288845962
4166.72856824347
4305.46717438166
4384.37066644699
4406.726658445
4368.58996690059
4271.27566553572
4117.41390816817
3916.21015043748
3668.97950858979
3386.90002236754
3083.7798202853
2766.19420196832
2445.97866303652
2136.28372366054
1848.28729966752
1589.22213617997
1369.60860049351
1196.67942896133
1077.66736214544
1013.88742280756
1011.91484745283
1071.74963558001
1190.10417613327
1361.06076970819
1580.01677694528
1839.08193672745
2129.05093508909
2436.77329090304
2754.35871673119
3070.62927328401
3376.37957846271
3657.14400237431
3905.68969493754
4110.18109181008
4267.33049160782
4368.58996690059
4410.01430442353
4387.65831225738
4308.75481960222
4171.33127012602
3985.2506455921
3751.82806031488
3484.87166696275
3187.66915336963
2873.37110786016
2555.12808686418
2238.85782557785
1941.65598856964
1668.78274638262
1434.04609754991
1244.0212511305
1109.22857131182
1030.32555097
1011.25732233576
1050.70883040445
1148.0225594743
1297.28080489026
1501.77122861925
1745.71326304531
2027.1343780803
2330.91152198149
2648.49688795339
2968.71254526275
3280.38053806013
3571.00782702039
3828.10134296436
4046.40080709805
4219.33087828766
4337.02856950995
4397.52124983678
4401.46642493084
4342.28880225105
4227.22122532766
4054.94867978796
3838.62179671422
3577.58310704029
3287.6133418347
2977.91792633477
2659.67484406619
2343.40452475638
2038.96984833737
1758.86377963612
1510.97658676803
1306.48616027386
1149.99513519969
1049.39378010117
1006.65464653277
1025.72287504734
1105.94094529261
1242.70620047169
1431.41599550968
1664.18006618898
1932.4506242527
2227.67987771235
2542.63507945217
2860.22056611008
3174.51860371682
3472.37863737447
3743.2801931993
3979.99041702613
4168.70115475879
4307.43976151106
4389.63089975547
4405.41160006052
4365.95985036475
4267.33049160782
4114.12626435471
3912.26497959706
3667.66445232919
3389.53013337851
3086.40992972556
2768.82430983381
2448.60876938766
2136.94124989863
1845.65719595662
1586.59203352836
1365.0059223651
1193.39180253967
1078.32488732236
1017.83257353293
1017.17504841056
1074.37973626979
1190.10417613327
1359.7457188276
1578.70172563654
1835.79430713861
2125.76330394908
2435.45823775323
2755.6737706337
3074.57443734942
3378.35216167793
3660.4316429604
3905.68969493754
4109.52356305599
4264.04284669468
4363.98726297322
4406.726658445
4388.97337058845
4311.38493579628
4175.93397205573
3987.22323131985
3753.14311680788
3483.55661120164
3185.69657090015
2871.39852657704
2552.49798001748
2240.17287828184
1941.65598856964
1673.38542660892
1437.33372511457
1245.99382712333
1108.57104610678
1025.72287504734
1007.31217164572
1044.79110405839
1146.04998375436
1300.56843179896
1503.74380535474
1749.00089216766
2029.10695644052
2331.56904843662
2647.18183430793
2966.73996362538
3276.43537240862
3568.37771503739
3828.75887131681
4049.68845042136
4221.96099395217
4341.63127315497
4400.1513665622
4399.49383737936
4339.00115678049
4223.27605179023
4051.66103642673
3836.64921161813
3580.87074708369
3290.24345232391
2979.23298078676
2660.3323709034
2342.08947182003
2036.33974381593
1754.91862463047
1508.34648442686
1303.85605872323
1149.99513519969
1052.68140586381
1011.25732233576
1029.66802583642
1105.94094529261
1240.07609916147
1428.12836797375
1660.23491176325
1931.13557221858
2228.33740405151
2542.63507945217
2863.5082015173
3176.49118614319
3475.666276709
3744.59524966859
3979.33288845962
4166.72856824347
4303.49458726106
4387.65831225738
4408.69924602915
4369.24749603702
4270.6181365453
4118.07143693373
3912.26497959706
3665.03433981881
3386.24249461697
3082.46476557018
2765.53667500394
2447.95124279874
2138.25630237699
1848.94482559697
1590.53718750972
1368.9510750447
1193.39180253967
1074.37973626979
1013.88742280756
1013.88742280756
1074.37973626979
1191.419226694
1363.69087147694
1581.33182825665
1839.08193672745
2126.42083017564
2435.45823775323
2754.35871673119
3070.62927328401
3378.35216167793
3659.11658672326
3906.3472233993
4112.81120683601
4267.33049160782
4365.30232123326
4405.41160006052
4386.34325393026
4306.78223246695
4171.33127012602
3987.88075989765
3754.45817330454
3485.52919484462
3188.98420835351
2873.37110786016
2552.49798001748
2236.88524652736
1939.02588446512
1668.78274638262
1436.67619960036
1246.6513524555
1111.20114693055
1030.98307610417
1007.31217164572
1047.42120465071
1142.10483233078
1295.30822875251
1500.45617746549
1747.68584051669
2029.10695644052
2332.88410134911
2650.46946842744
2970.02759969176
3277.09290001506
3567.72018704387
3825.47122956378
4045.74327843623
4219.33087828766
4340.97374405988
4402.12395411665
4402.78148330344
4343.60386044615
4224.59110963217
4052.31856509708
3834.67662653035
3577.58310704029
3286.95581421454
2980.54803524204
2659.67484406619
2344.71957769571
2038.31232220595
1757.54872796486
1507.68895884319
1303.19853333713
1148.0225594743
1048.07872980027
1009.28474698809
1029.66802583642
1107.91352090234
1244.0212511305
1430.10094449339
1660.23491176325
1929.82052018726
2225.04977236301
2541.97755275398
2862.19314735199
3177.14871362034
3475.00874884033
3746.56783437936
3981.96300273132
4168.70115475879
4304.15211630029
4384.37066644699
4405.41160006052
4365.95985036475
4269.96060755586
4118.07143693373
3914.89509348695
3670.95209298746
3387.55755011898
3083.12229292732
2764.87914804035
2445.97866303652
2134.96867118651
1846.31472188331
1588.56461051609
1368.9510750447
1196.02190367578
1077.66736214544
1015.20247304699
1013.88742280756
1072.40716075156
1188.78912557497
1360.40324426758
1579.35925129058
1839.08193672745
2129.05093508909
2438.08834405587
2756.98882453939
3073.9169100031
3375.72205072605
3658.45905860604
3902.40205264269
4109.52356305599
4266.67296262325
4367.93243776515
4406.726658445
4390.94595809247
4308.75481960222
4173.30385666155
3985.2506455921
3752.48558856092
3484.21413908175
3188.32668086115
2873.37110786016
2555.78561357778
2240.17287828184
1940.99846254247
1669.44027212723
1435.36114857386
1244.67877646082
1108.57104610678
1027.03792530801
1011.91484745283
1049.39378010117
1146.70750899373
1301.22595718257
1502.4287541971
1745.71326304531
2027.1343780803
2329.59646907346
2648.49688795339
2969.37007247685
3278.40795523052
3570.35029902331
3831.38898473583
4045.74327843623
4219.33087828766
4340.31621496577
4398.17877901665
4397.52124983678
4343.60386044615
4225.90616747798
4056.92126581608
3837.30673998257
3579.55569106365
3286.29828659524
2978.57545356035
2659.01731722976
2338.80183949221
2037.65479607523
1757.54872796486
1511.63411235494
1305.82863488527
1151.31018568631
1052.68140586381
1003.36702097685
1027.03792530801
1105.28342009057
1238.10352318526
1430.10094449339
1664.83759192893
1933.7656762896
2228.33740405151
2543.29260615113
2863.5082015173
3174.51860371682
3471.06358164682
3745.2527779046
3980.64794559359
4169.35868359915
4305.46717438166
4388.31584142242
4409.35677522584
4364.64479210275
4267.33049160782
4118.07143693373
3910.29239418942
3667.66445232919
3389.53013337851
3083.7798202853
2765.53667500394
2448.60876938766
2139.57135485824
1846.31472188331
1585.27698220649
1366.32097325578
1194.7068531065
1073.06468592371
1018.49009865589
1014.54494792698
1074.37973626979
1196.02190367578
1359.7457188276
1577.38667433042
1839.08193672745
2124.44825149813
2436.11576432776
2756.98882453939
3072.60185531297
3379.00968941807
3659.11658672326
3906.3472233993
4109.52356305599
4266.67296262325
4362.01467559055
4408.69924602915
4386.34325393026
4308.75481960222
4173.30385666155
3989.19581705607
3755.11570155424
3484.21413908175
3186.35409838913
2871.39852657704
2549.86787318312
2236.88524652736
1940.99846254247
1672.07037511235
1435.36114857386
1252.56908047284
1111.20114693055
1028.35297557103
1006.65464653277
1048.07872980027
1140.78978186109
1298.59585565187
1503.74380535474
1747.02831469222
2028.44943031974
2333.54162780647
2649.15441477729
2967.39749083702
3278.40795523052
3568.37771503739
3824.81370121593
4047.71586442453
4221.96099395217
4340.31621496577
4398.83630819751
4406.726658445
4342.94633134811
4223.93358071071
4053.63362244062
3832.70404145087
3574.95299502163
3289.58592470032
2978.57545356035
2660.9898977414
2344.71957769571
2038.96984833737
1756.89120213025
1509.00401001118
1302.54100795165
1147.36503423372
1047.42120465071
1011.25732233576
1030.32555097
1105.28342009057
1245.99382712333
1432.07352101878
1661.54996323583
1929.82052018726
2226.36482503621
2540.00497266402
2861.53562027055
3177.80624109833
3475.00874884033
3747.2253626181
3982.6205313016
4167.38609708094
4306.78223246695
4385.68572476818
4404.09654168
4365.95985036475
4271.27566553572
4115.44132187723
3916.86767891415
3670.95209298746
3387.55755011898
3085.09487500376
2764.22162107756
2445.97866303652
2136.94124989863
1843.68461818065
1591.19471317558
1367.63602414898
1196.02190367578
1080.2974628567
1012.57237257048
1013.88742280756
1073.06468592371
1188.13160029674
1362.37582059131
1579.35925129058
1838.42441080831
2130.36598755013
2437.43081747908
2757.64635149343
3071.28680062616
3377.69463393865
3656.48647425979
3903.71710955784
4110.83862056513
4267.98802059337
4365.95985036475
4411.98689202253
4385.68572476818
4310.06987769729
4171.33127012602
3984.59311701806
3752.48558856092
3484.21413908175
3187.66915336963
2874.68616205295
2553.81303343929
2241.48793098877
1939.02588446512
1669.44027212723
1434.04609754991
1244.0212511305
1109.88609651746
1028.35297557103
1012.57237257048
1048.07872980027
1147.36503423372
1300.56843179896
1498.48360073969
1749.00089216766
2026.47685196165
2330.91152198149
2649.15441477729
2970.02759969176
3278.40795523052
3571.00782702039
3827.44381461283
4048.3733930892
4219.98840720234
4335.71351133449
4400.1513665622
4400.80889574602
4341.63127315497
4227.87875425396
4052.97609376837
3841.25191018859
3575.61052302496
3289.58592470032
2977.26039911
2658.35979039411
2342.74699828783
2036.99726994523
1759.52130547276
1509.66153559615
1305.82863488527
1151.31018568631
1050.70883040445
1004.68207119745
1028.35297557103
1104.62589488913
1242.04867514321
1430.10094449339
1663.52254044969
1931.13557221858
2228.33740405151
2542.63507945217
2860.87809318991
3173.86107624305
3474.35122097255
3745.91030614152
3980.64794559359
4171.98879897023
4308.75481960222
4386.34325393026
4408.04171683344
4366.61737949723
4265.35790465702
4116.09885063992
3913.58003654014
3667.66445232919
3388.87260562447
3087.06745708771
2766.8517289335
2447.95124279874
2136.94124989863
1844.34214410529
1587.24955919028
1367.63602414898
1194.04932782278
1079.63993767799
1015.85999816759
1015.85999816759
1075.03726144373
1189.44665085382
1360.40324426758
1580.01677694528
1837.10935897209
2127.73588263092
2436.77329090304
2756.98882453939
3073.9169100031
3380.32474490096
3657.14400237431
3903.71710955784
4109.52356305599
4266.67296262325
4362.67220471712
4408.69924602915
9.18968207102955
8.53215776126459
7.87463345196976
7.21710914314488
6.55958483478997
3.27196330006074
5.90206052690478
8.53215776126459
7.87463345196976
9.18968207102955
9.18968207102955
8.53215776126459
7.21710914314488
5.90206052690478
5.24453621948939
8.53215776126459
5.90206052690478
7.87463345196976
8.53215776126459
7.21710914314488
8.53215776126459
10.5047306919697
5.90206052690478
8.53215776126459
4.58701191254363
6.55958483478997
7.87463345196976
11.1622550031452
7.87463345196976
9.18968207102955
9.18968207102955
7.21710914314488
5.90206052690478
7.21710914314488
5.90206052690478
7.87463345196976
8.53215776126459
7.87463345196976
8.53215776126459
10.5047306919697
7.21710914314488
6.55958483478997
6.55958483478997
5.90206052690478
6.55958483478997
9.84720638126452
7.87463345196976
8.53215776126459
9.84720638126452
7.21710914314488
6.55958483478997
6.55958483478997
4.58701191254363
6.55958483478997
7.21710914314488
8.53215776126459
8.53215776126459
11.8197793147911
7.87463345196976
7.21710914314488
7.87463345196976
4.58701191254363
7.21710914314488
6.55958483478997
5.24453621948939
10.5047306919697
8.53215776126459
9.18968207102955
9.18968207102955
5.90206052690478
6.55958483478997
6.55958483478997
4.58701191254363
7.21710914314488
9.84720638126452
8.53215776126459
9.18968207102955
9.18968207102955
6.55958483478997
5.90206052690478
7.21710914314488
5.90206052690478
6.55958483478997
10.5047306919697
7.87463345196976
10.5047306919697
9.18968207102955
7.21710914314488
6.55958483478997
4.58701191254363
7.21710914314488
5.24453621948939
9.18968207102955
8.53215776126459
9.18968207102955
8.53215776126459
7.21710914314488
7.21710914314488
5.24453621948939
7.87463345196976
5781.62248461956
5677.07500118667
5486.39098593101
5228.63894886372
4903.16148712162
4523.7668705993
4110.18109181008
3667.00692420024
3213.3127261665
2768.82430983381
2345.3771041665
1960.06671761456
1625.38604870775
1357.11561707397
1159.85801390837
1042.16100347556
1011.25732233576
1057.94160711489
1195.36437839084
1404.45745018524
1687.85099324729
2033.70963930585
2424.93781266375
2852.98776828522
3302.07894969534
3753.80064505576
4193.02972249365
4605.30052031112
4970.88707888539
5285.18657517831
5532.41815334794
5702.7187208576
5790.82792480383
5801.34842814851
5722.44466024921
5559.37692538933
5323.9808816291
5019.54430706919
4654.615235353
4248.26215145015
3814.29324777571
3362.57149617492
2914.79531649055
2484.77273294884
2084.33915312499
1733.22027253432
1443.90898029184
1217.06271311668
1071.09211040905
1007.96969675926
1033.61317664676
1138.81720616109
1326.86944762992
1587.90708485285
1912.06731803713
2291.45993603369
2709.64688593324
3151.50514263681
3601.91164389021
4045.74327843623
4469.19193628111
4851.87415319453
5189.18712131683
5458.77468811174
5654.71893929921
5775.70470176328
5807.26621140982
5754.00616542153
5621.18484893313
5407.48728308781
5125.4066750196
4782.17599160988
4390.28842892347
3962.89467460189
3516.43300628807
3062.73894524304
2623.510869224
2213.87182475895
1841.05451448899
1527.41472663533
1283.47277204355
1111.20114693055
1023.0927745331
1018.49009865589
1096.07806732493
1251.91155513512
1493.88092173546
1796.34275340778
2156.00951111772
2563.6759342012
3002.90396148506
3451.9952739909
3903.0595810998
4333.08339499536
4732.20373197379
5084.63979712324
5374.61074495538
5598.82879032804
5742.17060067201
5805.29361697898
5783.59507892573
5678.39006369167
5487.70604778107
5231.92660133576
4900.53136727813
4524.42439997051
4104.92086180406
3660.4316429604
3209.36756103689
2767.50925589947
2344.71957769571
1963.35434785893
1628.67367721836
1359.08819338825
1159.85801390837
1039.5309029022
1005.99712142041
1058.59913227395
1191.419226694
1406.43002663612
1690.4810963072
2035.02469155947
2428.88297204962
2851.01518707719
3302.07894969534
3750.51300382552
4192.3721936186
4600.6978138653
4972.20213903034
5286.50163635148
5535.04827736633
5701.40365826811
5796.74570789885
5798.71830228463
5719.81453493746
5554.77420807763
5324.63841227982
5011.65394534761
4660.53300154275
4246.94709353838
3816.92336111367
3361.25644073889
2914.79531649055
2479.5125199241
2084.99667930632
1728.61759188111
1441.93640373194
1213.11756129878
1078.32488732236
1005.99712142041
1038.21585261907
1136.84463046651
1330.81460009082
1580.01677694528
1915.35494802665
2286.8572511803
2711.61946662659
3150.19008774913
3605.19928409895
4048.3733930892
4474.45217061421
4851.87415319453
5191.15971260146
5453.51444113116
5659.32165781548
5767.81432476672
5812.52646327624
5754.66369680742
5625.78756704384
5408.80234467069
5128.03679631593
4777.57328323617
4388.97337058845
3956.31938922295
3515.11795044221
3058.1362539411
2627.45603000109
2209.92666683149
1848.94482559697
1530.70235465747
1286.10287351703
1110.5436217237
1021.12019915361
1013.22989768873
1094.76301693942
1253.88413115015
1495.85349844769
1797.65780515919
2163.89982628292
2565.64851437442
3003.56148874191
3450.02269048243
3902.40205264269
4330.45327867194
4731.54620228141
5083.98226686835
5375.92580642759
5600.80138368173
5744.14319477109
5806.60867993172
5780.96495318647
5675.10240743774
5488.36357870777
5225.35129641886
4904.47654704965
4523.7668705993
4108.20850555066
3665.03433981881
3215.94283626989
2766.19420196832
2346.69215711031
1960.06671761456
1628.67367721836
1356.45809163713
1160.51553916046
1042.16100347556
1007.31217164572
1060.57170775469
1192.07675197528
1405.11497566823
1690.4810963072
2031.07953480712
2426.25286578935
2852.33024121507
3301.42142205629
3753.80064505576
4193.02972249365
4605.30052031112
4972.8596691044
5284.52904459337
5531.76062234615
5700.08859568318
5792.80051915845
5798.06077082155
5719.81453493746
5560.03445643836
5322.66582033094
5016.91418647833
4654.615235353
4246.94709353838
3811.66313445247
3359.94138530632
2910.850153625
2483.45767968808
2084.33915312499
1733.22027253432
1441.27887821326
1219.69281434088
1072.40716075156
1009.94227210339
1031.64060123893
1137.50215569743
1327.52697303851
1587.24955919028
1912.72484403364
2292.7749888556
2710.30441283023
3150.84761519255
3600.59658781298
4047.05833576082
4467.87687770781
4853.84674284341
5187.21453004194
5460.74728074784
5657.34906415882
5777.01976461216
5805.29361697898
5754.00616542153
5621.18484893313
5408.1448138787
5126.72173566561
4782.17599160988
4387.65831225738
3962.89467460189
3513.14536668004
3062.0814179117
2618.25065489819
2212.55677211354
1839.08193672745
1528.72977784224
1282.15772131053
1113.83124776392
1021.77772427952
1017.83257353293
1094.76301693942
1257.17175785422
1490.59329389467
1798.97285691332
2157.98208989924
2568.27862128287
3003.56148874191
3455.94044103153
3903.71710955784
4336.37104042173
4730.23114289975
5082.66720636179
5375.26827569094
5600.1438525627
5742.82813203722
5807.92374288908
5782.93754748919
5675.75993868624
5487.70604778107
5229.95400984927
4899.21630736268
4523.10934122909
4102.29074682397
3661.08917108032
3210.6826160767
2770.13936377133
2344.71957769571
1964.66939996158
1626.70110011001
1357.77314251143
1155.91286240855
1042.16100347556
1007.96969675926
1061.22923291612
1194.7068531065
1407.74507760656
1688.50851901127
2035.02469155947
2424.93781266375
2853.64529535617
3297.47625624005
3751.82806031488
4192.3721936186
4604.64299081582
4971.54460895734
5288.47422811944
5532.41815334794
5701.40365826811
5793.4580506123
5797.40323935962
5719.15700361239
5559.37692538933
5322.00828968352
5019.54430706919
4655.27276492556
4249.57720936581
3811.66313445247
3358.62632987722
2912.82273505411
2478.19746667554
2086.31173167111
1732.5627467247
1438.64877614491
1219.69281434088
1071.09211040905
1011.91484745283
1030.32555097
1138.81720616109
1326.86944762992
1586.59203352836
1915.35494802665
2295.4050945083
2709.64688593324
3155.45030732006
3603.22669997102
4047.05833576082
4469.84946556925
4853.1892129594
5187.87206046582
5460.74728074784
5656.69153294221
5775.04717034057
5809.23880585106
5757.29382236248
5621.8423800884
5406.17222150937
5122.11902342338
4778.23081300074
4387.00078309332
3961.5796175186
3514.4604225206
3061.42389058119
2623.510869224
2210.58419315091
1839.73946264727
1528.07225223846
1279.52761985194
1112.51619734603
1023.0927745331
1017.83257353293
1098.70816810313
1257.17175785422
1492.56587059721
1796.34275340778
2157.98208989924
2564.99098764924
3002.24643422903
3454.62538534781
3904.37463801681
4335.05598224824
4732.86126166719
5085.95485763622
5374.61074495538
5598.82879032804
5741.51306930795
5805.29361697898
5780.96495318647
5677.7325324386
5490.99370242578
5229.29647935595
4902.50395715917
4523.10934122909
4104.92086180406
3661.74669920115
3207.39497848354
2764.87914804035
2344.71957769571
1963.35434785893
1628.01615151492
1358.43066794952
1159.85801390837
1040.84595318769
1006.65464653277
1056.62655679856
1190.76170141333
1405.77250115186
1692.45367360915
2035.02469155947
2428.88297204962
2856.27540364805
3302.73647733524
3753.14311680788
4189.74207812805
4603.98546132153
4970.88707888539
5287.15916693971
5533.73321535489
5704.03378345167
5796.08817643923
5800.03336521426
5719.81453493746
5559.37692538933
5318.72063646285
5016.25665633328
4655.27276492556
4249.57720936581
3813.63571944352
3364.54407933548
2912.82273505411
2481.48509980266
2083.02410076449
1730.59016929987
1437.33372511457
1215.09013720497
1071.74963558001
1011.91484745283
1034.92822692161
1142.10483233078
1327.52697303851
1586.59203352836
1913.38237003085
2290.14488321473
2707.01677835317
3150.84761519255
3603.22669997102
4050.34597908887
4472.47958273181
4857.79192216932
5187.87206046582
5457.45962635991
5654.06140808715
5771.75951324427
5807.26621140982
5756.63629097199
5623.81497356102
5410.77493705331
5126.72173566561
4780.86093206936
4386.34325393026
3958.29197482679
3509.85772709412
3059.45130859465
2622.85334243055
2213.87182475895
1843.68461818065
1531.35988026385
1284.13029741098
1109.22857131182
1019.14762377944
1013.22989768873
1092.13291617559
1255.85670717074
1495.1959728763
1800.28790867019
2162.58477374814
2568.93614801191
3004.21901599958
3452.65280182881
3901.08699573127
4333.08339499536
4730.88867259006
5085.29732737919
5376.58333716535
5600.80138368173
5745.45825750954
5805.95114845477
5782.2800160538
5674.44487619037
5485.73345500766
5226.66635739354
4901.18889723743
4523.7668705993
4106.89344804916
3663.71928356904
3213.3127261665
2768.16678286624
2342.74699828783
1956.77908738772
1624.07099730814
1354.48551533041
1159.20048865688
1044.13357891179
1009.28474698809
1061.88675807815
1194.7068531065
1407.08755212102
1689.16604477591
2031.73706093074
2425.59533922617
2852.33024121507
3303.39400497601
3755.11570155424
4195.00230912458
4604.64299081582
4973.51719917951
5285.84410576435
5533.07568435085
5700.74612697507
5792.80051915845
5799.37583374887
5723.10219158001
5562.00704959223
5323.32335097947
5020.20183721956
4655.27276492556
4246.94709353838
3809.6905494697
3359.28385759134
2910.19262648359
2481.48509980266
2082.36657458531
1731.90522091575
1441.93640373194
1217.72023842181
1070.43458523869
1008.62722187338
1030.32555097
1137.50215569743
1326.86944762992
1589.22213617997
1915.35494802665
2294.09004168047
2712.27699352595
3153.47772497465
3603.22669997102
4049.03092175481
4469.19193628111
4854.50427272845
5187.87206046582
5461.40481162877
5657.34906415882
5774.389638919
5809.89633733378
5755.97875958265
5619.86978662599
5406.82975229804
5122.11902342338
4779.54587253298
4387.00078309332
3961.5796175186
3513.80289459988
3062.0814179117
2625.48344960904
2209.92666683149
1841.71204041087
1527.41472663533
1279.52761985194
1108.57104610678
1020.4626740283
1018.49009865589
1096.07806732493
1259.14433388408
1495.1959728763
1798.31533103592
2158.63961616119
2564.33346092483
2999.61632521317
3452.65280182881
3903.0595810998
4335.05598224824
4733.51879136162
5085.29732737919
5377.24086790422
5598.17125921241
5742.17060067201
5802.66349108738
5781.62248461956
5675.10240743774
5490.99370242578
5229.29647935595
4903.81901708511
4526.39698809018
4107.55097679944
3661.08917108032
3210.02508855637
2764.22162107756
2343.40452475638
1960.06671761456
1627.35862581214
1358.43066794952
1161.17306441316
1042.16100347556
1007.96969675926
1057.94160711489
1192.73427725717
1405.11497566823
1689.82357054122
2034.36716543231
2428.88297204962
2856.27540364805
3304.70906026012
3755.11570155424
4194.34478024664
4602.01287284475
4970.22954881451
5283.21398342677
5532.41815334794
5704.69131475042
5796.74570789885
5801.34842814851
5721.78712891956
5560.03445643836
5320.03569774782
5014.94159604635
4652.64264664144
4244.31697772649
3812.3206627819
3361.91396845647
2915.45284363765
2483.45767968808
2086.31173167111
1731.90522091575
1439.30630166104
1215.09013720497
1069.77706006892
1007.96969675926
1032.29812637429
1141.44730709564
1328.84202385755
1589.22213617997
1916.67000002733
2292.7749888556
2709.64688593324
3150.84761519255
3603.88422801277
4047.71586442453
4471.16452414854
4857.13439227906
5190.50218217217
5460.74728074784
5658.66412659545
5773.07457607933
5806.60867993172
5754.00616542153
5621.18484893313
5406.17222150937
5124.74914469821
4782.17599160988
4388.97337058845
3960.26456043907
3515.11795044221
3060.76636325151
2620.88076205486
2209.26914051281
1841.05451448899
1526.09967543102
1283.47277204355
1112.51619734603
1023.75029966078
1017.17504841056
1096.73559251858
1255.19918182993
1493.22339616601
1797.00027928314
2159.29714242387
2564.99098764924
3005.5340705174
3454.62538534781
3905.68969493754
4336.37104042173
4734.17632105709
5081.35214585951
5374.61074495538
5596.19866587229
5742.82813203722
5803.97855403087
5784.25261036343
5677.07500118667
5490.3361714946
5228.63894886372
4903.81901708511
4521.79428249168
4104.92086180406
3659.77411484138
3209.36756103689
2764.87914804035
2346.03463063803
1961.38176971021
1628.67367721836
1358.43066794952
1159.85801390837
1039.5309029022
1006.65464653277
1057.94160711489
1193.39180253967
1407.08755212102
1693.11119937781
2035.68221768735
2432.17060489197
2855.61787657387
3304.05153261764
3753.14311680788
4191.05713587139
4601.35534335452
4972.20213903034
5286.50163635148
5533.07568435085
5704.03378345167
5797.40323935962
5801.34842814851
5719.81453493746
5557.40433224899
5320.03569774782
5015.59912618928
4651.98511707296
4246.94709353838
3814.95077610882
3361.25644073889
2915.45284363765
2482.14262643037
2082.36657458531
1729.27511768669
1436.67619960036
1215.09013720497
1070.43458523869
1010.59979721928
1034.92822692161
1141.44730709564
1330.81460009082
1588.56461051609
1912.72484403364
2290.80240962384
2710.30441283023
3148.87503286482
3603.88422801277
4051.66103642673
4473.13711202495
4857.13439227906
5190.50218217217
5460.08974986803
5657.34906415882
5771.10198182847
5806.60867993172
5752.6911026532
5621.8423800884
5410.117406258
5126.72173566561
4783.49105115453
4390.94595809247
3960.92208897836
3511.17278292584
3060.10883592266
2622.19581563788
2208.61161419485
1841.71204041087
1530.04482905174
1284.13029741098
1113.83124776392
1023.0927745331
1017.17504841056
1094.10549174757
1254.54165648973
1491.90834502905
1796.34275340778
2160.61219495141
2569.59367474173
3004.21901599958
3455.94044103153
3905.03216647671
4335.05598224824
4731.54620228141
5082.66720636179
5373.95321422093
5597.5137280979
5743.48566340358
5808.58127436949
5783.59507892573
5677.7325324386
5489.67864056454
5227.98141837257
4899.87383731988
4521.79428249168
4103.60580431211
3659.77411484138
3210.6826160767
2767.50925589947
2345.3771041665
1962.03929575908
1629.33120292247
1359.08819338825
1157.88543815573
1039.5309029022
1005.99712142041
1058.59913227395
1193.39180253967
1409.06012857953
1693.11119937781
2036.99726994523
2431.51307832198
2856.27540364805
3301.42142205629
3752.48558856092
4192.3721936186
4603.32793182826
4972.8596691044
5287.81669752903
5535.70580837373
5705.34884605031
5795.43064498076
5798.71830228463
5718.49947228846
5558.06186329464
5319.37816710479
5014.28406590448
4653.30017621094
4250.2347383251
3814.95077610882
3363.22902389424
2912.82273505411
2481.48509980266
2080.39399605207
1730.59016929987
1437.99125062942
1215.09013720497
1071.09211040905
1011.25732233576
1035.58575205992
1142.10483233078
1330.81460009082
1588.56461051609
1912.06731803713
2290.14488321473
2708.98935903704
3150.19008774913
3603.88422801277
4051.66103642673
4473.79464131908
4857.13439227906
5191.15971260146
5460.08974986803
5654.71893929921
5771.75951324427
5804.63608550435
5754.00616542153
5620.527317779
5410.117406258
5126.06420534207
4780.86093206936
4388.97337058845
3961.5796175186
3511.17278292584
3059.45130859465
2619.56570847497
2207.95408787763
1840.39698856779
1530.70235465747
1283.47277204355
1112.51619734603
1022.43524940601
1018.49009865589
1094.10549174757
1255.19918182993
1491.25081946154
1798.31533103592
2159.95466868728
2568.93614801191
3006.19159777755
3456.59796887471
3905.68969493754
4337.02856950995
4732.20373197379
5082.66720636179
5375.92580642759
5597.5137280979
5742.82813203722
5806.60867993172
5784.25261036343
5677.7325324386
5490.99370242578
5229.95400984927
4901.18889723743
4521.13675312448
4102.29074682397
3659.77411484138
3209.36756103689
2766.8517289335
2346.03463063803
1960.72424366204
1628.01615151492
1358.43066794952
1159.20048865688
1039.5309029022
1005.33959630864
1057.28408195643
1193.39180253967
1407.08755212102
1690.4810963072
2037.65479607523
2430.85555175276
2856.93293072304
3302.07894969534
3753.80064505576
4191.05713587139
4603.98546132153
4971.54460895734
5287.81669752903
5535.70580837373
5706.00637735135
5796.74570789885
5800.69089668081
5719.15700361239
5557.40433224899
5319.37816710479
5014.94159604635
4651.98511707296
4248.26215145015
3814.95077610882
3363.22902389424
2914.79531649055
2482.80015305884
2080.39399605207
1727.30254027197
1438.64877614491
1214.43261190229
1071.09211040905
1010.59979721928
1034.92822692161
1142.10483233078
1329.49954926802
1589.87966184452
1914.03989602876
2291.45993603369
2708.98935903704
3152.16267008192
3603.22669997102
4051.00350775732
4474.45217061421
4857.79192216932
5189.84465174395
5459.43221898932
5654.71893929921
5771.75951324427
5803.97855403087
5754.00616542153
5621.18484893313
5410.117406258
5126.06420534207
4782.17599160988
4388.97337058845
3960.92208897836
3509.85772709412
3058.79378126746
2618.90818168619
2207.95408787763
1840.39698856779
1530.04482905174
1283.47277204355
1113.17372255468
1023.75029966078
1015.85999816759
1094.10549174757
1255.85670717074
1491.90834502905
1798.31533103592
2161.92724748184
2568.27862128287
3005.5340705174
3455.28291318923
3904.37463801681
4335.05598224824
4731.54620228141
5082.66720636179
5374.61074495538
5596.85619698453
5744.14319477109
5805.95114845477
179.488494354473
9.18968207102955
9.18968207102955
6.55958483478997
5.90206052690478
5.90206052690478
7.21710914314488
5.90206052690478
7.87463345196976
9.18968207102955
9.84720638126452
10.5047306919697
9.84720638126452
7.21710914314488
5.24453621948939
5.24453621948939
3.92948760606743
5.90206052690478
7.21710914314488
9.84720638126452
7.87463345196976
9.84720638126452
9.18968207102955
7.21710914314488
5.24453621948939
5.24453621948939
5.90206052690478
5.24453621948939
7.87463345196976
8.53215776126459
10.5047306919697
9.84720638126452
7.87463345196976
6.55958483478997
5.90206052690478
5.24453621948939
5.24453621948939
5.24453621948939
8.53215776126459
9.18968207102955
10.5047306919697
7.21710914314488
10.5047306919697
5.90206052690478
5.90206052690478
5.90206052690478
5.90206052690478
4.58701191254363
7.21710914314488
9.84720638126452
7.87463345196976
11.1622550031452
9.84720638126452
7.21710914314488
5.24453621948939
5.24453621948939
5.90206052690478
5.24453621948939
7.21710914314488
11.1622550031452
9.18968207102955
7.87463345196976
8.53215776126459
7.21710914314488
4.58701191254363
8.53215776126459
3.92948760606743
7.21710914314488
7.21710914314488
9.84720638126452
11.1622550031452
9.18968207102955
9.18968207102955
7.87463345196976
5.24453621948939
5.90206052690478
5.24453621948939
5.90206052690478
9.18968207102955
9.18968207102955
9.84720638126452
10.5047306919697
10.5047306919697
4.58701191254363
7.21710914314488
7.21710914314488
4.58701191254363
5.90206052690478
8.53215776126459
8.53215776126459
10.5047306919697
9.84720638126452
8.53215776126459
8.53215776126459
7.87463345196976
5.90206052690478
3.92948760606743
7.87463345196976
5.24453621948939
9.18968207102955
6226.11400117022
7048.03025650878
6812.63323966361
6477.29140196063
6060.41591709934
5578.44532626898
5037.9551516815
4466.5618191385
3885.30631308428
3306.02411554768
2760.27645931754
2265.15888021624
1829.87657392193
1476.78525713939
1216.40518781217
1060.57170775469
1003.36702097685
1067.14695939581
1237.4459978611
1503.74380535474
1866.04050000417
2307.89809652054
2814.85119954716
3363.22902389424
3943.16881874609
4526.39698809018
5091.21509973097
5625.78756704384
6105.12809104548
6511.48310386587
6835.64690723212
7065.78366953242
7187.42745109904
7199.9205987808
7105.8932357935
6902.0577852862
6600.25003794103
6209.01816357935
5744.14319477109
5220.74858304172
4660.53300154275
4079.93477010901
3499.33728056766
2942.41145737056
2423.62275954118
1965.98445206704
1585.9345078671
1288.07544962866
1096.73559251858
1010.59979721928
1034.27070178389
1165.77574119903
1406.43002663612
1737.82295322056
2153.37940608582
2639.29151250084
3179.12129605685
3745.2527779046
4329.13822051612
4904.47654704965
5451.54184853182
5953.89576003709
6387.86696658461
6740.30458031269
7003.31796124555
7160.46855509165
7207.81100808854
7147.31787491541
6978.33168121264
6709.40052144925
6347.7574845568
5905.23841460569
5404.85715993536
4853.1892129594
4275.87836849593
3693.96557822818
3123.88899070159
2588.00442349066
2109.32514851904
1698.37140555115
1376.18385501631
1151.31018568631
1029.66802583642
1015.20247304699
1113.83124776392
1318.32161737524
1617.49574034972
2004.77849044313
2470.30714724817
2991.72599824465
3553.25457141168
4135.82471396551
4717.08054930924
5274.00855538301
5794.77311352345
6252.41529136308
6631.15408699073
6925.72899251038
7115.75624463614
7201.23566698555
7179.53704228224
7046.05765512035
6811.31817299261
6479.92153275772
6063.04604482651
5577.78779518838
5041.24280259293
4467.87687770781
3884.64878465227
3309.96928143098
2760.27645931754
2261.87124832206
1829.21904801239
1476.1277315867
1216.40518781217
1060.57170775469
1008.62722187338
1069.11953489975
1235.47342189228
1503.74380535474
1866.69802595221
2307.24057009217
2811.56356443764
3365.85913478018
3940.53870469563
4524.42439997051
5095.16028134702
5626.44509820705
6104.47055903585
6513.45570215483
6836.30444061419
7063.81106803841
7186.11238294972
7198.60553058134
7104.57816797008
6903.37285231048
6598.93497208531
6210.99076018291
5745.45825750954
5222.72117448254
4660.53300154275
4079.27724139877
3498.67975266726
2941.0964030103
2424.93781266375
1965.32692601396
1584.61945654655
1292.02060186871
1097.39311771283
1013.22989768873
1035.58575205992
1165.77574119903
1403.14239922115
1737.82295322056
2154.03693234271
2641.26409294206
3176.49118614319
3747.2253626181
4329.79574959354
4906.44913694958
5453.51444113116
5951.26563309306
6386.55190152794
6739.64704711629
7000.68782641711
7158.49595303168
7209.126076325
7147.97540891174
6982.27688319874
6708.74298831227
6347.7574845568
5907.21100956621
5402.22703680064
4850.55909343383
4275.87836849593
3691.99299373554
3125.20404552206
2588.66195024292
2111.29772714691
1701.0015086539
1377.49890592845
1149.33760995729
1026.38040017738
1015.20247304699
1110.5436217237
1315.69151577968
1616.18068896596
2008.06612092674
2472.27972709473
2993.69857997566
3554.56962736044
4133.85212759418
4713.79290097582
5274.00855538301
5791.48545625422
6252.41529136308
6633.78421895246
6923.75639184465
7119.04391431587
7205.18087163149
7180.85211040519
7046.05765512035
6812.63323966361
6477.94893465805
6061.07344902935
5576.47273303055
5041.90033277841
4469.84946556925
3884.64878465227
3309.96928143098
2764.22162107756
2259.89866919439
1829.21904801239
1473.49762938238
1213.77508660023
1055.96903164128
1009.94227210339
1068.46200973117
1237.4459978611
1508.34648442686
1868.01307785036
2307.89809652054
2812.87861847904
3362.57149617492
3938.56611916761
4523.7668705993
5091.21509973097
5626.44509820705
6107.10068708154
6514.770767687
6840.90717432451
7064.46860186845
7187.42745109904
7199.26306468041
7101.29049843443
6898.770117748
6600.90757087077
6210.99076018291
5744.80072613974
5224.69376593315
4665.13570863634
4079.93477010901
3499.99480846894
2938.4662942996
2422.30770642162
1962.03929575908
1581.33182825665
1292.02060186871
1097.39311771283
1013.22989768873
1036.90080233831
1170.37841801463
1403.79992470288
1735.85037577955
2152.72187982966
2637.97645887727
3173.20354877013
3746.56783437936
4333.08339499536
4906.44913694958
5454.17197199983
5955.86835525743
6387.20943405566
6738.98951392115
7000.68782641711
7157.83841901432
7205.83840574377
7147.31787491541
6982.27688319874
6710.05805458749
6349.73008192732
5908.52607287906
5405.51469072181
4849.90156355504
4275.22083949869
3690.02040925105
3120.60135366508
2588.00442349066
2109.98267472761
1701.0015086539
1380.78653321985
1150.6526604427
1030.98307610417
1014.54494792698
1111.20114693055
1315.03399038235
1614.86563758484
2004.77849044313
2470.30714724817
2992.3835254875
3556.54221129026
4136.48224275787
4717.08054930924
5275.98114708863
5792.80051915845
6249.12762998334
6632.46915296909
6922.44132474061
7117.0713125041
7203.20826930258
7181.50964446864
7048.68779030753
6811.31817299261
6481.23659816367
6061.73098096055
5575.15767087724
5039.27021204288
4467.87687770781
3885.30631308428
3309.31175378161
2764.22162107756
2263.18630107752
1829.87657392193
1476.1277315867
1216.40518781217
1055.96903164128
1005.99712142041
1067.14695939581
1235.47342189228
1503.74380535474
1869.32812975127
2308.55562294966
2814.85119954716
3367.17419022835
3941.19623320684
4523.10934122909
5093.18769053418
5624.47250472082
6103.15549502015
6514.770767687
6839.59210754375
7065.12613569978
7188.74251925363
7203.20826930258
7104.57816797008
6902.0577852862
6598.93497208531
6209.67569577933
5742.82813203722
5222.72117448254
4661.19053112449
4079.27724139877
3500.6523363711
2943.06898455191
2421.65017986298
1965.98445206704
1581.98935391332
1289.39050037286
1096.07806732493
1011.91484745283
1033.61317664676
1171.69346853884
1405.77250115186
1737.82295322056
2156.00951111772
2640.60656612754
3175.17613119143
3745.91030614152
4331.11080775132
4904.47654704965
5451.54184853182
5952.58069656273
6389.83956417878
6739.64704711629
7002.00289382874
7160.46855509165
7207.81100808854
7146.66034092041
6980.30428219987
6707.4279220421
6347.0999521024
5905.89594625803
5404.19962915002
4851.21662331366
4276.53589749414
3692.65052189884
3122.57393588447
2589.97700374977
2109.98267472761
1699.02893132583
1378.15643138546
1146.70750899373
1030.98307610417
1016.51752328878
1113.83124776392
1317.66409197542
1618.81079173612
2007.40859482861
2471.62220047845
2991.72599824465
3555.22715533616
4133.85212759418
4715.10796030611
5275.98114708863
5794.77311352345
6250.44269453161
6633.12668596015
6927.70159318769
7117.72884644005
7200.57813288252
7179.53704228224
7046.7151889152
6809.34557299566
6479.2640000566
6062.38851289294
5578.44532626898
5040.58527240852
4469.84946556925
3883.99125622119
3308.6542261331
2760.93398627555
2261.21372194543
1827.24647028789
1474.81268048325
1213.77508660023
1057.94160711489
1011.25732233576
1070.43458523869
1238.10352318526
1504.40133093453
1869.32812975127
2309.21314937951
2810.90603741814
3363.88655161443
3941.19623320684
4523.7668705993
5094.502751075
5626.44509820705
6107.75821909594
6514.1132349203
6838.27704076809
7065.12613569978
7184.79731480568
7198.60553058134
7102.60556624476
6902.0577852862
6599.59250501255
6210.99076018291
5746.1157888805
5224.69376593315
4659.21794238233
4080.59229882021
3498.02222476775
2938.4662942996
2420.33512674796
1965.98445206704
1583.96193088725
1290.70555111954
1100.68074369307
1011.25732233576
1038.87337776034
1166.43326645658
1405.11497566823
1736.50790159255
2152.72187982966
2639.29151250084
3178.46376857717
3747.2253626181
4333.74092407867
4908.42172685894
5454.82950286962
5952.58069656273
6387.20943405566
6737.67444753468
7000.68782641711
7156.52335098354
7208.46854220611
7147.97540891174
6981.61934953116
6710.71558772699
6350.3876143866
5906.55347791154
5402.22703680064
4850.55909343383
4272.59072351948
3690.02040925105
3121.2588810707
2589.31947699596
2110.6402009369
1702.974085988
1376.84138047206
1151.96771093053
1026.38040017738
1015.20247304699
1111.85867213799
1313.71893958956
1616.18068896596
2008.72364702559
2471.62220047845
2995.01363446712
3555.88468331277
4139.11235793689
4716.4230196405
5274.66608595046
5792.80051915845
6248.47009771101
6630.49655400343
6926.38652606819
7117.0713125041
7205.83840574377
7180.85211040519
7048.03025650878
6813.29077300103
6477.94893465805
6060.41591709934
5575.81520195333
5037.29762150241
4465.24676057318
3884.64878465227
3311.28433673229
2762.24904019397
2264.50135383593
1827.90399619538
1475.47020603466
1215.09013720497
1055.96903164128
1007.96969675926
1067.14695939581
1234.15837124948
1507.68895884319
1868.67060380047
2309.21314937951
2815.50872657147
3365.85913478018
3941.19623320684
4524.42439997051
5091.21509973097
5624.47250472082
6106.44315506833
6514.1132349203
6838.27704076809
7067.09873720162
7186.76991702372
7201.23566698555
7104.57816797008
6899.42765125307
6597.61990623458
6209.01816357935
5742.17060067201
5220.74858304172
4660.53300154275
4079.27724139877
3499.99480846894
2941.75393019002
2422.30770642162
1967.2995041753
1581.98935391332
1290.70555111954
1098.70816810313
1010.59979721928
1032.95565151023
1171.69346853884
1405.77250115186
1739.13800485127
2155.35198485866
2641.92161975737
3176.49118614319
3748.54041909833
4332.42586591304
4903.16148712162
5454.82950286962
5949.29303789735
6389.18203164617
6738.98951392115
7003.31796124555
7157.83841901432
7209.126076325
7147.97540891174
6980.30428219987
6707.4279220421
6347.7574845568
5903.26581965568
5401.56950601974
4849.2440336773
4275.87836849593
3690.67793741164
3123.88899070159
2591.29205725972
2110.6402009369
1698.37140555115
1376.84138047206
1149.33760995729
1025.0653499179
1014.54494792698
1112.51619734603
1315.03399038235
1618.15326604259
2009.38117312513
2472.27972709473
2994.35610722098
3553.91209938561
4135.82471396551
4715.10796030611
5274.00855538301
5792.14298770576
6248.47009771101
6633.78421895246
6927.0440596273
7118.3863803773
7205.83840574377
7181.50964446864
7044.74258753458
6809.34557299566
6477.94893465805
6057.12825746705
5576.47273303055
5036.64009132439
4469.19193628111
3886.62136995109
3312.59939203705
2758.96140540389
2266.47393297906
1827.24647028789
1475.47020603466
1212.46003599794
1057.94160711489
1004.02454608686
1071.74963558001
1234.81589657057
1510.31906118176
1866.69802595221
2312.50078153991
2812.22109145794
3368.48924567999
3937.90859066013
4525.73945871595
5089.90003920086
5627.76016053687
6099.86783500174
6519.37349708864
6836.30444061419
7068.41380487603
7185.45484887704
7205.18087163149
7101.29049843443
6903.37285231048
6593.67470871239
6209.67569577933
5740.19800658327
5224.03623544853
4656.58782407374
4083.87994239046
3498.02222476775
2942.41145737056
2421.65017986298
1968.61455628637
1577.38667433042
1292.67812724422
1094.10549174757
1011.91484745283
1030.98307610417
1174.32356959456
1401.82734825961
1742.42563393985
2155.35198485866
2643.89420020796
3173.20354877013
3752.48558856092
4327.16563328974
4906.44913694958
5449.56925594251
5955.86835525743
6383.2642389077
6742.27717990948
6999.37275901067
7162.44115716346
7205.18087163149
7153.23568092963
6977.0166138943
6710.71558772699
6345.12735474652
5907.86854122205
5397.62432135754
4852.53168307645
4271.93319452711
3694.6231063942
3121.2588810707
2594.57969104817
2107.35256989763
1703.63161176737
1374.8688041067
1149.99513519969
1027.03792530801
1015.20247304699
1108.57104610678
1319.63666817678
1615.52316327507
2010.69622532635
2472.93725371177
2995.01363446712
3553.25457141168
4138.45482914069
4714.45043064045
5275.323616519
5791.48545625422
6252.41529136308
6631.81161997928
6927.70159318769
7117.0713125041
7205.83840574377
7180.19457634306
7049.34532410758
6809.34557299566
6477.29140196063
6059.75838517051
5576.47273303055
5035.32503097153
4469.84946556925
3885.30631308428
3310.6268090812
2761.59151323436
2265.15888021624
1826.5889443811
1472.84010383291
1212.46003599794
1057.28408195643
1004.68207119745
1069.11953489975
1236.78847253754
1509.66153559615
1868.01307785036
2311.84325510635
2814.85119954716
3364.54407933548
3939.22364767601
4523.10934122909
5091.87262999764
5624.47250472082
6103.15549502015
6516.08583322413
6837.61950738218
7067.75627103817
7188.74251925363
7201.23566698555
7101.94803233895
6900.08518475942
6599.59250501255
6207.04556698662
5740.85553794503
5222.06364400118
4661.84806070724
4078.61971268948
3499.33728056766
2939.12382147605
2424.93781266375
1964.66939996158
1581.98935391332
1289.39050037286
1098.70816810313
1011.25732233576
1035.58575205992
1169.72089275344
1406.43002663612
1736.50790159255
2157.98208989924
2643.23667339032
3177.14871362034
3745.2527779046
4330.45327867194
4905.13407701525
5452.8569102636
5950.60810135998
6389.83956417878
6740.30458031269
7003.9754949559
7162.44115716346
7212.41374693926
7146.00280692671
6977.0166138943
6706.77038890891
6348.41501701242
5906.55347791154
5401.56950601974
4851.87415319453
4274.56331050242
3691.33546557314
3123.23146329261
2590.63453050436
2109.98267472761
1698.37140555115
1376.18385501631
1146.70750899373
1027.03792530801
1013.88742280756
1114.48877297377
1315.03399038235
1619.46831743031
2008.06612092674
2476.22488680841
2993.69857997566
3554.56962736044
4135.82471396551
4716.4230196405
5274.00855538301
5792.80051915845
6252.41529136308
6635.75681793693
6923.75639184465
7121.01651613944
7206.49593985738
7180.85211040519
7044.74258753458
6810.0031063267
6476.63386926445
6059.10085324287
5573.84260872844
5040.58527240852
4468.53440699396
3884.64878465227
3308.6542261331
2764.87914804035
2263.84382745635
1826.5889443811
1472.18257828408
1213.77508660023
1054.65398132851
1005.99712142041
1069.11953489975
1237.4459978611
1507.03143326016
1871.30070760781
2309.87067581011
2816.82378062249
3364.54407933548
3942.51129023207
4522.45181185988
5092.53016026537
5624.47250472082
6107.75821909594
6513.45570215483
6840.90717432451
7066.44120336637
7190.05758741351
7199.26306468041
7103.26310015189
6900.08518475942
6598.93497208531
6207.04556698662
5742.82813203722
5220.74858304172
4662.50559029102
4079.27724139877
3503.28244798858
2939.78134865332
2424.28028610209
1963.35434785893
1582.64687957064
1288.73297500045
1096.07806732493
1010.59979721928
1036.90080233831
1169.06336749285
1406.43002663612
1739.13800485127
2157.32456363801
2641.26409294206
3177.14871362034
3746.56783437936
4330.45327867194
4904.47654704965
5453.51444113116
5949.95056962808
6389.83956417878
6740.96211351035
7003.9754949559
7159.15348705035
7209.126076325
7146.00280692671
6980.30428219987
6707.4279220421
6349.07254946926
5902.60828800801
5401.56950601974
4849.90156355504
4275.87836849593
3689.36288109136
3123.88899070159
2591.29205725972
2110.6402009369
1697.71387977714
1376.84138047206
1148.6800847155
1026.38040017738
1011.91484745283
1114.48877297377
1315.69151577968
1618.81079173612
2009.38117312513
2474.90983356747
2992.3835254875
3555.22715533616
4134.50965638366
4717.08054930924
5271.37843312414
5793.4580506123
6251.75775908471
6633.12668596015
6926.38652606819
7120.35898219694
7204.52333752053
7178.87950822275
7046.7151889152
6810.0031063267
6476.63386926445
6059.10085324287
5572.52754658415
5039.92774222516
4468.53440699396
3883.99125622119
3309.31175378161
2763.56409411557
2262.52877469942
1825.93141847499
1474.81268048325
1211.80251069771
1053.33893101811
1006.65464653277
1070.43458523869
1237.4459978611
1507.68895884319
1868.67060380047
2312.50078153991
2816.16625359658
3363.22902389424
3940.53870469563
4521.79428249168
5091.21509973097
5626.44509820705
6105.78562305631
6513.45570215483
6840.90717432451
7066.44120336637
7187.42745109904
7199.26306468041
7102.60556624476
6899.42765125307
6596.30484038886
6207.04556698662
5745.45825750954
5222.06364400118
4660.53300154275
4081.24982753235
3500.6523363711
2939.78134865332
2422.96523298102
1964.66939996158
1582.64687957064
1288.07544962866
1095.42054213188
1011.91484745283
1034.92822692161
1169.72089275344
1407.08755212102
1739.13800485127
2156.00951111772
2640.60656612754
3174.51860371682
3745.91030614152
4329.79574959354
4903.81901708511
5452.8569102636
5953.23822829932
6388.52449911477
6742.27717990948
7003.31796124555
7160.46855509165
7208.46854220611
7144.68773894327
6978.98921487376
6706.77038890891
6346.44241964922
5905.89594625803
5402.88456758266
4850.55909343383
4275.22083949869
3690.02040925105
3124.54651811141
2588.66195024292
2109.98267472761
1699.02893132583
1375.52632956119
1149.33760995729
1028.35297557103
1015.85999816759
1111.85867213799
1315.69151577968
1620.12584312516
2008.06612092674
2472.93725371177
2992.3835254875
3553.91209938561
4135.16718517411
4717.08054930924
5273.35102481665
5792.80051915845
6253.07282364265
6633.12668596015
6926.38652606819
7120.35898219694
7202.55073519558
1993.60054693084
5.90206052690478
6.55958483478997
5.90206052690478
6.55958483478997
7.21710914314488
8.53215776126459
9.84720638126452
9.18968207102955
8.53215776126459
9.84720638126452
5.24453621948939
7.21710914314488
5.24453621948939
5.24453621948939
5.90206052690478
6.55958483478997
7.21710914314488
9.18968207102955
9.18968207102955
9.18968207102955
8.53215776126459
7.87463345196976
7.21710914314488
5.90206052690478
5.24453621948939
5.90206052690478
6.55958483478997
8.53215776126459
8.53215776126459
7.87463345196976
9.84720638126452
9.84720638126452
6.55958483478997
5.90206052690478
5.90206052690478
4.58701191254363
5.24453621948939
5.90206052690478
7.21710914314488
8.53215776126459
8.53215776126459
8.53215776126459
9.18968207102955
7.87463345196976
6.55958483478997
7.21710914314488
3.92948760606743
5.90206052690478
5.90206052690478
7.87463345196976
7.87463345196976
9.84720638126452
9.18968207102955
7.87463345196976
5.90206052690478
7.21710914314488
5.90206052690478
5.90206052690478
5.90206052690478
7.87463345196976
7.87463345196976
9.18968207102955
8.53215776126459
7.87463345196976
8.53215776126459
7.21710914314488
6.55958483478997
6.55958483478997
5.24453621948939
5.24453621948939
7.21710914314488
9.84720638126452
8.53215776126459
8.53215776126459
7.87463345196976
9.18968207102955
5.90206052690478
6.55958483478997
5.90206052690478
5.90206052690478
5.24453621948939
7.87463345196976
7.87463345196976
9.18968207102955
9.18968207102955
10.5047306919697
7.87463345196976
5.90206052690478
5.24453621948939
5.24453621948939
4.58701191254363
6.55958483478997
8.53215776126459
7.21710914314488
9.18968207102955
9.84720638126452
9.18968207102955
8.53215776126459
7.21710914314488
