9.18968207102955
1608.94790640248
1605.66027799091
1600.40007256666
1596.45491852613
1592.50976450927
1586.59203352836
1581.33182825665
1571.46894348532
1560.94853322498
1551.74317438446
1540.56523882146
1528.07225223846
1515.57926589001
1498.48360073969
1484.01803826147
1468.89495054958
1453.11433764751
1437.99125062942
1418.92301095795
1402.48487374007
1382.10158414084
1364.34839692071
1346.59521016012
1329.49954926802
1309.11626183447
1289.39050037286
1270.32226482503
1251.91155513512
1233.500845929
1217.72023842181
1199.30953010965
1182.21387282007
1161.83058966646
1148.0225594743
1132.24195386696
1120.40649988942
1103.31084448805
1089.50281542132
1075.03726144373
1064.51685873222
1055.3115064846
1045.44862920558
1037.5583274784
1030.32555097
1021.12019915361
1016.51752328878
1013.22989768873
1009.28474698809
1009.28474698809
1005.99712142041
1008.62722187338
1007.31217164572
1011.91484745283
1017.17504841056
1023.75029966078
1027.03792530801
1034.92822692161
1041.50347833133
1053.33893101811
1063.201808404
1076.3523117934
1086.87271467662
1098.70816810313
1113.83124776392
1129.6118529662
1146.04998375436
1161.83058966646
1176.95367066
1194.04932782278
1212.46003599794
1231.52826997125
1249.93897912564
1269.00721411681
1285.44534814773
1305.1711094973
1324.23934600184
1343.9651084568
1363.69087147694
1381.44405868003
1397.88219539022
1414.9778579894
1432.07352101878
1449.82671000607
1467.57989946029
1484.01803826147
1495.85349844769
1512.2916379425
1522.81204743161
1539.90771320597
1549.77059750671
1562.26358449837
1569.49636654875
1577.38667433042
1584.61945654655
1594.48234151474
1599.08502121719
1603.03017527352
1605.00275231058
1605.00275231058
1606.31780367191
1605.66027799091
1606.31780367191
1603.68770095188
1598.42749554343
1592.50976450927
1585.9345078671
1579.35925129058
1572.78399477965
1562.92111013604
1551.08564875789
1537.93513636341
1526.75720103285
1514.92174029921
1500.45617746549
1486.64814050701
1469.5524760952
1452.45681211794
1436.67619960036
1419.58053645494
1403.79992470288
1384.73168599041
1365.66344781012
1345.93768473335
1326.86944762992
1309.11626183447
1291.36307649381
1273.60989160641
1252.56908047284
1234.15837124948
1215.74766250826
1199.96705539825
1182.87139809282
1165.11821594208
1148.0225594743
1130.26937819048
1117.77639903201
1103.31084448805
1092.13291617559
1078.32488732236
1063.85933356781
1053.33893101811
1044.13357891179
1035.58575205992
1031.64060123893
1022.43524940601
1016.51752328878
1010.59979721928
1010.59979721928
1008.62722187338
1009.94227210339
1007.31217164572
1008.62722187338
1011.91484745283
1014.54494792698
1021.77772427952
1029.01050070343
1035.58575205992
1042.16100347556
1052.68140586381
1062.54428324078
1076.3523117934
1088.84529023425
1101.99579408936
1113.83124776392
1127.63927729695
1145.39245851558
1161.83058966646
1178.92624646546
1195.36437839084
1211.1449853981
1228.89816870286
1250.59650446151
1269.00721411681
1289.39050037286
1305.82863488527
1322.92429519155
1341.33500676353
1363.03334603381
1382.75910960228
1400.51229730061
1414.32033249687
1433.3885720389
1449.82671000607
1468.89495054958
1482.70298714257
1499.79865188958
1510.31906118176
1524.12709862942
1536.6200851383
1549.11307188209
1560.94853322498
1571.46894348532
1577.38667433042
1585.27698220649
1589.87966184452
1599.7425468916
1603.03017527352
1606.31780367191
1605.66027799091
1605.66027799091
1606.31780367191
1606.31780367191
1604.3452266309
1599.7425468916
1593.16729017711
1585.27698220649
1578.70172563654
1570.81141783914
1562.92111013604
1551.08564875789
1539.25018759113
1526.09967543102
1514.26421470906
1500.45617746549
1484.67556382189
1469.5524760952
1452.45681211794
1436.01867408679
1420.23806195256
1403.79992470288
1385.38921145438
1365.66344781012
1346.59521016012
1326.21192222196
1309.77378722618
1291.36307649381
1272.294840892
1252.56908047284
1232.18579528989
1215.09013720497
1198.65200482165
1181.55634754793
1165.11821594208
1147.36503423372
1130.92690341537
1117.11887381916
1103.96836968829
1091.47539098612
1079.63993767799
1064.51685873222
1053.99645617301
1043.47605376579
1038.21585261907
1030.98307610417
1023.75029966078
1017.17504841056
1012.57237257048
1009.94227210339
1009.28474698809
1007.96969675926
1009.94227210339
1008.62722187338
1010.59979721928
1015.85999816759
1022.43524940601
1029.01050070343
1036.90080233831
1044.13357891179
1052.02388071009
1062.54428324078
1076.3523117934
1088.18776504778
1101.33826889092
1113.17372255468
1128.29680251943
1146.04998375436
1162.48811492037
1180.24129700548
1195.36437839084
1212.46003599794
1230.21321933583
1250.59650446151
1270.32226482503
1288.73297500045
1305.1711094973
1322.92429519155
1341.33500676353
1363.03334603381
1381.44405868003
1399.19724634414
1417.60795996589
1431.41599550968
1449.82671000607
1466.9223739166
1484.67556382189
1499.79865188958
1511.63411235494
1522.81204743161
1535.96255952671
1549.77059750671
1561.60605886135
1570.81141783914
1578.04419998315
1583.96193088725
1591.8522388421
1597.76996987034
1603.68770095188
1605.66027799091
1607.63285503587
1606.31780367191
1605.66027799091
1606.31780367191
1604.3452266309
1598.42749554343
1592.50976450927
1585.27698220649
1578.70172563654
1570.15389219362
1563.57863577437
1552.40070001168
1540.56523882146
1526.09967543102
1512.94916353071
1501.77122861925
1487.30566607001
1470.21000164145
1452.45681211794
1435.36114857386
1418.2654854616
1401.82734825961
1385.38921145438
1366.32097325578
1346.59521016012
1325.55439681463
1309.11626183447
1290.70555111954
1272.9523662489
1253.22660581119
1233.500845929
1213.77508660023
1198.65200482165
1180.8988222764
1166.43326645658
1148.0225594743
1132.24195386696
1115.14629818421
1104.62589488913
1090.16034060899
1078.98241249988
1064.51685873222
1054.65398132851
1042.81852862038
1038.21585261907
1029.01050070343
1025.0653499179
1016.51752328878
1011.91484745283
1007.31217164572
1009.28474698809
1007.31217164572
1009.94227210339
1009.94227210339
1013.22989768873
1015.20247304699
1021.77772427952
1029.01050070343
1038.21585261907
1042.16100347556
1053.33893101811
1061.22923291612
1077.00983696912
1089.50281542132
1102.6533192884
1113.17372255468
1129.6118529662
1144.07740803985
1162.48811492037
1177.61119592788
1197.33695424749
1212.46003599794
1230.87074465323
1247.96640312171
1269.00721411681
1287.4179242575
1308.45873644338
1323.58182059638
1343.30758303254
1359.7457188276
1382.75910960228
1398.53972086686
1418.92301095795
1432.07352101878
1451.14176106072
1463.63474620781
1484.67556382189
1497.82607516572
1512.94916353071
1523.46957303019
1536.6200851383
1547.79802063483
1560.94853322498
1570.81141783914
1580.67430260064
1584.61945654655
1593.16729017711
1596.45491852613
1603.03017527352
1606.31780367191
1608.94790640248
1607.63285503587
1606.31780367191
1603.68770095188
1603.03017527352
1600.40007256666
1594.48234151474
1586.59203352836
1578.70172563654
1569.49636654875
1562.26358449837
1552.40070001168
1541.2227644376
1526.75720103285
1512.94916353071
1498.48360073969
1486.64814050701
1470.21000164145
1453.77186317771
1436.67619960036
1418.92301095795
1399.85477182206
1384.07416052707
1366.32097325578
1347.91026101555
1327.52697303851
1307.80121105292
1289.39050037286
1272.294840892
1255.85670717074
1235.47342189228
1215.74766250826
1196.67942896133
1180.8988222764
1164.46069068574
1149.33760995729
1132.89947909366
1117.77639903201
1101.99579408936
1090.16034060899
1078.32488732236
1067.14695939581
1055.3115064846
1044.13357891179
1034.92822692161
1029.66802583642
1023.75029966078
1019.14762377944
1013.22989768873
1009.28474698809
1006.65464653277
1007.96969675926
1009.28474698809
1011.25732233576
1013.22989768873
1016.51752328878
1019.14762377944
1027.69545043922
1035.58575205992
1045.44862920558
1054.65398132851
1062.54428324078
1073.72221109645
1086.21518949194
1101.99579408936
1117.11887381916
1128.95432774251
1144.73493327741
1159.20048865688
1175.63862012606
1196.02190367578
1214.43261190229
1232.84332060914
1249.93897912564
1267.03463805913
1285.44534814773
1307.14368566308
1326.21192222196
1345.2801593072
1360.40324426758
1379.47148230139
1397.88219539022
1416.29290897637
1434.70362306157
1453.11433764751
1466.26484837356
1482.70298714257
1497.1685495924
1512.94916353071
1526.75720103285
1539.25018759113
1549.77059750671
1558.97595631981
1568.18131526097
1579.35925129058
1587.90708485285
1593.8248158456
1595.79739285501
1599.7425468916
1604.3452266309
1607.63285503587
1609.60543208677
1608.29038071885
1605.66027799091
1601.71512391877
1597.76996987034
1593.16729017711
1587.90708485285
1581.33182825665
1570.15389219362
1560.29100758927
1551.74317438446
1540.56523882146
1528.72977784224
1514.26421470906
1500.45617746549
1482.70298714257
1469.5524760952
1454.42938870856
1438.64877614491
1419.58053645494
1400.51229730061
1381.44405868003
1365.66344781012
1347.91026101555
1330.81460009082
1310.43131261852
1290.04802574589
1270.97979018007
1253.22660581119
1236.78847253754
1219.03528903391
1199.96705539825
1178.92624646546
1163.14564017489
1149.33760995729
1133.55700432096
1119.09144945951
1103.31084448805
1088.84529023425
1076.3523117934
1067.14695939581
1055.96903164128
1047.42120465071
1036.90080233831
1028.35297557103
1021.12019915361
1017.83257353293
1013.88742280756
1011.91484745283
1008.62722187338
1006.65464653277
1005.99712142041
1009.28474698809
1014.54494792698
1017.83257353293
1021.12019915361
1025.72287504734
1034.92822692161
1044.79110405839
1055.3115064846
1065.17438389723
1075.03726144373
1086.21518949194
1100.02321849582
1117.11887381916
1131.58442864086
1146.70750899373
1160.51553916046
1176.95367066
1194.7068531065
1213.77508660023
1232.84332060914
1252.56908047284
1268.34968876363
1286.76039888695
1304.51358410995
1324.89687140792
1345.2801593072
1363.69087147694
1381.44405868003
1397.22466991421
1414.9778579894
1433.3885720389
1452.45681211794
1469.5524760952
1484.01803826147
1495.85349844769
1510.31906118176
1523.46957303019
1539.90771320597
1549.77059750671
1560.94853322498
1567.52378961807
1575.41409737616
1584.61945654655
1593.16729017711
1599.7425468916
1605.00275231058
1604.3452266309
1605.66027799091
1606.31780367191
1608.29038071885
1606.31780367191
1604.3452266309
1597.76996987034
1593.16729017711
1583.96193088725
1580.01677694528
1572.78399477965
1563.57863577437
1551.08564875789
1538.59266197695
1526.09967543102
1514.26421470906
1500.45617746549
1486.64814050701
1468.23742500461
1450.48423553308
1435.36114857386
1420.23806195256
1402.48487374007
1385.38921145438
1363.69087147694
1345.93768473335
1324.89687140792
1311.74636340506
1290.70555111954
1273.60989160641
1253.22660581119
1234.81589657057
1215.09013720497
1199.30953010965
1182.21387282007
1167.09079171474
1147.36503423372
1130.92690341537
1117.11887381916
1104.62589488913
1090.16034060899
1078.98241249988
1065.17438389723
1053.33893101811
1044.79110405839
1037.5583274784
1030.98307610417
1023.75029966078
1016.51752328878
1011.91484745283
1009.28474698809
1008.62722187338
1008.62722187338
1009.94227210339
1008.62722187338
1011.25732233576
1014.54494792698
1023.0927745331
1029.01050070343
1036.90080233831
1042.81852862038
1052.68140586381
1061.22923291612
1077.00983696912
1088.84529023425
1101.33826889092
1115.80382339526
1128.95432774251
1144.73493327741
1161.83058966646
1180.24129700548
1197.33695424749
1215.09013720497
1230.21321933583
1249.28145379038
1267.03463805913
1288.07544962866
1307.14368566308
1326.86944762992
1342.65005760891
1361.06076970819
1380.12900776031
1401.16982277979
1418.2654854616
1434.70362306157
1449.82671000607
1466.26484837356
1482.04546158408
1498.48360073969
1514.26421470906
1525.44214982984
1537.93513636341
1547.14049501217
1559.63348195421
1569.49636654875
1581.33182825665
1587.90708485285
1589.87966184452
1598.42749554343
1599.7425468916
1605.66027799091
1608.94790640248
1606.31780367191
1606.97532935356
1604.3452266309
1601.71512391877
1600.40007256666
1594.48234151474
1587.90708485285
1577.38667433042
1570.15389219362
1562.26358449837
1551.08564875789
1541.88029005439
1527.41472663533
1512.2916379425
1499.14112631431
1484.01803826147
1471.5250527359
1453.77186317771
1438.64877614491
1418.2654854616
1400.51229730061
1383.41663506436
1365.66344781012
1347.91026101555
1328.84202385755
1309.11626183447
1289.39050037286
1269.66473947061
1253.22660581119
1236.78847253754
1217.72023842181
1199.96705539825
1180.8988222764
1161.17306441316
1149.99513519969
1132.89947909366
1120.40649988942
1102.6533192884
1088.18776504778
1076.3523117934
1066.48943422902
1056.62655679856
1045.44862920558
1037.5583274784
1026.38040017738
1022.43524940601
1017.17504841056
1015.85999816759
1009.94227210339
1007.96969675926
1006.65464653277
1007.31217164572
1011.91484745283
1012.57237257048
1016.51752328878
1021.77772427952
1024.40782478904
1036.90080233831
1042.81852862038
1055.96903164128
1063.201808404
1075.69478661827
1086.21518949194
1101.99579408936
1115.14629818421
1132.24195386696
1146.70750899373
1159.85801390837
1178.26872119636
1194.7068531065
1213.77508660023
1232.18579528989
1250.59650446151
1267.03463805913
1287.4179242575
1303.85605872323
1326.86944762992
1345.93768473335
1361.06076970819
1378.81395684311
1397.22466991421
1418.2654854616
1434.70362306157
1451.14176106072
1466.9223739166
1481.38793602624
1494.53844730556
1513.60668911956
1523.46957303019
1541.2227644376
1549.11307188209
1561.60605886135
1567.52378961807
1579.35925129058
1583.96193088725
1595.13986718455
1595.79739285501
1603.03017527352
1603.68770095188
1606.97532935356
1608.29038071885
1608.29038071885
1605.66027799091
1602.37264959582
1596.45491852613
1593.8248158456
1587.90708485285
1581.98935391332
1571.46894348532
1561.60605886135
1549.11307188209
1539.90771320597
1528.07225223846
1514.26421470906
1501.77122861925
1484.01803826147
1469.5524760952
1451.14176106072
1437.99125062942
1421.55311294972
1403.79992470288
1383.41663506436
1364.34839692071
1346.59521016012
1328.18449844772
1310.43131261852
1292.02060186871
1271.63731553572
1252.56908047284
1233.500845929
1217.72023842181
1199.96705539825
1183.52892336618
1162.48811492037
1146.70750899373
1131.58442864086
1119.74897467416
1104.62589488913
1091.47539098612
1077.00983696912
1063.201808404
1054.65398132851
1045.44862920558
1040.18842804465
1029.66802583642
1022.43524940601
1015.85999816759
1012.57237257048
1010.59979721928
1009.94227210339
1009.28474698809
1007.96969675926
1009.28474698809
1011.25732233576
1018.49009865589
1020.4626740283
1030.98307610417
1034.27070178389
1044.79110405839
1051.36635555697
1064.51685873222
1075.69478661827
1090.81786579726
1101.33826889092
1115.80382339526
1127.63927729695
1144.73493327741
1161.83058966646
1180.24129700548
1196.67942896133
1213.11756129878
1231.52826997125
1247.96640312171
1269.66473947061
1287.4179242575
1307.80121105292
1324.23934600184
1343.30758303254
1361.06076970819
1382.10158414084
1399.85477182206
1418.92301095795
1432.73104652852
1449.82671000607
1466.9223739166
1482.70298714257
1498.48360073969
1513.60668911956
1526.09967543102
1537.27761075053
1547.14049501217
1560.29100758927
1570.81141783914
1580.01677694528
1585.9345078671
1591.8522388421
1596.45491852613
1600.40007256666
1605.66027799091
1608.94790640248
1608.29038071885
1606.97532935356
1604.3452266309
1601.71512391877
1600.40007256666
1595.13986718455
1587.24955919028
1578.70172563654
1568.18131526097
1561.60605886135
1549.77059750671
1542.53781567183
1527.41472663533
1514.26421470906
1499.14112631431
1484.67556382189
1470.86752718835
1453.11433764751
1437.99125062942
1418.92301095795
1400.51229730061
1383.41663506436
1366.97849870206
1347.91026101555
1329.49954926802
1308.45873644338
1290.04802574589
1269.00721411681
1253.22660581119
1234.81589657057
1218.37776372755
1200.62458068747
1180.24129700548
1163.14564017489
1147.36503423372
1134.87205477737
1119.74897467416
1103.96836968829
1089.50281542132
1077.66736214544
1063.85933356781
1056.62655679856
1046.76367950174
1037.5583274784
1027.03792530801
1022.43524940601
1017.17504841056
1012.57237257048
1010.59979721928
1009.94227210339
1009.28474698809
1007.31217164572
1007.31217164572
1013.22989768873
1017.17504841056
1023.0927745331
1027.69545043922
1036.24327719882
1040.84595318769
1053.33893101811
1065.17438389723
1077.66736214544
1087.5302398619
1101.99579408936
1112.51619734603
1128.95432774251
1147.36503423372
1161.17306441316
1179.58377173517
1195.36437839084
1211.80251069771
1230.87074465323
1249.28145379038
1269.00721411681
1288.73297500045
1304.51358410995
1324.23934600184
1341.99253218591
1360.40324426758
1382.10158414084
1399.85477182206
1418.2654854616
1434.04609754991
1450.48423553308
1464.9497972894
1485.33308938295
1498.48360073969
1513.60668911956
1524.12709862942
1537.27761075053
1549.77059750671
1559.63348195421
1568.83884090453
1580.01677694528
1586.59203352836
1590.53718750972
1597.11244419791
1601.05759824239
1605.66027799091
1608.29038071885
1609.60543208677
2.61443899452352
5.90206052690478
6.55958483478997
7.87463345196976
7.87463345196976
11.8197793147911
4.58701191254363
5.90206052690478
6.55958483478997
10.5047306919697
7.87463345196976
10.5047306919697
8.53215776126459
5.24453621948939
6.55958483478997
7.21710914314488
7.87463345196976
11.8197793147911
7.21710914314488
4.58701191254363
5.90206052690478
7.21710914314488
5.90206052690478
9.84720638126452
9.84720638126452
4.58701191254363
5.24453621948939
7.87463345196976
6.55958483478997
9.84720638126452
9.84720638126452
8.53215776126459
3.27196330006074
4.58701191254363
7.21710914314488
11.1622550031452
7.21710914314488
9.84720638126452
7.21710914314488
3.27196330006074
8.53215776126459
5.24453621948939
10.5047306919697
7.21710914314488
6.55958483478997
7.87463345196976
5.90206052690478
7.21710914314488
11.1622550031452
7.87463345196976
7.87463345196976
8.53215776126459
2.61443899452352
10.5047306919697
7.87463345196976
8.53215776126459
9.84720638126452
5.24453621948939
7.21710914314488
4.58701191254363
11.8197793147911
7.87463345196976
9.18968207102955
7.87463345196976
5.24453621948939
6.55958483478997
6.55958483478997
7.21710914314488
10.5047306919697
7.21710914314488
5.90206052690478
5.90206052690478
4.58701191254363
11.1622550031452
7.87463345196976
11.8197793147911
3.92948760606743
8.53215776126459
5.90206052690478
7.21710914314488
11.1622550031452
7.87463345196976
8.53215776126459
6.55958483478997
5.24453621948939
7.21710914314488
10.5047306919697
5.24453621948939
9.84720638126452
3.92948760606743
5.24453621948939
7.21710914314488
7.21710914314488
10.5047306919697
9.84720638126452
6.55958483478997
5.90206052690478
7.21710914314488
6.55958483478997
10.5047306919697
3007.50665230031
2999.61632521317
2993.04105273117
2973.31523577865
2962.79480037278
2935.83618560195
2918.08295223421
2890.46681261905
2856.27540364805
2822.74152389182
2780.65979538628
2740.55065094663
2697.81140192232
2651.12699525369
2605.75764607404
2549.86787318312
2495.29315914484
2440.06092379081
2381.54106121135
2323.67873102419
2263.18630107752
2205.98150893033
2144.17403856535
2075.79131283286
2015.29890805287
1951.5188790612
1892.34153846461
1831.19162574306
1766.09656387645
1708.8918180265
1642.48171714367
1595.13986718455
1531.35988026385
1484.67556382189
1425.49826595648
1376.84138047206
1322.26676978735
1286.10287351703
1241.39114981535
1206.54230831793
1167.09079171474
1135.52958000648
1101.99579408936
1080.95498803601
1057.94160711489
1048.07872980027
1021.77772427952
1021.12019915361
1002.70949586743
1010.59979721928
1008.62722187338
1017.17504841056
1021.12019915361
1040.18842804465
1047.42120465071
1077.66736214544
1093.44796655631
1132.24195386696
1157.22791290606
1197.99447953427
1230.21321933583
1269.66473947061
1315.03399038235
1367.63602414898
1411.03270504377
1470.86752718835
1512.94916353071
1576.72914867834
1626.70110011001
1696.39882823112
1750.97346964917
1814.75347817585
1872.61575951563
1935.08072832929
1996.88817735447
2061.9832633852
2126.42083017564
2188.22829870004
2248.06319456747
2307.89809652054
2365.76042513147
2425.59533922617
2482.80015305884
2540.00497266402
2589.31947699596
2637.31893206665
2684.00333756559
2730.03022010748
2772.76947165594
2814.19367252365
2847.72755174661
2879.94637885649
2906.90499078873
2934.52113125803
2956.87705554918
2975.94534466293
2990.41094376142
2998.30127071018
3003.56148874191
3004.21901599958
3005.5340705174
3002.24643422903
2993.69857997566
2978.57545356035
2959.50716435148
2937.80876712396
2915.45284363765
2889.15175838738
2860.22056611008
2822.74152389182
2783.28990332192
2737.92054321782
2697.81140192232
2652.44204890854
2603.78506575905
2553.81303343929
2493.97810585964
2440.06092379081
2382.85611423751
2323.67873102419
2269.76156489903
2202.03635105545
2142.2014598294
2079.07894370015
2013.32632973726
1952.17640509956
1891.68401248961
1827.90399619538
1770.0417189512
1705.60418910951
1647.08439718374
1589.87966184452
1533.98998269587
1478.1003082467
1428.78589347966
1376.84138047206
1328.18449844772
1282.15772131053
1244.67877646082
1204.56973243561
1168.40584223287
1133.55700432096
1104.62589488913
1080.95498803601
1060.57170775469
1040.18842804465
1029.01050070343
1013.88742280756
1007.96969675926
1004.02454608686
1012.57237257048
1015.20247304699
1027.03792530801
1033.61317664676
1051.36635555697
1073.06468592371
1100.68074369307
1128.95432774251
1162.48811492037
1192.07675197528
1231.52826997125
1270.97979018007
1318.9791427757
1365.0059223651
1414.32033249687
1464.9497972894
1517.5518426663
1572.12646913216
1631.96130574552
1692.45367360915
1752.2885213069
1811.46584871372
1871.95823356137
1934.4232023091
1998.86075561711
2063.29831569999
2127.07835640292
2186.25571981834
2247.4056682063
2305.92551723766
2369.04805761251
2424.93781266375
2484.11520631808
2536.05981250486
2587.34689673917
2636.66140525682
2683.34581070011
2732.00280087437
2774.74205257776
2811.56356443764
2848.38507881111
2877.31627044825
2908.22004506423
2931.89102257998
2961.4797459618
2975.28781744063
2989.75341652104
2996.98621621049
3004.21901599958
3005.5340705174
3006.84912503852
3002.90396148506
2993.04105273117
2978.57545356035
2958.84963714967
2939.78134865332
2914.79531649055
2888.49423127277
2862.85067443424
2820.1114157641
2783.94743030782
2739.89312401324
2697.81140192232
2653.75710256652
2603.78506575905
2548.55281977056
2497.26573907835
2436.11576432776
2382.85611423751
2324.33625747113
2265.15888021624
2205.98150893033
2141.54393358552
2075.79131283286
2015.29890805287
1952.83393113863
1892.34153846461
1830.53409983215
1766.09656387645
1705.60418910951
1647.08439718374
1587.90708485285
1535.30503391578
1480.73041046904
1426.81331696384
1373.55375319961
1327.52697303851
1280.18514521566
1245.33630179177
1203.25468185045
1169.72089275344
1134.21452954886
1103.96836968829
1080.95498803601
1060.57170775469
1042.81852862038
1029.01050070343
1015.20247304699
1010.59979721928
1004.68207119745
1007.96969675926
1017.83257353293
1024.40782478904
1040.18842804465
1052.68140586381
1074.37973626979
1098.05064290768
1126.3242268538
1161.83058966646
1194.04932782278
1231.52826997125
1270.32226482503
1315.03399038235
1364.34839692071
1416.95043447081
1468.89495054958
1519.52441944842
1574.09904607659
1630.64625433267
1690.4810963072
1752.94604713678
1811.46584871372
1875.24586333954
1933.1081502708
1998.86075561711
2060.01068491836
2125.76330394908
2185.5981935259
2250.69330001953
2308.55562294966
2366.41795162618
2423.62275954118
2483.45767968808
2538.03239258098
2591.94958401586
2638.63398568867
2683.34581070011
2729.37269318677
2771.45441771204
2812.22109145794
2849.04260587642
2882.57648727769
2906.90499078873
2933.20607691737
2954.90447395605
2975.94534466293
2991.06847100262
3001.58890697383
3004.21901599958
3006.19159777755
3004.21901599958
3000.93137971945
2994.35610722098
2979.23298078676
2963.4523275795
2937.15123994914
2914.13778934425
2885.86412282241
2860.22056611008
2822.74152389182
2785.26248428203
2741.20817788081
2697.15387504031
2649.81194160197
2601.81248545105
2551.84045330773
2497.92326572439
2440.71845037063
2384.17116726667
2321.04862524386
2262.52877469942
2205.32398261603
2143.51651231931
2081.0515222291
2013.98385584176
1950.86135302353
1887.73885665415
1828.56152210354
1768.72666725691
1708.23429224176
1647.08439718374
1589.87966184452
1531.35988026385
1478.75783380132
1429.4434189862
1377.49890592845
1331.47212550317
1282.15772131053
1241.39114981535
1202.59715655879
1169.72089275344
1136.84463046651
1107.91352090234
1080.2974628567
1058.59913227395
1040.84595318769
1028.35297557103
1019.14762377944
1013.22989768873
1007.31217164572
1007.96969675926
1013.22989768873
1023.75029966078
1038.21585261907
1054.65398132851
1075.03726144373
1097.39311771283
1125.66670163313
1157.88543815573
1195.36437839084
1234.15837124948
1274.26741696455
1317.66409197542
1361.71829514944
1411.03270504377
1464.9497972894
1520.18194504376
1575.41409737616
1631.96130574552
1689.16604477591
1749.65841799415
1811.46584871372
1874.58833738252
1938.36835844074
1998.86075561711
2061.32573722887
2123.13319905005
2184.94066723418
2250.69330001953
2309.87067581011
2369.04805761251
2424.93781266375
2480.82757317571
2535.40228581436
2587.34689673917
2639.9490393138
2688.60602564593
2730.68774702899
2771.45441771204
2809.59098338154
2847.07002468291
2881.91896017117
2910.850153625
2936.49371277514
2953.58941956473
2973.97276299849
2987.78083480483
2998.95879796126
3006.19159777755
3008.82170682638
3004.87654325808
2998.95879796126
2989.75341652104
2979.89050801399
2964.10985478703
2942.41145737056
2916.7678979343
2886.52164993378
2854.30282242793
2818.79636170505
2783.94743030782
2743.18075868813
2699.78398257306
2649.81194160197
2599.18237838459
2549.21034647645
2497.26573907835
2441.37597695121
2385.48622029883
2325.65131036725
2263.84382745635
2201.37882474552
2140.88640734237
2081.0515222291
2016.61396026682
1955.46403530189
1887.73885665415
1825.93141847499
1764.78151219029
1707.57676645769
1648.39944862973
1594.48234151474
1532.01740587088
1477.44278269272
1424.84074045376
1376.84138047206
1330.81460009082
1286.10287351703
1243.36372580078
1201.93963126774
1165.77574119903
1133.55700432096
1107.91352090234
1082.27003839641
1060.57170775469
1039.5309029022
1023.0927745331
1016.51752328878
1009.94227210339
1009.94227210339
1011.91484745283
1014.54494792698
1021.12019915361
1035.58575205992
1052.68140586381
1077.00983696912
1100.02321849582
1130.26937819048
1156.570387657
1192.73427725717
1230.87074465323
1274.26741696455
1318.32161737524
1366.32097325578
1413.00528151372
1463.63474620781
1517.5518426663
1574.75657172605
1633.27635716101
1693.76872514713
1751.6309954777
1811.46584871372
1871.30070760781
1935.73825435019
2000.8333338861
2063.95584185846
2127.07835640292
2185.5981935259
2246.09061548615
2305.92551723766
2367.73300461784
2428.22544548341
2484.11520631808
2538.03239258098
2586.68936998846
2637.31893206665
2684.66086443185
2733.31785472292
2774.08452560302
2814.19367252365
2845.75497055793
2878.63132465075
2906.2474636522
2935.83618560195
2957.53458274852
2975.94534466293
2988.43836204274
2997.64374345992
3002.90396148506
3006.84912503852
3008.82170682638
3003.56148874191
2993.04105273117
2977.91792633477
2958.84963714967
2939.12382147605
2916.11037078557
2890.46681261905
2860.22056611008
2822.08399685869
2781.9748493525
2741.20817788081
2697.81140192232
2655.07215622763
2603.78506575905
2552.49798001748
2494.63563250186
2439.40339721174
2380.22600818819
2325.65131036725
2265.81640659728
2204.66645630245
2140.22888109994
2075.79131283286
2014.64138194696
1951.5188790612
1891.68401248961
1829.87657392193
1768.06914141078
1706.91924067429
1645.11182001973
1589.22213617997
1534.6475083055
1480.07288491249
1428.78589347966
1375.52632956119
1326.21192222196
1282.81524667673
1242.04867514321
1203.91220714272
1171.03594327643
1136.84463046651
1103.31084448805
1078.98241249988
1058.59913227395
1042.16100347556
1029.01050070343
1017.83257353293
1009.94227210339
1005.99712142041
1007.31217164572
1015.20247304699
1025.0653499179
1037.5583274784
1054.65398132851
1074.37973626979
1098.05064290768
1125.00917641306
1160.51553916046
1194.7068531065
1234.15837124948
1271.63731553572
1314.37646498564
1361.71829514944
1412.3477560231
1468.23742500461
1519.52441944842
1574.75657172605
1629.98872862724
1689.16604477591
1750.31594382133
1813.43842638894
1876.56091525564
1937.05330639407
1999.51828170607
2060.01068491836
2123.13319905005
2185.5981935259
2250.69330001953
2310.52820224144
2370.36311061016
2425.59533922617
2479.5125199241
2534.08723243567
2590.63453050436
2641.26409294206
2687.94849877494
2730.68774702899
2771.45441771204
2808.93345636445
2847.07002468291
2880.60390596057
2910.850153625
2935.17865842958
2954.24694675998
2972.65770855963
2987.12330756774
2998.30127071018
3006.19159777755
3009.47923409065
3007.50665230031
2998.95879796126
2989.09588928148
2977.26039911
2962.13727316688
2943.72651173408
2918.08295223421
2885.86412282241
2856.27540364805
2818.13883467673
2783.94743030782
2743.18075868813
2701.7565632309
2651.78452208073
2601.15495868327
2547.89529306543
2495.29315914484
2442.03350353256
2386.14374681605
2324.33625747113
2263.18630107752
2200.72129843632
2138.25630237699
2079.07894370015
2017.27148637485
1955.46403530189
1890.36896054168
1826.5889443811
1764.12398634823
1705.60418910951
1649.05697435372
1593.16729017711
1535.30503391578
1479.41535935658
1425.49826595648
1374.8688041067
1328.18449844772
1286.10287351703
1242.70620047169
1204.56973243561
1165.77574119903
1134.21452954886
1105.94094529261
1081.61251321591
1061.22923291612
1043.47605376579
1028.35297557103
1014.54494792698
1007.96969675926
1006.65464653277
1010.59979721928
1017.17504841056
1026.38040017738
1035.58575205992
1050.70883040445
1073.06468592371
1100.68074369307
1129.6118529662
1161.17306441316
1195.36437839084
1230.87074465323
1270.97979018007
1315.69151577968
1366.32097325578
1414.9778579894
1467.57989946029
1518.20936825969
1572.78399477965
1629.98872862724
1690.4810963072
1752.2885213069
1813.43842638894
1875.24586333954
1935.08072832929
1996.88817735447
2060.66821107326
2127.73588263092
2188.8858249954
2250.69330001953
2308.55562294966
2365.76042513147
2422.96523298102
2480.82757317571
2538.68991927455
2589.97700374977
2641.26409294206
2685.31839129889
2729.37269318677
2771.45441771204
2813.53614550094
2848.38507881111
2881.91896017117
2909.53509934299
2934.52113125803
2954.24694675998
2973.31523577865
2991.06847100262
3001.58890697383
3006.19159777755
3006.84912503852
3005.5340705174
2998.95879796126
2991.72599824465
2979.89050801399
2962.13727316688
2941.0964030103
2912.82273505411
2885.86412282241
2856.93293072304
2822.74152389182
2783.94743030782
2744.49581256364
2696.49634815909
2649.81194160197
2600.49743191627
2549.21034647645
2497.92326572439
2442.69103011465
2386.14374681605
2323.67873102419
2262.52877469942
2202.03635105545
2142.2014598294
2081.0515222291
2019.2440647032
1952.17640509956
1887.73885665415
1825.93141847499
1766.75408972055
1708.8918180265
1648.39944862973
1593.8248158456
1532.01740587088
1478.1003082467
1424.18321495168
1376.84138047206
1330.81460009082
1286.10287351703
1244.0212511305
1200.62458068747
1167.7483169735
1132.89947909366
1107.91352090234
1082.27003839641
1060.57170775469
1042.16100347556
1023.75029966078
1015.85999816759
1009.28474698809
1007.31217164572
1012.57237257048
1014.54494792698
1023.0927745331
1033.61317664676
1053.33893101811
1073.06468592371
1100.68074369307
1127.63927729695
1162.48811492037
1191.419226694
1230.87074465323
1269.66473947061
1318.32161737524
1365.66344781012
1414.9778579894
1465.60732283116
1514.92174029921
1573.44152042779
1630.64625433267
1691.13862207385
1753.60357296733
1813.43842638894
1877.21844121473
1932.4506242527
1998.20322952886
2060.66821107326
2123.79072527373
2191.51593018409
2247.4056682063
2310.52820224144
2365.76042513147
2424.93781266375
2483.45767968808
2537.37486588817
2592.60711077277
2637.97645887727
2685.31839129889
2730.03022010748
2768.82430983381
2812.87861847904
2847.72755174661
2881.26143306547
2912.16520791026
2931.2334954125
2955.56200115294
2972.65770855963
2991.06847100262
3001.58890697383
3004.21901599958
3010.79428862167
3004.21901599958
2996.98621621049
2990.41094376142
2978.57545356035
2963.4523275795
2943.72651173408
2914.13778934425
2888.49423127277
2854.30282242793
2821.42646982635
2786.57753825943
2741.86570481579
2703.07161700673
2651.12699525369
2600.49743191627
2551.18292659876
2492.00552593759
2444.6636098655
2386.80127333401
2322.36367813254
2267.13145936158
2200.06377212785
2138.25630237699
2080.39399605207
2014.64138194696
1956.12156134446
1891.0264865153
1824.61636666482
1768.06914141078
1702.974085988
1645.11182001973
1595.13986718455
1530.70235465747
1482.70298714257
1423.52568945023
1374.8688041067
1330.15707467911
1282.15772131053
1247.3088777883
1203.91220714272
1165.77574119903
1136.18710523619
1101.99579408936
1082.9275635775
1057.28408195643
1046.10615435336
1027.69545043922
1015.85999816759
1005.99712142041
1007.96969675926
1007.31217164572
1018.49009865589
1024.40782478904
1038.21585261907
1055.3115064846
1071.74963558001
1100.02321849582
1125.66670163313
1163.14564017489
1195.36437839084
1231.52826997125
1274.26741696455
1314.37646498564
1364.34839692071
1413.66280700498
1467.57989946029
1521.49699623639
1573.44152042779
1631.30378003876
1688.50851901127
1749.00089216766
1816.72605586133
1875.24586333954
1939.68341049021
1997.54570344131
2061.9832633852
2121.16062038334
2189.54335129148
2250.69330001953
2309.87067581011
2370.36311061016
2422.96523298102
2481.48509980266
2534.74475912463
2589.97700374977
2637.97645887727
2689.92107939025
2728.05763934772
2775.39957955329
2806.96087531797
2847.07002468291
2882.57648727769
2909.53509934299
2940.4388758314
2953.58941956473
2975.94534466293
2987.78083480483
2996.98621621049
3008.16417956293
3008.82170682638
3008.82170682638
2998.95879796126
2991.72599824465
2975.28781744063
2962.13727316688
2941.0964030103
2915.45284363765
2889.80928550281
2856.93293072304
2818.79636170505
2783.94743030782
2741.20817788081
2699.12645568869
2655.72968305936
2600.49743191627
2549.86787318312
2494.63563250186
2436.11576432776
2387.45879985272
2326.30883681642
2264.50135383593
2204.00892998961
2140.88640734237
2076.44883900489
2017.27148637485
1954.14898321886
1892.9990644403
1830.53409983215
1763.46646050685
1706.91924067429
1643.13924286169
1591.19471317558
1534.6475083055
1480.73041046904
1425.49826595648
1375.52632956119
1325.55439681463
1282.15772131053
1245.33630179177
1202.59715655879
1171.69346853884
1132.89947909366
1105.94094529261
1078.98241249988
1059.91418259385
1039.5309029022
1030.98307610417
1015.20247304699
1010.59979721928
1004.02454608686
1008.62722187338
1012.57237257048
1025.72287504734
1038.87337776034
1055.96903164128
1071.74963558001
1096.73559251858
1127.63927729695
1158.542963406
1196.67942896133
1234.15837124948
1270.97979018007
1316.34904117763
1365.0059223651
1411.03270504377
1466.9223739166
1520.83947063975
1574.75657172605
1631.30378003876
1688.50851901127
1750.31594382133
1811.46584871372
1875.90338929724
1939.02588446512
1999.51828170607
2062.64078954224
2121.16062038334
2186.25571981834
2248.72072092939
2309.87067581011
2369.70558411096
2426.91039235328
2481.48509980266
2533.42970574747
2586.68936998846
2642.57914657345
2687.29097190475
2732.66032779825
2774.08452560302
2810.24851039944
2846.41249762002
2877.97379754909
2911.50768076722
2934.52113125803
2956.87705554918
2973.31523577865
2985.80825309602
2998.95879796126
3004.21901599958
3011.45181588841
9.18968207102955
9.18968207102955
8.53215776126459
3.92948760606743
7.87463345196976
6.55958483478997
10.5047306919697
8.53215776126459
6.55958483478997
9.18968207102955
1.95691468945564
9.18968207102955
6.55958483478997
11.1622550031452
7.87463345196976
8.53215776126459
5.24453621948939
6.55958483478997
5.90206052690478
9.18968207102955
10.5047306919697
7.21710914314488
9.84720638126452
3.27196330006074
7.87463345196976
5.90206052690478
11.1622550031452
9.84720638126452
8.53215776126459
8.53215776126459
5.90206052690478
9.18968207102955
6.55958483478997
10.5047306919697
8.53215776126459
11.1622550031452
7.87463345196976
6.55958483478997
5.90206052690478
9.18968207102955
7.21710914314488
11.1622550031452
7.87463345196976
6.55958483478997
6.55958483478997
5.24453621948939
10.5047306919697
7.21710914314488
9.18968207102955
6.55958483478997
5.90206052690478
6.55958483478997
6.55958483478997
9.84720638126452
9.18968207102955
11.1622550031452
7.21710914314488
9.18968207102955
4.58701191254363
8.53215776126459
8.53215776126459
9.84720638126452
8.53215776126459
7.21710914314488
9.18968207102955
3.27196330006074
8.53215776126459
8.53215776126459
6.55958483478997
10.5047306919697
3.92948760606743
7.87463345196976
5.24453621948939
8.53215776126459
9.84720638126452
5.90206052690478
9.84720638126452
3.92948760606743
6.55958483478997
5.90206052690478
7.87463345196976
9.84720638126452
7.21710914314488
10.5047306919697
4.58701191254363
8.53215776126459
3.27196330006074
8.53215776126459
9.84720638126452
7.87463345196976
6.55958483478997
6.55958483478997
4.58701191254363
6.55958483478997
8.53215776126459
9.18968207102955
11.1622550031452
5.90206052690478
9.18968207102955
7.87463345196976
4417.24712566348
4392.26101643342
4384.37066644699
4356.75444261343
4336.37104042173
4293.63165179006
4258.12508591234
4204.20771351718
4152.92046287846
4091.77028705619
4031.93517675678
3959.6070319007
3887.93642682161
3804.43032288944
3723.55434659728
3628.87029426327
3545.36423579375
3445.41999566002
3356.65374674006
3250.79179642465
3150.19008774913
3041.04054374718
2941.75393019002
2828.65926722618
2732.66032779825
2617.59312811097
2516.334012124
2405.86954268201
2303.95293796145
2199.40624582011
2102.74988647282
1998.86075561711
1912.06731803713
1811.46584871372
1727.30254027197
1635.24893428922
1559.63348195421
1478.1003082467
1414.32033249687
1341.99253218591
1288.07544962866
1222.98044088492
1179.58377173517
1129.6118529662
1101.33826889092
1065.17438389723
1046.76367950174
1022.43524940601
1012.57237257048
1005.33959630864
1011.91484745283
1016.51752328878
1038.21585261907
1056.62655679856
1086.21518949194
1118.43392424546
1158.542963406
1206.54230831793
1261.11690991949
1321.60924438377
1388.67683878375
1454.42938870856
1530.04482905174
1606.97532935356
1691.13862207385
1779.24708088729
1872.61575951563
1967.95703023049
2062.64078954224
2162.58477374814
2262.52877469942
2370.36311061016
2478.85499329944
2583.40173624652
2688.60602564593
2793.15280819435
2899.01466520396
3006.19159777755
3112.71102486291
3215.28530874277
3318.51714095108
3413.20113310421
3508.54267126594
3600.59658781298
3689.36288109136
3776.814134307
3858.34764813232
3937.2510621536
4006.94908906328
4070.72936825215
4129.90695487738
4187.76949152026
4237.74168826472
4283.1111875299
4317.30269729019
4352.80926792194
4373.85020001959
4391.60348726245
4402.12395411665
4407.38418763873
4406.726658445
4399.49383737936
4380.4254915071
4358.06950085181
4329.13822051612
4294.94670984016
4254.17991210122
4210.78300248496
4153.57799169576
4095.7154594405
4026.67494765532
3958.94950336328
3883.99125622119
3809.6905494697
3723.55434659728
3636.10310315661
3542.73412394954
3449.36516264802
3348.10588656908
3252.10685157169
3150.84761519255
3048.9308714593
2939.12382147605
2834.57701062563
2722.79742402318
2618.90818168619
2513.70390545872
2409.15717539222
2305.26799081152
2202.03635105545
2097.48967688753
1999.51828170607
1904.83453212134
1814.75347817585
1724.0149112609
1642.48171714367
1557.00337942051
1481.38793602624
1408.40260309273
1343.30758303254
1282.81524667673
1228.89816870286
1178.92624646546
1134.87205477737
1097.39311771283
1062.54428324078
1040.84595318769
1026.38040017738
1013.22989768873
1009.94227210339
1007.96969675926
1017.83257353293
1031.64060123893
1055.3115064846
1086.21518949194
1120.40649988942
1162.48811492037
1207.19983361326
1261.11690991949
1320.29419357848
1386.04673691899
1455.74443977219
1531.35988026385
1610.92048345733
1691.79614784116
1778.5895550303
1871.30070760781
1965.32692601396
2063.29831569999
2167.84498390466
2267.78898574484
2371.67816361082
2471.62220047845
2581.42915601066
2688.60602564593
2796.44044319178
2903.61735511419
3006.84912503852
3112.71102486291
3213.97025369108
3312.59939203705
3413.8586608905
3509.20019917959
3603.22669997102
3692.65052189884
3775.49907774817
3855.06000617153
3932.648362634
4004.97650325079
4074.01701175106
4133.85212759418
4188.42702038856
4236.42663038401
4279.82354249983
4316.6451682314
4350.83668058947
4374.5077291639
4393.57607477833
4402.78148330344
4406.06912925227
4402.12395411665
4396.20619148001
4382.3980789726
4360.69961734036
4333.08339499536
4295.60423886667
4252.86485417196
4204.20771351718
4150.94787643233
4097.03051690956
4030.62011947574
3962.23714605977
3883.99125622119
3805.74537952899
3720.9242337789
3634.13051890219
3544.70670783137
3451.33774615386
3352.70858048912
3252.10685157169
3145.58739566875
3042.35559835758
2939.12382147605
2835.23453767403
2728.71516626685
2621.53828884598
2513.04637879432
2405.86954268201
2301.98035869192
2200.72129843632
2100.77730787296
2003.46343825463
1908.77968806498
1811.46584871372
1722.04233386233
1637.8790371361
1557.66090505296
1481.38793602624
1411.03270504377
1345.2801593072
1280.18514521566
1225.6105421312
1175.63862012606
1134.87205477737
1098.05064290768
1067.14695939581
1041.50347833133
1023.75029966078
1009.94227210339
1006.65464653277
1010.59979721928
1021.12019915361
1036.24327719882
1055.3115064846
1083.5850887592
1117.11887381916
1159.20048865688
1211.1449853981
1262.43196061286
1323.58182059638
1385.38921145438
1453.77186317771
1528.72977784224
1607.63285503587
1693.11119937781
1781.21965846234
1873.9308114262
1965.32692601396
2061.32573722887
2162.58477374814
2265.81640659728
2371.02063711012
2477.5399400524
2583.40173624652
2686.63344503535
2793.81033519224
2899.01466520396
3005.5340705174
3112.71102486291
3217.91541885635
3317.20208563083
3412.5436053188
3508.54267126594
3599.9390597757
3690.67793741164
3778.12919086949
3858.34764813232
3935.27847663959
4005.63403185401
4070.07183955522
4129.90695487738
4187.11196265293
4239.05674614931
4282.45365852194
4319.27528447246
4348.86409326586
4372.53514173392
4389.63089975547
4404.09654168
4408.69924602915
4407.38418763873
4396.8637206579
4379.76796235391
4357.41197173213
4329.13822051612
4296.26176789416
4256.15249900241
4207.49535798899
4154.89304933324
4093.74287324405
4028.64753356127
3956.97691775663
3885.96384151722
3809.03302114395
3724.21187480415
3635.4455750709
3542.73412394954
3447.39257915008
3350.07846967248
3252.10685157169
3150.84761519255
3046.30076220866
2941.0964030103
2832.60442948525
2725.42753167912
2618.90818168619
2516.334012124
2409.15717539222
2305.92551723766
2200.72129843632
2098.14720308318
1998.86075561711
1906.14958409977
1814.09595228205
1726.64501446841
1641.16666570962
1557.66090505296
1480.07288491249
1408.40260309273
1342.65005760891
1284.13029741098
1228.89816870286
1179.58377173517
1133.55700432096
1095.42054213188
1063.85933356781
1042.16100347556
1025.0653499179
1014.54494792698
1010.59979721928
1009.28474698809
1017.17504841056
1032.95565151023
1055.3115064846
1087.5302398619
1121.06402510528
1165.11821594208
1207.8573589092
1260.45938457373
1318.9791427757
1386.04673691899
1455.74443977219
1531.35988026385
1609.60543208677
1691.13862207385
1778.5895550303
1870.64318165494
1967.2995041753
2065.27089417753
2165.87240509053
2268.44651212883
2368.3905311148
2473.59478032958
2579.45657578176
2689.26355251769
2796.44044319178
2902.95982798172
3006.84912503852
3110.73844268121
3212.65519864278
3313.25691969072
3413.20113310421
3511.83031084302
3602.56917193017
3691.99299373554
3774.84154947013
3855.06000617153
3931.99083413494
4006.29156045817
4072.04442564886
4135.16718517411
4189.08454925782
4237.08415932388
4279.16601349674
4315.33011011674
4350.83668058947
4375.1652583092
4393.57607477833
4405.41160006052
4406.06912925227
4404.09654168
4394.23360395227
4383.05560812974
4361.35714646497
4333.08339499536
4296.26176789416
4252.20732520879
4203.55018462571
4152.26293406212
4096.37298817455
4030.62011947574
3961.5796175186
3884.64878465227
3805.74537952899
3720.9242337789
3633.47299081918
3544.04917986987
3451.33774615386
3354.02363590264
3252.10685157169
3149.53256030655
3043.67065297129
2938.4662942996
2834.57701062563
2728.71516626685
2620.88076205486
2513.04637879432
2405.86954268201
2301.98035869192
2200.06377212785
2103.40741267421
2002.80591216144
1908.77968806498
1812.78090049652
1722.04233386233
1637.22151142339
1557.00337942051
1484.01803826147
1411.69023053312
1345.2801593072
1284.13029741098
1225.6105421312
1175.63862012606
1133.55700432096
1098.70816810313
1067.80448456319
1042.81852862038
1024.40782478904
1011.25732233576
1005.33959630864
1009.28474698809
1021.12019915361
1035.58575205992
1057.94160711489
1083.5850887592
1117.11887381916
1159.85801390837
1208.51488420576
1263.08948596047
1323.58182059638
1386.04673691899
1456.40196530496
1528.07225223846
1606.97532935356
1691.79614784116
1781.21965846234
1873.27328547057
1969.27208234296
2060.01068491836
2161.92724748184
2263.18630107752
2371.02063711012
2476.88241343002
2584.05926299336
2689.92107939025
2794.46786219093
2900.32971945996
3005.5340705174
3112.71102486291
3216.60036379786
3317.20208563083
3413.8586608905
3508.54267126594
3599.9390597757
3690.67793741164
3778.12919086949
3859.00517652726
3937.2510621536
4006.94908906328
4071.38689695003
4130.56448366112
4187.76949152026
4239.05674614931
4283.76871653884
4319.27528447246
4349.52162237274
4371.87761259257
4390.28842892347
4401.46642493084
4409.35677522584
4406.726658445
4398.83630819751
4381.08302066128
4356.75444261343
4327.82316236421
4295.60423886667
4256.15249900241
4208.81041578448
4155.55057815341
4093.08534451381
4029.30506219848
3957.63444629124
3885.96384151722
3808.37549281912
3722.89681839132
3635.4455750709
3541.41906803277
3446.73505131918
3350.73599737534
3252.10685157169
3151.50514263681
3046.95828952008
2941.75393019002
2831.94690244006
2726.08505859508
2616.93560132453
2515.01895878983
2409.15717539222
2305.92551723766
2200.06377212785
2098.14720308318
1999.51828170607
1907.46463608099
1813.43842638894
1724.0149112609
1641.82419142631
1558.31843068606
1480.73041046904
1407.74507760656
1343.30758303254
1282.81524667673
1229.55569401904
1179.58377173517
1132.89947909366
1095.42054213188
1063.201808404
1039.5309029022
1025.72287504734
1015.20247304699
1009.28474698809
1009.28474698809
1015.85999816759
1032.29812637429
1054.65398132851
1086.21518949194
1121.06402510528
1163.14564017489
1207.8573589092
1260.45938457373
1318.9791427757
1385.38921145438
1455.08691424006
1533.98998269587
1611.5780091436
1692.45367360915
1779.90460674496
1869.32812975127
1965.32692601396
2063.95584185846
2165.87240509053
2269.76156489903
2371.67816361082
2472.93725371177
2580.77162926692
2685.97591816673
2799.72807820921
2903.61735511419
3009.47923409065
3110.73844268121
3213.3127261665
3313.91444734525
3411.88607753426
3511.83031084302
3604.54175605541
3692.65052189884
3774.84154947013
3857.03259134523
3930.67577713962
4006.94908906328
4072.70195434865
4135.16718517411
4189.08454925782
4238.39921720653
4277.85095549349
4317.30269729019
4348.86409326586
4377.13784575101
4395.5486623031
4403.43901249123
4405.41160006052
4406.06912925227
4392.26101643342
4382.3980789726
4357.41197173213
4335.71351133449
4294.28918081462
4256.81002797141
4204.20771351718
4152.26293406212
4095.7154594405
4029.30506219848
3963.55220314493
3885.30631308428
3808.37549281912
3722.89681839132
3628.87029426327
3546.02176375702
3448.05010698185
3352.70858048912
3255.39448945425
3145.58739566875
3042.35559835758
2937.15123994914
2830.6318483521
2728.05763934772
2620.22323526453
2512.38885213068
2409.15717539222
2300.66530584927
2198.09119320682
2100.11978167444
2003.46343825463
1906.80711009003
1815.41100407032
1722.69985966118
1637.22151142339
1557.00337942051
1482.04546158408
1409.06012857953
1347.25273558752
1283.47277204355
1224.95301681871
1178.26872119636
1133.55700432096
1094.76301693942
1070.43458523869
1041.50347833133
1027.03792530801
1013.88742280756
1004.02454608686
1009.94227210339
1017.83257353293
1032.95565151023
1061.88675807815
1084.90013912438
1119.74897467416
1160.51553916046
1205.2272577291
1263.7470113087
1322.92429519155
1388.01931331661
1456.40196530496
1529.38730344667
1608.94790640248
1689.16604477591
1781.87718432205
1872.61575951563
1968.61455628637
2065.27089417753
2162.58477374814
2266.47393297906
2368.3905311148
2476.22488680841
2583.40173624652
2689.92107939025
2797.09797019367
2902.30230085006
3004.87654325808
3111.39597007427
3211.9976711199
3318.51714095108
3414.51618867766
3511.83031084302
3600.59658781298
3690.67793741164
3775.49907774817
3856.37506295307
3935.93600514333
4004.97650325079
4072.70195434865
4132.53707001808
4185.79690492116
4237.08415932388
4278.50848449463
4322.56292979584
4350.83668058947
4375.1652583092
4391.60348726245
4400.1513665622
4406.06912925227
4406.726658445
4396.8637206579
4381.74054981645
4362.67220471712
4329.13822051612
4292.97412276648
4254.83744106731
4203.55018462571
4156.20810697455
4097.68804564552
4031.27764811579
3958.29197482679
3887.27889838588
3803.11526625356
3722.89681839132
3638.07568741912
3542.73412394954
3451.9952739909
3351.39352507907
3249.47674128101
3148.21750542392
3043.67065297129
2943.06898455191
2834.57701062563
2728.71516626685
2621.53828884598
2512.38885213068
2406.52706922254
2304.61046438611
2199.40624582011
2103.40741267421
2002.80591216144
1904.17700613316
1812.78090049652
1720.06975646982
1639.85161427822
1557.66090505296
1482.04546158408
1414.9778579894
1341.33500676353
1280.84267058
1225.6105421312
1174.98109486
1137.50215569743
1098.05064290768
1067.14695939581
1042.16100347556
1019.80514890357
1012.57237257048
1004.68207119745
1011.25732233576
1020.4626740283
1034.92822692161
1058.59913227395
1082.27003839641
1119.09144945951
1159.85801390837
1209.8299348007
1261.77443526587
1323.58182059638
1385.38921145438
1451.14176106072
1530.70235465747
1606.31780367191
1694.42625091713
1781.21965846234
1875.24586333954
1965.32692601396
2062.64078954224
2163.24230001517
2263.84382745635
2372.33569011227
2477.5399400524
2584.05926299336
2688.60602564593
2793.81033519224
2900.32971945996
3004.87654325808
3114.68360705215
3213.97025369108
3319.17466861251
3411.88607753426
3510.51525500954
3599.9390597757
3689.36288109136
3776.814134307
3859.00517652726
3935.93600514333
4006.29156045817
4069.41431085924
4132.53707001808
4187.76949152026
4237.74168826472
4284.42624554876
4318.61775541073
4350.83668058947
4371.87761259257
4390.28842892347
4400.80889574602
4410.01430442353
4406.06912925227
4398.83630819751
4380.4254915071
4358.72702997247
4327.16563328974
4294.28918081462
4254.83744106731
4206.83782909269
4156.20810697455
4092.42781578452
4031.27764811579
3957.63444629124
3885.96384151722
3809.03302114395
3722.89681839132
3634.78804698609
3546.02176375702
3444.76246783175
3351.39352507907
3249.47674128101
3151.50514263681
3046.30076220866
2941.0964030103
2832.60442948525
2727.40011242938
2617.59312811097
2514.36143212389
2408.49964884867
2304.61046438611
2202.6938773661
2099.46225547663
2002.14838606895
1905.49205811021
1812.12337460478
1724.0149112609
1640.50913999359
1560.29100758927
1482.70298714257
1409.06012857953
1341.99253218591
1281.50019594495
1227.58311807235
1180.24129700548
1136.18710523619
1098.70816810313
1063.85933356781
1041.50347833133
1019.80514890357
1014.54494792698
1007.31217164572
1012.57237257048
1018.49009865589
1032.29812637429
1053.33893101811
1084.24261394149
1119.09144945951
1163.80316543001
1209.8299348007
1263.08948596047
1321.60924438377
1383.41663506436
1454.42938870856
1528.72977784224
1612.89306051812
1691.79614784116
1782.53471018244
1868.67060380047
1966.64197812082
2061.32573722887
2165.2148788206
2266.47393297906
2372.33569011227
2476.88241343002
2580.77162926692
2686.63344503535
2793.81033519224
2901.64477371922
3010.13676135575
3112.71102486291
3215.94283626989
3313.25691969072
3414.51618867766
3505.91255962019
3603.88422801277
3691.33546557314
3780.1017757201
3856.37506295307
3933.96341963493
4003.66144604717
4070.07183955522
4134.50965638366
4189.08454925782
4240.37180403778
4281.13860050893
4317.96022634997
4346.23397684814
4373.19267087626
4390.94595809247
4405.41160006052
4410.01430442353
4406.06912925227
4396.8637206579
4377.13784575101
4360.04208821675
4327.82316236421
4298.8918840139
4252.20732520879
4210.12547358383
4149.63281880637
4094.40040197525
4029.30506219848
3958.94950336328
3887.27889838588
3806.40290785014
3726.18445943022
3630.84287849613
3544.04917986987
3444.76246783175
3350.73599737534
3252.10685157169
3150.84761519255
3048.9308714593
2936.49371277514
2831.94690244006
2724.11247784957
2621.53828884598
2515.67648545653
2412.44480812127
2303.95293796145
2201.37882474552
2098.14720308318
2000.8333338861
1905.49205811021
1814.75347817585
1722.69985966118
1641.16666570962
1554.37327689726
1481.38793602624
1405.77250115186
1343.30758303254
1282.81524667673
1229.55569401904
1178.26872119636
1134.21452954886
1093.44796655631
1067.80448456319
1036.24327719882
1029.01050070343
1009.94227210339
1010.59979721928
1010.59979721928
1019.14762377944
1029.01050070343
1058.59913227395
1082.27003839641
1126.3242268538
1159.20048865688
1211.80251069771
1257.17175785422
1323.58182059638
1378.81395684311
1459.03206744247
1528.07225223846
1612.23553483053
1690.4810963072
1781.21965846234
1866.04050000417
1969.27208234296
2060.66821107326
2167.84498390466
2267.13145936158
2374.30826962113
2472.27972709473
2582.08668275517
2686.63344503535
2794.46786219093
2902.95982798172
3009.47923409065
3113.36855225849
3212.65519864278
3313.91444734525
3412.5436053188
3508.54267126594
3604.54175605541
3691.99299373554
3780.1017757201
3855.71753456184
3933.305891134
4003.00391744678
4072.04442564886
4135.16718517411
4189.08454925782
4241.02933298347
4279.82354249983
4316.6451682314
4347.54903505503
4371.87761259257
4392.91854560538
4404.75407086977
4408.69924602915
7.21710914314488
5.24453621948939
6.55958483478997
5.24453621948939
8.53215776126459
9.18968207102955
10.5047306919697
7.87463345196976
5.24453621948939
5.90206052690478
6.55958483478997
6.55958483478997
10.5047306919697
8.53215776126459
9.18968207102955
8.53215776126459
3.27196330006074
4.58701191254363
6.55958483478997
9.18968207102955
13.1348279394943
6.55958483478997
9.18968207102955
3.92948760606743
7.21710914314488
3.27196330006074
10.5047306919697
9.18968207102955
9.18968207102955
5.90206052690478
7.21710914314488
5.24453621948939
7.21710914314488
7.87463345196976
9.84720638126452
7.21710914314488
9.18968207102955
5.90206052690478
6.55958483478997
4.58701191254363
9.84720638126452
7.87463345196976
11.8197793147911
6.55958483478997
7.21710914314488
3.27196330006074
5.24453621948939
8.53215776126459
9.84720638126452
9.84720638126452
9.84720638126452
3.92948760606743
9.18968207102955
4.58701191254363
6.55958483478997
9.18968207102955
12.4773036269074
7.87463345196976
10.5047306919697
4.58701191254363
6.55958483478997
5.24453621948939
10.5047306919697
7.87463345196976
11.1622550031452
5.24453621948939
7.87463345196976
3.27196330006074
8.53215776126459
8.53215776126459
9.18968207102955
9.18968207102955
9.18968207102955
5.24453621948939
3.92948760606743
7.21710914314488
9.18968207102955
9.84720638126452
9.18968207102955
7.21710914314488
9.18968207102955
4.58701191254363
7.21710914314488
6.55958483478997
7.87463345196976
9.84720638126452
7.21710914314488
6.55958483478997
4.58701191254363
4.58701191254363
7.21710914314488
5.90206052690478
12.4773036269074
5.90206052690478
7.87463345196976
5.24453621948939
5.24453621948939
6.55958483478997
7.21710914314488
9.18968207102955
5805.29361697898
5793.4580506123
5771.10198182847
5740.19800658327
5700.08859568318
5648.80115843163
5594.22607254235
5531.10309134548
5455.48703374052
5370.66556056526
5277.95373880409
5179.32416503978
5074.77684341229
4964.96930828544
4846.61391417675
4723.65584605311
4595.43757798801
4458.67146780639
4323.22045886345
4179.87914517589
4039.82552052249
3892.5391258977
3745.2527779046
3595.33636353984
3442.13235652745
3290.24345232391
3139.01212133969
2992.3835254875
2845.09744349665
2701.09903634416
2559.07324715737
2415.73244086918
2280.9395135649
2149.43424855969
2023.84674749411
1906.80711009003
1792.3975981699
1683.90583867749
1580.01677694528
1484.67556382189
1399.19724634414
1320.95171898081
1251.91155513512
1190.10417613327
1138.81720616109
1090.81786579726
1055.96903164128
1029.01050070343
1013.22989768873
1009.94227210339
1012.57237257048
1025.0653499179
1044.13357891179
1073.72221109645
1111.20114693055
1162.48811492037
1222.98044088492
1290.04802574589
1363.69087147694
1445.88155685749
1535.30503391578
1631.96130574552
1738.48047903558
1851.57492932163
1970.58713445825
2093.54451972868
2221.10461436096
2353.26742187417
2489.37541938554
2631.40119080625
2778.02968746341
2925.97327810207
3073.25938265762
3223.83316666161
3371.77688432427
3520.37817384691
3672.2671492571
3823.49864452301
3972.10007428994
4118.07143693373
4259.44014385716
4396.8637206579
4530.99969373789
4661.19053112449
4788.75128937454
4911.70937672888
5025.46207846078
5135.92716030817
5232.58413183343
5326.61100423858
5414.06259104654
5494.28135709845
5565.95223593038
5627.10262937139
5680.36265745771
5725.07478557929
5756.63629097199
5781.62248461956
5800.03336521426
5809.89633733378
5806.60867993172
5794.77311352345
5770.44445041382
5739.54047522265
5698.77353310284
5650.77375204392
5594.22607254235
5529.13049835022
5455.48703374052
5370.00802983744
5277.29620823118
5179.32416503978
5075.4343736522
4965.62683834788
4847.27144405032
4725.62843509631
4594.7800485079
4460.64405562596
4321.9054007292
4181.19420289031
4039.16799187014
3894.51171122996
3743.2801931993
3592.04872339819
3440.81730088056
3290.90097994836
3138.3545939114
2994.35610722098
2847.07002468291
2702.41409011842
2555.12808686418
2417.04749397363
2279.62446076961
2151.4068273195
2025.8193258437
1908.77968806498
1791.74007229931
1681.93326140162
1578.70172563654
1484.67556382189
1397.22466991421
1323.58182059638
1252.56908047284
1190.76170141333
1136.84463046651
1092.79044136565
1053.99645617301
1030.98307610417
1015.20247304699
1009.94227210339
1011.25732233576
1022.43524940601
1041.50347833133
1071.74963558001
1110.5436217237
1165.11821594208
1223.63796619557
1290.70555111954
1363.03334603381
1445.22403133496
1535.30503391578
1633.27635716101
1739.13800485127
1852.23245525452
1970.58713445825
2093.54451972868
2219.13203536982
2352.60989539443
2489.37541938554
2634.03129802529
2778.02968746341
2925.97327810207
3073.25938265762
3221.20305651744
3369.8043011351
3522.35075763828
3673.58220553034
3826.78628626222
3972.10007428994
4118.72896570025
4256.81002797141
4396.20619148001
4530.99969373789
4665.79323822522
4792.0389382957
4913.0244366842
5027.43466894378
5133.29703896021
5231.92660133576
5327.92606554992
5414.72012184851
5495.59641897535
5565.95223593038
5627.76016053687
5677.7325324386
5721.12959759105
5756.63629097199
5785.56767324228
5802.00595961737
5811.2114003027
5805.95114845477
5792.14298770576
5769.12938758797
5739.54047522265
5700.08859568318
5654.06140808715
5596.19866587229
5529.13049835022
5451.54184853182
5369.35049911072
5276.63867765936
5179.98169545067
5077.40696437834
4966.28436841137
4848.5865038006
4721.68325701916
4592.1499305976
4458.67146780639
4322.56292979584
4184.48184719324
4040.48304917578
3893.19665434085
3741.96513673366
3591.39119537255
3440.15977305843
3290.24345232391
3143.61481336121
2994.35610722098
2847.07002468291
2698.46892880511
2554.47056015135
2415.73244086918
2282.25456636315
2152.72187982966
2026.47685196165
1907.46463608099
1789.10996882374
1680.6182098877
1578.04419998315
1486.64814050701
1402.48487374007
1322.92429519155
1253.22660581119
1187.47407501912
1134.21452954886
1088.18776504778
1055.96903164128
1030.98307610417
1016.51752328878
1009.94227210339
1009.28474698809
1019.80514890357
1041.50347833133
1075.03726144373
1115.14629818421
1165.11821594208
1223.63796619557
1286.76039888695
1360.40324426758
1443.90898029184
1537.27761075053
1635.24893428922
1741.76810812078
1853.54750712235
1967.95703023049
2090.25688878268
2218.4745090409
2355.2400013179
2493.97810585964
2635.34635163949
2779.34474142325
2922.02811515348
3070.62927328401
3219.23047391824
3371.77688432427
3523.66581350363
3675.55478994699
3824.81370121593
3970.12748862701
4116.09885063992
4257.46755694139
4396.8637206579
4534.28734065926
4664.47817904848
4792.69646808304
4908.42172685894
5024.1470181441
5130.66691762946
5234.55672333297
5330.55618818579
5416.03518345579
5496.91148085672
5563.97964275623
5625.13003588176
5677.07500118667
5722.44466024921
5759.26641654084
5786.22520468344
5802.66349108738
5806.60867993172
5803.32102255855
5790.1703933546
5770.44445041382
5742.17060067201
5702.06118956228
5654.06140808715
5593.56854143463
5527.15790536507
5450.2267868045
5367.37790693719
5281.24139168506
5182.61181710507
5078.06449462253
4962.99671810447
4844.64132456227
4721.02572734324
4594.7800485079
4461.95911417732
4326.50810421624
4183.82431833073
4037.85293456829
3890.5665405738
3741.30760850221
3593.36377945217
3444.76246783175
3293.53109045473
3144.27234079621
2991.72599824465
2843.12486231763
2696.49634815909
2555.12808686418
2418.3625470811
2282.91209276338
2152.72187982966
2023.84674749411
1904.17700613316
1789.10996882374
1682.59078715957
1583.96193088725
1488.62071719794
1401.82734825961
1320.95171898081
1249.28145379038
1188.13160029674
1134.87205477737
1092.79044136565
1057.94160711489
1033.61317664676
1015.20247304699
1007.31217164572
1007.96969675926
1021.77772427952
1044.79110405839
1076.3523117934
1115.14629818421
1163.14564017489
1219.69281434088
1287.4179242575
1360.40324426758
1447.8541334289
1537.93513636341
1635.90645999995
1739.13800485127
1849.6023515271
1966.64197812082
2089.59936259563
2220.44708802985
2355.89752780064
2493.97810585964
2634.03129802529
2774.74205257776
2922.02811515348
3069.97174594268
3223.83316666161
3373.09193978806
3524.98086937251
3674.8972618072
3823.49864452301
3968.81243152309
4114.12626435471
4258.78261488427
4399.49383737936
4534.28734065926
4664.47817904848
4788.09375959342
4909.07925683083
5022.83195783167
5134.61209963204
5236.5293148423
5331.2137188475
5417.3502450675
5492.30876429149
5562.66458064577
5624.47250472082
5678.39006369167
5724.41725424505
5760.58147933217
5785.56767324228
5799.37583374887
5807.26621140982
5803.97855403087
5791.48545625422
5773.73210749859
5740.85553794503
5704.03378345167
5652.0888144578
5591.59594811826
5525.18531239002
5450.8843176676
5370.66556056526
5281.24139168506
5182.61181710507
5076.74943413523
4962.99671810447
4846.61391417675
4721.02572734324
4596.75263695125
4461.95911417732
4325.19304607218
4185.13937605672
4036.53787727022
3889.25148369584
3740.65008027167
3593.36377945217
3444.76246783175
3294.84614571307
3141.64223106123
2990.41094376142
2843.7823893765
2696.49634815909
2558.41572043991
2418.3625470811
2286.19972477563
2150.74930106551
2025.8193258437
1903.51948014568
1789.76749469161
1681.93326140162
1582.64687957064
1487.96319163365
1403.14239922115
1318.9791427757
1251.91155513512
1186.1590244657
1136.84463046651
1093.44796655631
1057.28408195643
1032.95565151023
1014.54494792698
1006.65464653277
1007.96969675926
1022.43524940601
1042.16100347556
1077.00983696912
1117.11887381916
1163.14564017489
1221.00786495665
1284.13029741098
1364.34839692071
1445.22403133496
1539.90771320597
1636.56398571134
1741.11058230239
1849.6023515271
1965.98445206704
2091.57194115893
2220.44708802985
2357.21258076836
2490.69047266004
2634.03129802529
2777.37216048468
2922.68564230954
3071.28680062616
3221.20305651744
3375.72205072605
3525.63839730828
3676.86984622927
3821.52605949054
3968.15490297254
4118.07143693373
4258.78261488427
4402.12395411665
4535.60239943484
4667.76582699799
4786.77870003428
4909.07925683083
5025.46207846078
5133.29703896021
5237.18684534759
5327.2685348937
5418.00777587502
5495.59641897535
5560.69198748853
5627.10262937139
5676.41746993589
5723.75972291196
5761.89654212809
5782.93754748919
5802.66349108738
5803.97855403087
5804.63608550435
5791.48545625422
5772.41704466123
5741.51306930795
5704.03378345167
5649.45868963459
5595.54113476118
5528.47296735405
5448.91172508163
5372.63815275535
5278.6112693781
5183.92687793877
5074.77684341229
4962.99671810447
4845.29885443272
4719.71066799446
4597.41016643439
4462.6166434545
4325.19304607218
4184.48184719324
4035.22281997593
3891.88159745547
3741.30760850221
3593.36377945217
3444.76246783175
3293.53109045473
3140.98470362958
2991.72599824465
2843.7823893765
2697.81140192232
2559.07324715737
2419.02007363597
2284.22714556606
2151.4068273195
2026.47685196165
1902.86195415889
1789.10996882374
1683.90583867749
1580.01677694528
1491.25081946154
1399.85477182206
1320.95171898081
1249.93897912564
1187.47407501912
1136.84463046651
1091.47539098612
1059.91418259385
1032.29812637429
1013.22989768873
1009.28474698809
1005.99712142041
1025.0653499179
1042.16100347556
1076.3523117934
1117.11887381916
1162.48811492037
1220.35033964846
1288.73297500045
1359.08819338825
1449.16918447971
1536.6200851383
1637.22151142339
1740.45305648468
1847.62977373877
1968.61455628637
2090.25688878268
2221.10461436096
2358.52763373907
2491.34799929843
2633.37377121936
2776.05710652962
2922.68564230954
3071.94432796915
3225.80574927867
3373.09193978806
3527.61098112091
3672.2671492571
3822.84111617794
3968.81243152309
4114.78379311549
4259.44014385716
4398.83630819751
4535.60239943484
4663.82064946164
4788.09375959342
4909.73678680377
5024.1470181441
5135.26962996956
5234.55672333297
5332.52878017423
5415.3776526516
5493.62382616168
5561.34951853981
5625.13003588176
5681.67771997411
5723.75972291196
5760.58147933217
5786.22520468344
5798.71830228463
5808.58127436949
5802.00595961737
5794.1155820673
5772.41704466123
5743.48566340358
5702.7187208576
5650.11622083869
5591.59594811826
5528.47296735405
5450.2267868045
5370.66556056526
5281.89892226454
5181.29675627571
5078.06449462253
4961.68165798911
4845.29885443272
4722.34078669612
4594.7800485079
4463.93170201185
4322.56292979584
4184.48184719324
4035.8803486226
3891.88159745547
3741.96513673366
3594.0213074805
3444.76246783175
3291.55850757366
3142.29975849371
2992.3835254875
2841.80980820232
2697.81140192232
2555.12808686418
2419.67760019159
2281.59703996365
2152.06435357422
2024.50427360993
1905.49205811021
1788.45244295655
1683.90583867749
1582.64687957064
1489.27824276287
1401.82734825961
1318.9791427757
1251.25402979801
1187.47407501912
1134.21452954886
1095.42054213188
1055.96903164128
1035.58575205992
1013.88742280756
1006.65464653277
1010.59979721928
1020.4626740283
1047.42120465071
1075.03726144373
1115.80382339526
1163.80316543001
1218.37776372755
1288.73297500045
1361.06076970819
1448.51165895398
1538.59266197695
1635.90645999995
1737.82295322056
1850.91740338943
1965.98445206704
2093.54451972868
2221.76214069281
2353.92494835467
2495.95068578858
2629.42861040016
2778.02968746341
2920.7130608438
3072.60185531297
3223.1756391243
3373.74946752125
3526.29592524494
3671.60962112183
3824.15617286901
3967.49737442292
4118.72896570025
4258.12508591234
4401.46642493084
4533.62981127297
4665.13570863634
4788.09375959342
4907.76419688811
5024.1470181441
5133.29703896021
5236.5293148423
5331.87124951032
5416.03518345579
5494.28135709845
5561.34951853981
5625.13003588176
5678.39006369167
5725.73231691468
5759.92394793593
5784.91014180228
5800.69089668081
5806.60867993172
5804.63608550435
5792.14298770576
5774.389638919
5741.51306930795
5703.37625215406
5651.43128325029
5592.25347922259
5527.815436359
5450.2267868045
5373.95321422093
5277.95373880409
5183.92687793877
5074.77684341229
4964.96930828544
4844.64132456227
4721.02572734324
4596.75263695125
4460.64405562596
4327.16563328974
4182.50926060859
4035.8803486226
3891.88159745547
3738.67749558552
3594.67883550972
3444.10494000436
3292.21603519983
3142.95728592704
2991.72599824465
2841.15228114587
2700.44150945822
2555.12808686418
2419.67760019159
2283.56961916435
2151.4068273195
2024.50427360993
1904.83453212134
1789.10996882374
1682.59078715957
1580.01677694528
1491.25081946154
1400.51229730061
1322.26676978735
1250.59650446151
1186.81654974211
1136.84463046651
1092.79044136565
1059.2566574336
1034.27070178389
1013.88742280756
1006.65464653277
1007.31217164572
1020.4626740283
1046.10615435336
1075.69478661827
1116.46134860691
1163.80316543001
1220.35033964846
1289.39050037286
1359.08819338825
1445.88155685749
1537.93513636341
1635.90645999995
1742.42563393985
1848.94482559697
1967.2995041753
2091.57194115893
2219.13203536982
2357.21258076836
2490.69047266004
2636.00387844777
2776.05710652962
2922.68564230954
3070.62927328401
3221.20305651744
3375.06452299025
3523.00828557051
3677.52737437177
3821.52605949054
3968.81243152309
4114.78379311549
4256.15249900241
4400.1513665622
4534.94487004654
4667.10829740605
4788.75128937454
4910.39431677776
5022.83195783167
5132.63950862591
5236.5293148423
5330.55618818579
5415.3776526516
5494.28135709845
5562.00704959223
5625.78756704384
5679.70512620122
5723.75972291196
5759.92394793593
5786.22520468344
5800.69089668081
5807.26621140982
5802.66349108738
5794.1155820673
5771.10198182847
5744.14319477109
5701.40365826811
5651.43128325029
5590.280885913
5526.50037437227
5448.91172508163
5373.29568348759
5278.6112693781
5185.24193877679
5074.11931317345
4964.96930828544
4843.98379469287
4721.68325701916
4595.43757798801
4461.95911417732
4325.19304607218
4182.50926060859
4037.85293456829
3891.88159745547
3740.65008027167
3593.36377945217
3446.07752348916
3294.18861808347
3144.27234079621
2991.06847100262
2841.15228114587
2701.09903634416
2554.47056015135
2422.30770642162
2283.56961916435
2154.69445860032
2023.84674749411
1904.83453212134
1789.10996882374
1681.27573564433
1581.33182825665
1491.90834502905
1399.85477182206
1322.26676978735
1251.25402979801
1187.47407501912
1135.52958000648
1090.16034060899
1057.94160711489
1032.29812637429
1015.20247304699
1009.94227210339
1009.28474698809
1021.12019915361
1044.13357891179
1073.72221109645
1118.43392424546
1162.48811492037
1223.63796619557
1284.13029741098
1363.03334603381
1443.90898029184
1537.93513636341
1635.24893428922
1741.11058230239
1850.91740338943
1967.2995041753
2088.94183640929
2219.78956169947
2353.26742187417
2495.95068578858
2632.05871760984
2780.00226840436
2920.05553369018
3069.97174594268
3219.88800145046
3375.72205072605
3521.69322970694
3678.18490251517
3818.23841778818
3972.10007428994
4108.86603430285
4262.07025975848
4395.5486623031
4538.23251699807
4660.53300154275
4794.66905745126
4905.13407701525
5026.11960862072
5128.03679631593
5237.84437585397
5327.2685348937
5418.66530668365
5492.30876429149
5565.2947048712
5622.49991124481
5678.39006369167
5720.47206626368
5763.86913633061
5782.93754748919
5806.60867993172
5803.32102255855
5807.92374288908
5786.88273612575
5773.07457607933
5739.54047522265
5704.03378345167
5651.43128325029
5594.8836036512
5527.815436359
5450.8843176676
5368.0354376606
5278.6112693781
5182.61181710507
5078.72202486779
4963.65424816374
4845.95638430421
4719.71066799446
4593.46498955073
4458.67146780639
4325.85057514372
4182.50926060859
4042.45563514135
3891.88159745547
3741.30760850221
3591.39119537255
3440.81730088056
3292.21603519983
3144.27234079621
2991.06847100262
2843.12486231763
2697.81140192232
2555.12808686418
2417.04749397363
2283.56961916435
2150.74930106551
2025.8193258437
1904.83453212134
1788.45244295655
1681.93326140162
1579.35925129058
1485.99061494466
1403.14239922115
1322.26676978735
1250.59650446151
1189.44665085382
1134.21452954886
1089.50281542132
1057.94160711489
1033.61317664676
1017.83257353293
1009.94227210339
1009.94227210339
1019.14762377944
1043.47605376579
1074.37973626979
1113.83124776392
1165.77574119903
1221.66539026546
1289.39050037286
1361.71829514944
1443.90898029184
1535.30503391578
1634.59140857915
1741.11058230239
1853.54750712235
1968.61455628637
2093.54451972868
2217.15945638526
2355.2400013179
2491.34799929843
2634.688824832
2776.05710652962
2928.60338675076
3071.28680062616
3221.20305651744
3370.46182886396
3523.66581350363
3673.58220553034
3825.47122956378
3970.12748862701
4116.75637940357
4254.83744106731
4398.83630819751
4533.62981127297
4665.13570863634
4791.3814085094
4913.0244366842
5023.48948798735
5130.66691762946
5233.89919283204
5331.2137188475
5414.72012184851
5498.22654274257
5565.2947048712
5624.47250472082
5677.07500118667
5721.78712891956
5757.29382236248
5789.51286190652
5800.03336521426
5809.89633733378
239.323219921939
7.21710914314488
5.90206052690478
7.21710914314488
7.87463345196976
10.5047306919697
7.87463345196976
8.53215776126459
5.24453621948939
6.55958483478997
4.58701191254363
10.5047306919697
9.18968207102955
8.53215776126459
6.55958483478997
5.90206052690478
7.21710914314488
6.55958483478997
7.87463345196976
9.18968207102955
6.55958483478997
9.18968207102955
5.24453621948939
2.61443899452352
7.21710914314488
5.90206052690478
9.18968207102955
9.18968207102955
5.90206052690478
7.87463345196976
4.58701191254363
5.90206052690478
7.21710914314488
7.87463345196976
9.84720638126452
8.53215776126459
7.21710914314488
7.21710914314488
4.58701191254363
7.87463345196976
7.87463345196976
9.84720638126452
7.87463345196976
7.21710914314488
6.55958483478997
5.90206052690478
6.55958483478997
6.55958483478997
9.84720638126452
8.53215776126459
9.84720638126452
5.24453621948939
5.24453621948939
7.21710914314488
6.55958483478997
10.5047306919697
8.53215776126459
11.1622550031452
5.24453621948939
7.87463345196976
5.90206052690478
6.55958483478997
9.18968207102955
7.87463345196976
9.84720638126452
7.87463345196976
5.24453621948939
6.55958483478997
6.55958483478997
7.87463345196976
9.18968207102955
9.84720638126452
9.18968207102955
5.90206052690478
5.90206052690478
4.58701191254363
9.84720638126452
8.53215776126459
10.5047306919697
7.87463345196976
5.90206052690478
5.90206052690478
6.55958483478997
7.87463345196976
9.84720638126452
9.18968207102955
8.53215776126459
6.55958483478997
5.24453621948939
4.58701191254363
7.21710914314488
9.18968207102955
9.84720638126452
10.5047306919697
6.55958483478997
7.87463345196976
5.24453621948939
5.90206052690478
8.53215776126459
9.18968207102955
6280.03164814659
7188.08498517568
7162.44115716346
7122.9891179748
7073.6740756259
7012.52343330859
6937.56459674823
6850.77017534324
6753.45524450667
6646.27734604467
6531.20908725764
6406.27787789246
6271.48372796165
6127.48418008225
5973.62171271596
5813.18399476475
5646.82856482957
5477.18555310577
5301.62484015766
5119.48890216575
4933.40786652918
4742.0666774829
4548.75298741196
4356.75444261343
4161.46833757825
3968.15490297254
3774.84154947013
3581.52827509504
3391.50271664588
3200.81970336084
3017.36956132626
2835.23453767403
2662.96247826009
2493.32057921819
2330.91152198149
2176.39282550804
2025.16179972646
1885.10875277769
1752.2885213069
1629.33120292247
1522.15452183367
1418.2654854616
1328.18449844772
1244.67877646082
1176.29614539272
1117.11887381916
1073.06468592371
1039.5309029022
1019.80514890357
1008.62722187338
1011.25732233576
1023.75029966078
1050.70883040445
1089.50281542132
1142.76235756653
1206.54230831793
1282.15772131053
1366.32097325578
1461.00464405233
1564.89368705298
1683.2483129182
1810.15079693365
1946.91619681223
2089.59936259563
2242.14545734333
2399.2942773181
2564.33346092483
2735.94796242954
2913.48026219878
3097.58789499559
3284.32570374249
3474.35122097255
3665.03433981881
3855.71753456184
4050.34597908887
4244.97450667801
4441.57570707881
4634.23181910894
4828.2030781395
5012.31147548524
5197.07748651385
5375.26827569094
5552.14408392429
5721.12959759105
5886.16999719536
6041.3474916444
6189.94973030294
6328.03151145503
6460.85308492635
6581.18158352194
6695.59232583769
6797.50997325473
6891.53724927701
6970.44127738021
7037.5097159059
7094.05762557118
7139.42746706205
7174.27676984317
7198.60553058134
7207.81100808854
7208.46854220611
7190.05758741351
7162.44115716346
7120.35898219694
7071.70147408491
7011.20836585544
6937.56459674823
6851.42770875472
6755.42784417949
6647.59241208073
6529.23648886822
6402.99021508843
6269.51113102496
6127.48418008225
5976.2518398197
5817.12918372007
5648.14362722981
5475.87049129147
5299.652248324
5116.85878092532
4933.40786652918
4744.69679632446
4554.01322271555
4356.75444261343
4161.46833757825
3966.18231732651
3773.5264929168
3582.18580310729
3391.50271664588
3204.10734091159
3018.68461587709
2837.20711882407
2661.64742458018
2492.00552593759
2329.59646907346
2175.7352992265
2027.1343780803
1888.39638262499
1752.94604713678
1630.64625433267
1518.20936825969
1417.60795996589
1328.84202385755
1247.96640312171
1178.26872119636
1118.43392424546
1073.06468592371
1037.5583274784
1015.85999816759
1008.62722187338
1011.91484745283
1027.69545043922
1053.99645617301
1090.16034060899
1140.78978186109
1203.25468185045
1278.21256912637
1366.97849870206
1462.97722066798
1569.49636654875
1683.90583867749
1808.17821926867
1944.28609268534
2089.59936259563
2241.48793098877
2400.60933038486
2566.9635678271
2737.92054321782
2913.48026219878
3095.61531287159
3282.35312089745
3473.69369310564
3665.69186794505
3859.00517652726
4052.97609376837
4246.94709353838
4438.9455901035
4632.91676003001
4826.23048861247
5015.59912618928
5199.70760828086
5380.52852161513
5551.48655288876
5721.78712891956
5882.22480750873
6040.03242785663
6189.94973030294
6330.66164113859
6461.51061759291
6583.15418220628
6693.61972651001
6796.85243994788
6887.59204835832
6970.44127738021
7040.7973848085
7098.00282893151
7144.03020495352
7174.93430389344
7195.97539419824
7205.83840574377
7205.18087163149
7192.68772374908
7165.07129327764
7124.30418587161
7071.70147408491
7008.57823096471
6934.93446243707
6852.08524216748
6756.74291063437
6649.56501114422
6532.52415285679
6404.30528020636
6268.85359871515
6124.19651984332
5972.30664917115
5815.81412073033
5650.77375204392
5479.81567674778
5301.62484015766
5116.20125061789
4930.12021648584
4739.43655865783
4550.72557564325
4360.04208821675
4166.07103940695
3970.12748862701
3773.5264929168
3579.55569106365
3388.87260562447
3200.16217585323
3019.34214315374
2837.86464587569
2664.27753194314
2493.97810585964
2329.59646907346
2172.4476678297
2023.84674749411
1885.76627874577
1756.89120213025
1633.93388286975
1522.15452183367
1417.60795996589
1325.55439681463
1245.33630179177
1176.29614539272
1120.40649988942
1075.03726144373
1041.50347833133
1019.14762377944
1006.65464653277
1009.28474698809
1024.40782478904
1053.33893101811
1092.79044136565
1145.39245851558
1207.19983361326
1278.21256912637
1363.69087147694
1457.71701637243
1567.52378961807
1686.53594172135
1812.78090049652
1946.91619681223
2088.94183640929
2240.17287828184
2398.63675078585
2564.99098764924
2738.57807014883
2916.7678979343
3098.24542237193
3283.01064851161
3470.40605378431
3662.40422732288
3856.37506295307
4052.97609376837
4248.26215145015
4442.89076557244
4634.23181910894
4824.2578990948
5010.99641521105
5195.10489519997
5378.55592938527
5554.1166770376
5725.07478557929
5888.14259205441
6040.68995974992
6188.6346659763
6327.37397903719
6460.19555226102
6585.12678090184
6694.9347927272
6800.79763980804
6888.24958184156
6967.81114281079
7034.87958080725
7095.37269335273
7142.71513697796
7177.56444010771
7198.60553058134
7209.78361044521
7203.8658034109
7189.40005333291
7161.12608911427
7123.64665192255
7074.98914332642
7009.89329840748
6938.22213032925
6849.45510852412
6754.11277772967
6646.93487906207
6529.89402166345
6405.6203453292
6272.79879259217
6128.79924418618
5974.27924449013
5815.1565892372
5645.51350243389
5475.87049129147
5302.28237077108
5119.48890216575
4936.0379865828
4742.0666774829
4550.06804623181
4355.439384379
4160.81080874943
3970.12748862701
3774.84154947013
3582.18580310729
3391.50271664588
3202.1347583786
3017.36956132626
2836.54959177325
2663.62000510122
2492.66305257751
2332.22657489249
2177.0503517903
2025.8193258437
1883.13617487761
1750.97346964917
1633.93388286975
1522.15452183367
1418.2654854616
1328.84202385755
1247.3088777883
1174.98109486
1115.80382339526
1072.40716075156
1039.5309029022
1017.83257353293
1010.59979721928
1014.54494792698
1025.0653499179
1050.05130525251
1090.81786579726
1142.10483233078
1206.54230831793
1282.81524667673
1366.32097325578
1462.31969512879
1566.86626397582
1679.30315837646
1808.83574515631
1945.60114474739
2087.62678403877
2242.14545734333
2400.60933038486
2565.64851437442
2735.94796242954
2913.48026219878
3098.24542237193
3284.32570374249
3474.35122097255
3668.32198045903
3855.06000617153
4051.66103642673
4246.28956458395
4438.28806086215
4636.20440773497
4824.91542893298
5013.62653576367
5199.70760828086
5375.26827569094
5552.80161496093
5720.47206626368
5885.51246557801
6043.32008733493
6190.60726246806
6331.31917356252
6461.51061759291
6583.15418220628
6692.30466029787
6796.19490664231
6889.56464881189
6970.44127738021
7039.48231724356
7099.31789672876
7140.74253502447
7172.96170174657
7196.63292829204
7205.18087163149
7204.52333752053
7193.34525783628
7163.75622521792
7123.64665192255
7071.70147408491
7009.23576468544
6933.61939528922
6852.74277558152
6756.74291063437
6647.59241208073
6535.15428406999
6402.99021508843
6269.51113102496
6123.53898779911
5974.27924449013
5817.12918372007
5648.80115843163
5480.47320766108
5300.30977893412
5117.51631123382
4930.7777464924
4739.43655865783
4553.35569329908
4358.72702997247
4163.4409240705
3971.44254573469
3772.8689646415
3580.87074708369
3388.87260562447
3198.84712084056
3019.99967043122
2836.54959177325
2666.90763931865
2493.97810585964
2329.59646907346
2174.4202466656
2023.84674749411
1887.73885665415
1756.23367629631
1633.27635716101
1522.81204743161
1416.95043447081
1327.52697303851
1244.67877646082
1175.63862012606
1119.09144945951
1075.69478661827
1040.84595318769
1018.49009865589
1007.96969675926
1007.96969675926
1025.72287504734
1051.36635555697
1092.79044136565
1145.39245851558
1205.88478302321
1280.18514521566
1363.69087147694
1458.37454190713
1566.86626397582
1685.87841595939
1810.15079693365
1947.57372284569
2090.25688878268
2240.83040463494
2399.2942773181
2565.64851437442
2738.57807014883
2917.42542508385
3097.58789499559
3284.98323135922
3473.03616523962
3662.40422732288
3855.71753456184
4051.00350775732
4245.63203563049
4442.89076557244
4636.20440773497
4828.2030781395
5010.33888507555
5197.73501695398
5375.92580642759
5553.45914599871
5722.44466024921
5886.82752881388
6043.97761923414
6190.60726246806
6327.37397903719
6460.19555226102
6582.49664931025
6694.9347927272
6796.19490664231
6892.19478276795
6970.44127738021
7038.82478346304
7095.37269335273
7139.42746706205
7174.93430389344
7197.94799648358
7208.46854220611
7205.18087163149
7189.40005333291
7162.44115716346
7121.01651613944
7072.3590079306
7007.92069724527
6938.22213032925
6852.74277558152
6756.08537740629
6650.22254416789
6529.89402166345
6402.99021508843
6268.85359871515
6125.51158393531
5975.594308042
5816.47165222462
5650.77375204392
5477.18555310577
5300.30977893412
5116.20125061789
4931.43527650002
4744.69679632446
4552.04063446915
4360.04208821675
4161.46833757825
3967.49737442292
3773.5264929168
3577.58310704029
3391.50271664588
3203.44981339975
3018.02708860126
2841.80980820232
2662.30495141974
2492.00552593759
2330.2539955271
2173.1051941076
2029.10695644052
1885.10875277769
1756.23367629631
1632.61883145293
1518.86689385373
1416.95043447081
1325.55439681463
1245.33630179177
1178.26872119636
1121.06402510528
1073.06468592371
1038.87337776034
1018.49009865589
1005.33959630864
1009.28474698809
1026.38040017738
1053.33893101811
1093.44796655631
1144.73493327741
1203.25468185045
1278.21256912637
1363.69087147694
1459.03206744247
1568.83884090453
1687.85099324729
1809.49327104464
1945.60114474739
2088.94183640929
2237.54277287679
2399.9518038511
2567.6210945546
2739.23559708064
2916.11037078557
3098.24542237193
3280.38053806013
3473.03616523962
3662.40422732288
3857.03259134523
4054.29115111382
4246.94709353838
4442.89076557244
4633.57428956897
4824.2578990948
5012.31147548524
5196.41995607481
5377.89839864419
5554.77420807763
5722.44466024921
5887.48506043356
6038.71736407359
6188.6346659763
6327.37397903719
6460.19555226102
6584.46924800207
6694.9347927272
6800.14010649483
6889.56464881189
6967.81114281079
7038.82478346304
7094.7151594613
7142.05760299215
7178.22197416457
7196.63292829204
7210.44114456674
7203.20826930258
7189.40005333291
7161.78362313821
7122.33158402837
7073.6740756259
7010.55083213081
6938.22213032925
6850.77017534324
6754.11277772967
6648.24994510063
6528.57895607423
6406.93541045694
6270.16866333598
6126.82664803208
5976.2518398197
5814.49905774523
5649.45868963459
5475.21296038599
5298.33718710703
5121.46149310736
4932.09280650869
4744.69679632446
4552.04063446915
4358.06950085181
4162.12586640804
3968.15490297254
3772.8689646415
3582.18580310729
3394.13282768122
3202.79228588875
3018.68461587709
2837.20711882407
2659.67484406619
2491.34799929843
2330.91152198149
2172.4476678297
2028.44943031974
1885.76627874577
1755.57615046305
1630.64625433267
1517.5518426663
1420.23806195256
1326.86944762992
1246.6513524555
1178.26872119636
1119.74897467416
1071.09211040905
1040.18842804465
1015.85999816759
1006.65464653277
1011.91484745283
1027.03792530801
1052.68140586381
1090.81786579726
1140.78978186109
1202.59715655879
1276.23999304267
1368.29354959652
1459.68959297845
1570.81141783914
1683.2483129182
1811.46584871372
1940.34093651599
2090.91441497044
2237.54277287679
2401.92438345463
2565.64851437442
2741.20817788081
2912.82273505411
3100.21800450596
3278.40795523052
3473.03616523962
3661.08917108032
3861.63529011625
4049.03092175481
4251.54979624659
4436.97300238244
4635.54687819194
4818.99766042674
5015.59912618928
5194.44736476418
5383.15864460376
5548.85642875793
5725.73231691468
5881.56727589837
6042.00502354006
6185.34700518073
6331.31917356252
6458.88048693405
6586.44184670511
6694.27725961798
6798.82503987223
6886.27698139569
6967.15360917167
7034.87958080725
7098.66036282948
7140.74253502447
7180.85211040519
7196.63292829204
7210.44114456674
7202.55073519558
7188.74251925363
7161.78362313821
7124.30418587161
7074.3316094755
7011.86589958136
6936.24952959007
6854.05784241343
6750.82511162733
6646.93487906207
6528.57895607423
6405.6203453292
6269.51113102496
6126.82664803208
5973.62171271596
5813.84152625441
5647.48609602912
5476.52802219806
5299.652248324
5118.17384154339
4932.09280650869
4743.38173690162
4553.35569329908
4356.09691349572
4163.4409240705
3966.83984587425
3772.8689646415
3583.50085913447
3389.53013337851
3204.10734091159
3019.99967043122
2835.89206472324
2661.64742458018
2492.66305257751
2331.56904843662
2175.07777294569
2028.44943031974
1887.73885665415
1753.60357296733
1629.98872862724
1518.86689385373
1416.95043447081
1330.15707467911
1246.6513524555
1178.26872119636
1119.09144945951
1072.40716075156
1038.21585261907
1017.17504841056
1006.65464653277
1011.91484745283
1025.72287504734
1055.96903164128
1090.81786579726
1142.76235756653
1202.59715655879
1277.55504376452
1364.34839692071
1462.97722066798
1568.18131526097
1687.19346748399
1808.17821926867
1947.57372284569
2086.31173167111
2240.17287828184
2399.9518038511
2568.27862128287
2739.23559708064
2917.42542508385
3098.24542237193
3284.98323135922
3471.06358164682
3662.40422732288
3855.71753456184
4054.94867978796
4248.26215145015
4443.54829482075
4632.91676003001
4825.5729587722
5010.33888507555
5196.41995607481
5376.58333716535
5554.1166770376
5723.75972291196
5887.48506043356
6040.68995974992
6189.94973030294
6327.37397903719
6461.51061759291
6581.83911641548
6697.56492517671
6797.50997325473
6891.53724927701
6967.15360917167
7038.16724968382
7094.05762557118
7140.74253502447
7174.27676984317
7200.57813288252
7206.49593985738
7205.18087163149
7188.74251925363
7161.12608911427
7121.01651613944
7071.70147408491
7011.20836585544
6938.22213032925
6852.74277558152
6756.08537740629
6647.59241208073
6530.55155445992
6404.96281276717
6268.85359871515
6127.48418008225
5975.594308042
5817.78671521667
5649.45868963459
5476.52802219806
5298.33718710703
5116.85878092532
4931.43527650002
4744.69679632446
4553.35569329908
4360.04208821675
4162.78339523879
3968.15490297254
3771.55390809366
3581.52827509504
3390.18766113343
3202.79228588875
3018.68461587709
2839.83722703538
2662.30495141974
2493.32057921819
2327.62388971701
2172.4476678297
2026.47685196165
1886.42380471454
1756.23367629631
1633.93388286975
1518.86689385373
1416.95043447081
1325.55439681463
1244.67877646082
1176.29614539272
1119.74897467416
1075.03726144373
1041.50347833133
1017.83257353293
1007.31217164572
1009.94227210339
1024.40782478904
1053.99645617301
1092.79044136565
1146.04998375436
1207.19983361326
1280.84267058
1363.69087147694
1459.68959297845
1565.55121269327
1685.22089019809
1810.80832282334
1948.23124887986
2090.25688878268
2241.48793098877
2397.97922425436
2563.6759342012
2735.94796242954
2917.42542508385
3097.58789499559
3285.6407589768
3474.35122097255
3663.06175544551
3855.71753456184
4051.00350775732
4246.28956458395
4440.91817783349
4634.88934864993
4826.23048861247
5014.94159604635
5197.07748651385
5374.61074495538
5550.82902185437
5721.12959759105
5886.16999719536
6040.68995974992
6191.9223268019
6330.00410871587
6459.53801959691
6581.83911641548
6693.61972651001
6797.50997325473
6890.22218229898
6970.44127738021
7040.13985102538
7096.6877611395
7142.05760299215
7173.61923579421
7195.97539419824
7207.1534739723
7205.83840574377
7190.71512149542
7164.41375924712
7123.64665192255
7071.04394024052
7008.57823096471
6933.61939528922
6850.11264193304
6755.42784417949
6649.56501114422
6532.52415285679
6404.96281276717
6269.51113102496
6123.53898779911
5973.62171271596
5814.49905774523
5650.11622083869
5476.52802219806
5303.59743200119
5118.17384154339
4932.75033651841
4742.72420719175
4549.41051682138
4357.41197173213
4166.07103940695
3970.12748862701
3776.15660602713
3581.52827509504
3389.53013337851
3199.50464834647
3016.71203405209
2839.17969998135
2664.93505878584
2495.29315914484
2332.22657489249
2175.7352992265
2025.8193258437
1885.10875277769
1751.6309954777
1631.30378003876
1520.83947063975
1418.92301095795
1328.18449844772
1247.3088777883
1176.29614539272
1117.11887381916
1072.40716075156
1039.5309029022
1018.49009865589
1009.28474698809
1011.91484745283
1027.69545043922
1052.68140586381
1089.50281542132
1140.78978186109
1204.56973243561
1279.52761985194
1365.66344781012
1463.63474620781
1568.83884090453
1683.2483129182
1808.17821926867
1944.94361871602
2087.62678403877
2240.83040463494
2403.23943652741
2567.6210945546
2739.89312401324
2914.79531649055
3096.93036762009
3281.69559328415
3471.06358164682
3663.06175544551
3859.00517652726
4052.97609376837
4249.57720936581
4438.9455901035
4632.91676003001
4822.28530958648
5011.65394534761
5197.73501695398
5378.55592938527
5555.43173911878
5724.41725424505
5884.85493396183
6039.37489596452
6187.31960165447
6327.37397903719
6459.53801959691
6585.12678090184
6695.59232583769
6800.14010649483
6888.90711532608
6967.15360917167
7036.19464835397
7094.05762557118
7142.05760299215
7176.24937199794
7199.26306468041
7209.78361044521
2038.31232220595
7.21710914314488
5.24453621948939
7.21710914314488
7.87463345196976
9.18968207102955
9.18968207102955
9.84720638126452
6.55958483478997
5.90206052690478
5.90206052690478
5.24453621948939
8.53215776126459
9.18968207102955
9.18968207102955
9.84720638126452
7.21710914314488
7.21710914314488
4.58701191254363
6.55958483478997
7.21710914314488
9.18968207102955
8.53215776126459
11.1622550031452
7.21710914314488
5.90206052690478
5.24453621948939
5.90206052690478
7.21710914314488
8.53215776126459
9.18968207102955
10.5047306919697
8.53215776126459
5.90206052690478
3.92948760606743
5.24453621948939
7.21710914314488
8.53215776126459
8.53215776126459
10.5047306919697
8.53215776126459
6.55958483478997
4.58701191254363
6.55958483478997
6.55958483478997
9.18968207102955
8.53215776126459
10.5047306919697
7.21710914314488
8.53215776126459
4.58701191254363
6.55958483478997
4.58701191254363
8.53215776126459
9.18968207102955
9.18968207102955
9.18968207102955
7.87463345196976
5.90206052690478
5.90206052690478
5.90206052690478
7.87463345196976
8.53215776126459
9.18968207102955
9.18968207102955
8.53215776126459
5.24453621948939
7.87463345196976
4.58701191254363
7.21710914314488
7.87463345196976
9.18968207102955
9.18968207102955
8.53215776126459
5.24453621948939
5.90206052690478
5.24453621948939
7.21710914314488
8.53215776126459
7.87463345196976
8.53215776126459
9.18968207102955
5.90206052690478
5.90206052690478
6.55958483478997
5.90206052690478
8.53215776126459
8.53215776126459
8.53215776126459
7.87463345196976
5.90206052690478
6.55958483478997
5.24453621948939
7.21710914314488
7.87463345196976
9.18968207102955
8.53215776126459
9.18968207102955
6.55958483478997
5.90206052690478
