0.00525363042004806
0.0926994706151021
0.546399741173737
0.710783983489122
0.588482102805038
0.481961130777968
0.596372545947595
0.764702025058135
0.8883190173093
0.904099911836205
0.784428139076489
0.667386539022964
0.66344131695891
0.772592470585103
0.8948943899765
0.960648120764368
0.897524539064314
0.759441728099667
0.697633242400592
0.733140244021151
0.838346187480226
0.952757672674359
0.95670289670587
0.847551708440477
0.738400540741715
0.706838761131394
0.772592470585103
0.867277825276531
0.961963195456526
0.919880806793977
0.800209030773566
0.72261965072267
0.742345763313345
0.822565294745701
0.933031552921442
0.976429017268273
0.892264240900651
0.788373361960545
0.742345763313345
0.781797990502007
0.877798421197269
0.973798867820953
0.971168718385634
0.86201752738787
0.766017099305195
0.756811579638288
0.809414551128349
0.915935583014125
0.979059166727588
0.925141105209029
0.819935145998379
0.755496505412061
0.768647247808225
0.848866782875312
0.939606926097504
0.969853643672479
0.887003942784837
0.781797990502007
0.755496505412061
0.788373361960545
0.880428570207336
0.975113942543111
0.959333046075194
0.86201752738787
0.783113064787756
0.768647247808225
0.833085889854317
0.931716478295222
0.990894839443101
0.936976776818092
0.831770815455293
0.773907544850012
0.785743213368193
0.867277825276531
0.965908419551006
0.986949615177586
0.889634091836761
0.801524105101031
0.768647247808225
0.801524105101031
0.8948943899765
0.975113942543111
0.955387822025706
0.855442155094259
0.780482916219228
0.776537693388768
0.831770815455293
0.931716478295222
0.98431946568224
0.926456179820278
0.831770815455293
0.784428139076489
0.796263807809083
0.873853197704577
0.964593344849845
0.985634540428414
0.8948943899765
0.809414551128349
0.789688436261187
0.819935145998379
0.904099911836205
0.98431946568224
0.955387822025706
0.86201752738787
0.796263807809083
0.789688436261187
0.846236634008626
0.938291851456299
0.986949615177586
0.926456179820278
0.835716038661303
0.79363365918099
0.804154253764878
0.879113495700814
0.968538568962323
0.981689316198917
0.892264240900651
0.818620071629191
0.794948733493548
0.830455741059261
0.914620508426829
0.989579764684926
0.961963195456526
0.863332601855554
0.805469328101275
0.805469328101275
0.855442155094259
0.95144259800319
0.994840063735644
0.929086329051756
0.844921559579767
0.798893956449099
0.812044699827965
0.8883190173093
0.976429017268273
0.990894839443101
0.90146976271847
0.826510517889055
0.808099476783006
0.83703111306928
0.927771254434518
0.99878528805521
0.963278270151683
0.876483346696716
0.817304997262973
0.814674848539504
0.876483346696716
0.959333046075194
1.00536066198122
0.940922000741701
0.855442155094259
0.815989922899753
0.826510517889055
0.897524539064314
0.98300439093908
0.985634540428414
0.905414986399556
0.833085889854317
0.813359774182246
0.850181857313125
0.923826030600772
1.0001003628344
0.967223494255158
0.871223048724396
0.82519544350496
0.822565294745701
0.879113495700814
0.968538568962323
1.0014154376166
0.940922000741701
0.85938737846147
0.817304997262973
0.839661261894172
0.90146976271847
0.989579764684926
0.993524988968453
0.9001546881641
0.839661261894172
0.815989922899753
0.848866782875312
0.935661702182877
0.993524988968453
0.964593344849845
0.875168272199154
0.818620071629191
0.826510517889055
0.872538123212998
0.964593344849845
1.0001003628344
0.931716478295222
0.856757229547007
0.818620071629191
0.83703111306928
0.908045135535247
0.993524988968453
0.988264689929757
0.909360210107572
0.838346187480226
0.823880369123835
0.858072304002746
0.939606926097504
0.99878528805521
0.967223494255158
0.881743644716856
0.82519544350496
0.823880369123835
0.875168272199154
0.958017971389033
0.99615513850582
0.925141105209029
0.852812006197723
0.817304997262973
0.831770815455293
0.898839613612715
0.98300439093908
0.979059166727588
0.898839613612715
0.835716038661303
0.82519544350496
0.856757229547007
0.930401403671993
0.997470213279016
0.963278270151683
0.880428570207336
0.830455741059261
0.827825592276142
0.880428570207336
0.964593344849845
1.0001003628344
0.93434662755066
0.855442155094259
0.827825592276142
0.847551708440477
0.909360210107572
0.989579764684926
0.989579764684926
0.908045135535247
0.844921559579767
0.830455741059261
0.860702452923185
0.940922000741701
1.0001003628344
0.961963195456526
0.884373793744864
0.834400964256318
0.829140666666213
0.884373793744864
0.965908419551006
1.0014154376166
0.936976776818092
0.858072304002746
0.822565294745701
0.840976336311094
0.906730060965906
0.986949615177586
0.988264689929757
0.905414986399556
0.846236634008626
0.833085889854317
0.868592899756166
0.939606926097504
0.99878528805521
0.965908419551006
0.883058719229368
0.840976336311094
0.83703111306928
0.890949166367214
0.971168718385634
0.99878528805521
0.939606926097504
0.872538123212998
0.831770815455293
0.850181857313125
0.906730060965906
0.986949615177586
0.989579764684926
0.90146976271847
0.850181857313125
0.829140666666213
0.865962750799888
0.944867224692281
0.99878528805521
0.965908419551006
0.887003942784837
0.831770815455293
0.843606485153892
0.890949166367214
0.969853643672479
1.0014154376166
0.931716478295222
0.864647676326229
0.833085889854317
0.844921559579767
0.91725065760442
0.990894839443101
0.986949615177586
0.909360210107572
0.844921559579767
0.833085889854317
0.867277825276531
0.944867224692281
1.00667573677543
0.963278270151683
0.885688868263358
0.844921559579767
0.839661261894172
0.89357931543708
0.977744091996435
1.00536066198122
0.943552150039089
0.865962750799888
0.839661261894172
0.86201752738787
0.922510955995513
0.997470213279016
0.988264689929757
0.913305433842531
0.858072304002746
0.83703111306928
0.873853197704577
0.950127523335013
1.00404558719001
0.969853643672479
0.8883190173093
0.847551708440477
0.847551708440477
0.896209464518911
0.975113942543111
1.00404558719001
0.935661702182877
0.873853197704577
0.844921559579767
0.860702452923185
0.927771254434518
0.997470213279016
0.989579764684926
0.913305433842531
0.858072304002746
0.842291410731001
0.873853197704577
0.95144259800319
1.0001003628344
0.963278270151683
0.890949166367214
0.840976336311094
0.848866782875312
0.898839613612715
0.977744091996435
1.00404558719001
0.935661702182877
0.872538123212998
0.844921559579767
0.86201752738787
0.926456179820278
0.994840063735644
0.989579764684926
0.914620508426829
0.858072304002746
0.844921559579767
0.876483346696716
0.950127523335013
1.0027305124018
0.961963195456526
0.885688868263358
0.843606485153892
0.843606485153892
0.892264240900651
0.969853643672479
0.997470213279016
0.93434662755066
0.869907974238785
0.843606485153892
0.85938737846147
0.925141105209029
0.992209914204281
0.989579764684926
0.909360210107572
0.863332601855554
0.847551708440477
0.881743644716856
0.952757672674359
1.0027305124018
0.969853643672479
0.8948943899765
0.852812006197723
0.847551708440477
0.9001546881641
0.980374241461753
1.0001003628344
0.943552150039089
0.871223048724396
0.840976336311094
0.860702452923185
0.921195881393253
0.994840063735644
0.988264689929757
0.910675284682902
0.858072304002746
0.844921559579767
0.880428570207336
0.959333046075194
1.00536066198122
0.964593344849845
0.892264240900651
0.850181857313125
0.851496931753935
0.902784837275846
0.980374241461753
1.0001003628344
0.938291851456299
0.869907974238785
0.843606485153892
0.858072304002746
0.921195881393253
0.994840063735644
0.986949615177586
0.911990359261218
0.855442155094259
0.843606485153892
0.875168272199154
0.948812448669834
1.00404558719001
0.960648120764368
0.890949166367214
0.850181857313125
0.851496931753935
0.898839613612715
0.972483793101794
1.0001003628344
0.938291851456299
0.873853197704577
0.848866782875312
0.863332601855554
0.930401403671993
0.99878528805521
0.990894839443101
0.918565732197699
0.856757229547007
0.847551708440477
0.880428570207336
0.954072747348533
1.00404558719001
0.964593344849845
0.89357931543708
0.855442155094259
0.856757229547007
0.906730060965906
0.976429017268273
1.00404558719001
0.944867224692281
0.871223048724396
0.854127080644496
0.865962750799888
0.93434662755066
1.0014154376166
0.985634540428414
0.919880806793977
0.865962750799888
0.847551708440477
0.881743644716856
0.95670289670587
1.00404558719001
0.967223494255158
0.8883190173093
0.854127080644496
0.850181857313125
0.897524539064314
0.981689316198917
1.0001003628344
0.942237075388896
0.880428570207336
0.850181857313125
0.872538123212998
0.926456179820278
1.0014154376166
0.990894839443101
0.913305433842531
0.868592899756166
0.847551708440477
0.872538123212998
0.961963195456526
1.00536066198122
0.969853643672479
0.897524539064314
0.851496931753935
0.851496931753935
0.897524539064314
0.979059166727588
1.00536066198122
0.935661702182877
0.880428570207336
0.851496931753935
0.872538123212998
0.938291851456299
1.0001003628344
0.99615513850582
0.921195881393253
0.867277825276531
0.863332601855554
0.889634091836761
0.965908419551006
1.01588126041906
0.976429017268273
0.904099911836205
0.86201752738787
0.86201752738787
0.913305433842531
0.988264689929757
1.00536066198122
0.946182299348472
0.880428570207336
0.856757229547007
0.873853197704577
0.933031552921442
0.99878528805521
0.988264689929757
0.918565732197699
0.865962750799888
0.852812006197723
0.884373793744864
0.955387822025706
1.00799081157265
0.969853643672479
0.898839613612715
0.860702452923185
0.858072304002746
0.908045135535247
0.98300439093908
1.00404558719001
0.944867224692281
0.884373793744864
0.858072304002746
0.872538123212998
0.936976776818092
1.0027305124018
0.989579764684926
0.918565732197699
0.869907974238785
0.856757229547007
0.890949166367214
0.960648120764368
1.00930588637287
0.967223494255158
0.892264240900651
0.855442155094259
0.86201752738787
0.908045135535247
0.981689316198917
1.00799081157265
0.942237075388896
0.880428570207336
0.855442155094259
0.876483346696716
0.933031552921442
0.997470213279016
0.980374241461753
0.918565732197699
0.868592899756166
0.856757229547007
0.8883190173093
0.960648120764368
1.00404558719001
0.963278270151683
0.897524539064314
0.855442155094259
0.863332601855554
0.906730060965906
0.98431946568224
1.00667573677543
0.938291851456299
0.8883190173093
0.85938737846147
0.876483346696716
0.936976776818092
1.00536066198122
0.990894839443101
0.922510955995513
0.868592899756166
0.85938737846147
0.887003942784837
0.961963195456526
1.01062096117609
0.965908419551006
0.90146976271847
0.863332601855554
0.860702452923185
0.910675284682902
0.980374241461753
1.00667573677543
0.944867224692281
0.879113495700814
0.858072304002746
0.871223048724396
0.935661702182877
1.0027305124018
0.985634540428414
0.919880806793977
0.864647676326229
0.856757229547007
0.8948943899765
0.963278270151683
1.01193603598234
0.968538568962323
0.896209464518911
0.865962750799888
0.864647676326229
0.913305433842531
0.98300439093908
1.0027305124018
0.943552150039089
0.884373793744864
0.851496931753935
0.879113495700814
0.935661702182877
1.00536066198122
0.993524988968453
0.915935583014125
0.871223048724396
0.860702452923185
0.889634091836761
0.968538568962323
1.01062096117609
0.968538568962323
0.90146976271847
0.86201752738787
0.864647676326229
0.911990359261218
0.981689316198917
0.99878528805521
0.938291851456299
0.879113495700814
0.851496931753935
0.864647676326229
0.930401403671993
0.992209914204281
0.98300439093908
0.913305433842531
0.867277825276531
0.852812006197723
0.8883190173093
0.959333046075194
1.00404558719001
0.968538568962323
0.898839613612715
0.863332601855554
0.864647676326229
0.913305433842531
0.979059166727588
1.0027305124018
0.939606926097504
0.877798421197269
0.848866782875312
0.872538123212998
0.931716478295222
1.0001003628344
0.985634540428414
0.909360210107572
0.865962750799888
0.847551708440477
0.885688868263358
0.952757672674359
1.0027305124018
0.959333046075194
0.896209464518911
0.856757229547007
0.85938737846147
0.913305433842531
0.988264689929757
1.00667573677543
0.946182299348472
0.881743644716856
0.860702452923185
0.877798421197269
0.939606926097504
1.00404558719001
0.989579764684926
0.922510955995513
0.873853197704577
0.86201752738787
0.889634091836761
0.964593344849845
1.00799081157265
0.968538568962323
0.902784837275846
0.863332601855554
0.863332601855554
0.914620508426829
0.98300439093908
1.00404558719001
0.943552150039089
0.887003942784837
0.864647676326229
0.883058719229368
0.946182299348472
1.00799081157265
0.993524988968453
0.923826030600772
0.873853197704577
0.863332601855554
0.90146976271847
0.961963195456526
1.01325111079156
0.967223494255158
0.898839613612715
0.864647676326229
0.860702452923185
0.911990359261218
0.986949615177586
1.0027305124018
0.943552150039089
0.881743644716856
0.856757229547007
0.876483346696716
0.93434662755066
1.00930588637287
0.992209914204281
0.91725065760442
0.873853197704577
0.855442155094259
0.89357931543708
0.964593344849845
1.00536066198122
0.971168718385634
0.897524539064314
0.860702452923185
0.86201752738787
0.909360210107572
0.985634540428414
1.0027305124018
0.939606926097504
0.884373793744864
0.856757229547007
0.873853197704577
0.935661702182877
0.99878528805521
0.993524988968453
0.91725065760442
0.871223048724396
0.860702452923185
0.884373793744864
0.959333046075194
1.0014154376166
0.958017971389033
0.890949166367214
0.858072304002746
0.858072304002746
0.909360210107572
0.979059166727588
1.00536066198122
0.940922000741701
0.881743644716856
0.85938737846147
0.869907974238785
0.933031552921442
1.0001003628344
0.981689316198917
0.913305433842531
0.869907974238785
0.856757229547007
0.885688868263358
0.963278270151683
1.0014154376166
0.965908419551006
0.8948943899765
0.865962750799888
0.865962750799888
0.911990359261218
0.98300439093908
0.99878528805521
0.940922000741701
0.884373793744864
0.856757229547007
0.872538123212998
0.931716478295222
0.997470213279016
0.985634540428414
0.915935583014125
0.871223048724396
0.85938737846147
0.890949166367214
0.960648120764368
1.00799081157265
0.963278270151683
0.897524539064314
0.860702452923185
0.867277825276531
0.913305433842531
0.988264689929757
1.0027305124018
0.939606926097504
0.887003942784837
0.863332601855554
0.879113495700814
0.936976776818092
1.0001003628344
0.989579764684926
0.922510955995513
0.875168272199154
0.86201752738787
0.892264240900651
0.961963195456526
1.00799081157265
0.975113942543111
0.90146976271847
0.865962750799888
0.871223048724396
0.913305433842531
0.988264689929757
1.0001003628344
0.943552150039089
0.885688868263358
0.860702452923185
0.877798421197269
0.942237075388896
1.00404558719001
0.988264689929757
0.923826030600772
0.876483346696716
0.865962750799888
0.897524539064314
0.961963195456526
1.01062096117609
0.969853643672479
0.9001546881641
0.868592899756166
0.869907974238785
0.918565732197699
0.993524988968453
1.00799081157265
0.947497374007646
0.889634091836761
0.865962750799888
0.881743644716856
0.939606926097504
1.00667573677543
0.99615513850582
0.923826030600772
0.883058719229368
0.868592899756166
0.90146976271847
0.965908419551006
1.00799081157265
0.969853643672479
0.905414986399556
0.869907974238785
0.873853197704577
0.918565732197699
0.994840063735644
1.00930588637287
0.939606926097504
0.8883190173093
0.871223048724396
0.885688868263358
0.943552150039089
1.00404558719001
0.99615513850582
0.926456179820278
0.877798421197269
0.871223048724396
0.904099911836205
0.969853643672479
1.0145661856038
0.965908419551006
0.906730060965906
0.873853197704577
0.872538123212998
0.923826030600772
0.989579764684926
1.00930588637287
0.948812448669834
0.889634091836761
0.869907974238785
0.885688868263358
0.946182299348472
1.00667573677543
0.990894839443101
0.925141105209029
0.880428570207336
0.85938737846147
0.902784837275846
0.965908419551006
1.01062096117609
0.971168718385634
0.90146976271847
0.872538123212998
0.876483346696716
0.918565732197699
0.990894839443101
1.00404558719001
0.948812448669834
0.892264240900651
0.864647676326229
0.884373793744864
0.942237075388896
1.00799081157265
0.992209914204281
0.918565732197699
0.880428570207336
0.867277825276531
0.896209464518911
0.965908419551006
1.00536066198122
0.963278270151683
0.896209464518911
0.868592899756166
0.867277825276531
0.913305433842531
0.98300439093908
0.99878528805521
0.938291851456299
0.883058719229368
0.86201752738787
0.876483346696716
0.940922000741701
1.0001003628344
0.989579764684926
0.927771254434518
0.877798421197269
0.865962750799888
0.897524539064314
0.964593344849845
1.01193603598234
0.969853643672479
0.906730060965906
0.871223048724396
0.873853197704577
0.922510955995513
0.985634540428414
1.0014154376166
0.942237075388896
0.8883190173093
0.867277825276531
0.880428570207336
0.940922000741701
1.0014154376166
0.98300439093908
0.922510955995513
0.876483346696716
0.865962750799888
0.90146976271847
0.967223494255158
1.00930588637287
0.969853643672479
0.904099911836205
0.873853197704577
0.873853197704577
0.921195881393253
0.993524988968453
1.00930588637287
0.948812448669834
0.889634091836761
0.869907974238785
0.880428570207336
0.943552150039089
0.99878528805521
0.994840063735644
0.922510955995513
0.884373793744864
0.867277825276531
0.904099911836205
0.969853643672479
1.00930588637287
0.971168718385634
0.909360210107572
0.875168272199154
0.883058719229368
0.921195881393253
0.99878528805521
1.01193603598234
0.947497374007646
0.8948943899765
0.871223048724396
0.889634091836761
0.948812448669834
1.01062096117609
0.993524988968453
0.929086329051756
0.884373793744864
0.873853197704577
0.90146976271847
0.975113942543111
1.01719633523731
0.969853643672479
0.914620508426829
0.877798421197269
0.877798421197269
0.926456179820278
0.990894839443101
1.01325111079156
0.955387822025706
0.890949166367214
0.879113495700814
0.883058719229368
0.952757672674359
1.01193603598234
0.989579764684926
0.922510955995513
0.885688868263358
0.872538123212998
0.905414986399556
0.968538568962323
0.940922000741701
0.575331364470465
0.325467392047898
0.301796073834545
0.258398659567348
0.201850518467531
0.205795737439345
0.182124424001124
0.162398330188715
0.167658621808108
0.1453023827466
0.1453023827466
0.136096872788634
0.133466727112484
0.125576290153624
0.112425562120841
0.112425562120841
0.104535125440314
0.103220052670373
0.101904979903324
0.096644688864103
0.101904979903324
0.096644688864103
0.0953296161115418
0.0953296161115418
0.0900693251302513
0.0940145433618724
0.086124106924693
0.0848090341952954
0.0834939614687968
0.0834939614687968
0.0887542523921709
0.0848090341952954
0.0821788887451831
0.0834939614687968
0.0782336705917359
0.0782336705917359
0.0782336705917359
0.0769185978797111
0.0782336705917359
0.0782336705917359
0.0756035251705782
0.0742884524643372
0.0742884524643372
0.0756035251705782
0.0716583070605452
0.0742884524643372
0.0716583070605452
0.0585075802151636
0.0703432343629871
0.0703432343629871
0.0703432343629871
0.0703432343629871
0.0716583070605452
0.0690281616683208
0.0677130889765536
0.0690281616683208
0.0677130889765536
0.0677130889765536
0.0703432343629871
0.0637678709186034
0.0663980162876783
0.0637678709186034
0.0650829436016949
0.0650829436016949
0.0637678709186034
0.0650829436016949
0.0637678709186034
0.0624527982384038
0.0611377255610961
0.0598226528866874
0.0611377255610961
0.0611377255610961
0.0624527982384038
0.0637678709186034
0.0611377255610961
0.0624527982384038
0.0598226528866874
0.0585075802151636
0.0571925075465387
0.0624527982384038
0.0598226528866874
0.0611377255610961
0.0598226528866874
0.0571925075465387
0.0571925075465387
0.0571925075465387
0.0637678709186034
0.0598226528866874
0.0585075802151636
0.0598226528866874
0.0558774348807987
0.0637678709186034
0.0611377255610961
0.0598226528866874
0.0611377255610961
0.0545623622179576
0.0585075802151636
0.0611377255610961
0.0598226528866874
0.325467392047898
2.13764118854802
3.53688538886091
3.91957406071493
3.24362243810068
1.89829714685129
1.55900741787109
2.49271221139514
3.36066458271727
3.40274715791761
2.5742470714811
1.2631153792505
1.17106010976124
2.2546830928765
3.68680462883032
4.32461942444745
3.95508127138979
2.60186372041716
1.08558022993163
1.26180030386751
2.57161691451297
3.93930028856605
4.39300373830412
3.83540883034259
2.33227268365734
1.06059380592664
1.60766523460853
3.02794934047321
4.13130227911495
4.24045412769129
3.3501439394426
1.78257039446043
1.13555308120639
2.09161348017819
3.44614481711896
4.17733016422974
3.90642324256613
2.74783745964729
1.31834854807796
1.3643761928649
2.61501450611961
3.82357309591921
4.2378239623914
3.61052992241412
2.26914894795174
1.3906777058469
1.85752976542619
2.86750965373633
3.73414755567169
3.74203804389757
3.02531918128582
2.0390103895968
1.69972057509472
2.21260060755257
3.20680019571558
3.83146358550476
3.63946170629322
3.05162077374363
2.60317879897304
2.54005503188993
2.75835809102721
3.06345649077318
3.1344707984784
2.88460568364022
2.43747892602617
2.08109286166127
2.20339506431768
2.85041362437733
3.53030998458355
3.53425522714006
3.00822314688394
2.4519447859384
2.28098464784258
2.46904080269366
2.95825012638689
3.20811527575667
3.04110013660476
2.53216456152096
2.00876361477817
1.99166761235066
2.5913430920851
3.46850118840961
3.74861345084397
3.31858201087833
2.68076843942666
2.36646471020432
2.45325986413129
2.80701601383405
3.08975808511411
3.05293585340059
2.68997399072804
2.19024428853522
1.95879068608749
2.35594408642365
3.21600575607179
3.7183665795792
3.45009005904226
2.80701601383405
2.32175206053444
2.30728620407064
2.68076843942666
3.10290888277209
3.19759463551933
2.87540012900885
2.32701237207061
1.93117406953197
2.14421657577164
2.92274298308349
3.64735219308414
3.64340694967375
3.04241521623576
2.45983525514336
2.28361480340858
2.49928760288391
2.9871818745258
3.21337559595369
3.0542509330608
2.56372644368506
2.05742147073079
2.03506515800498
2.63079544938424
3.47244643050093
3.72888723025432
3.28044468304851
2.65183670778643
2.32832744996255
2.43353369157131
2.83726283293331
3.14499143746382
3.08318268640703
2.68997399072804
2.17051812545102
1.96142084011683
2.39145119249541
3.27255420177234
3.74203804389757
3.47507659191161
2.7793993544037
2.31386159332498
2.29808065924719
2.66761765212543
3.11474460094232
3.21337559595369
2.88855092138778
2.3546290084653
1.96668114821291
2.17446335801129
2.93326361789067
3.65392759883444
3.62894105742432
3.0226890221114
2.46641064623483
2.30465604839101
2.52427409126663
2.98981203352521
3.18312875553398
3.01216838554344
2.52821932637946
2.04164054400699
2.04164054400699
2.64263115713475
3.47639167262189
3.69864036013686
3.24493751823324
2.588712935034
2.26651879245514
2.37567025617857
2.82805727911413
3.18575891550196
3.14367635757925
2.71233033025641
2.17840859059984
1.96931130227964
2.40460197310791
3.25019783879617
3.74992853224324
3.45140513968994
2.80833109288992
2.34542346284545
2.33490283946967
2.70443985737594
3.07003188923658
3.13184063876461
2.83200251644588
2.28492988119631
1.92065345406255
2.14158642087278
2.97008584134527
3.66707841058386
3.63551646294253
3.00690806733726
2.4611503333553
2.31780682691549
2.55320581609308
3.00559298779381
3.17786843563717
3.00296282871664
2.52558916963439
2.03243500362605
2.04821593008717
2.65315178646375
3.4948028029121
3.72888723025432
3.22389623650446
2.59923356331499
2.28756003678124
2.4032868950324
2.83463267468316
3.17129303583953
3.1265803193761
2.69917954218639
2.17972366813564
1.97325653340315
2.41117736353301
3.24888275865053
3.74466820666614
3.43562417213502
2.77150888054114
2.27703941451724
2.27440925898279
2.67682320320268
3.0923882446197
3.18838907548298
2.87013981214761
2.30071081489525
1.92722883870758
2.1639427379134
2.97797631812984
3.69732527886729
3.66050300466767
3.00690806733726
2.43616384787138
2.28229972562399
2.52821932637946
2.97666123865765
3.16208747625975
2.98849695402388
2.49665744627886
2.00087315205376
2.01665407761499
2.69786446339702
3.51978933791151
3.75913410213131
3.22784147676489
2.57819230695725
2.24942278203461
2.37304010017011
2.83989299119634
3.16734779600007
3.10159380299166
2.68734383319735
2.14684673068306
1.94037960823118
2.37040994417429
3.28702008420198
3.76833967218254
3.49085756065264
2.80044061860296
2.34542346284545
2.33227268365734
2.6820835181744
3.05162077374363
3.11737476057149
2.82542712090905
2.31123143761377
1.9390645312648
2.16525781541464
2.9871818745258
3.68285938512127
3.64077678741675
2.99244219253758
2.40986228544164
2.27177910346096
2.52558916963439
2.95035964989354
3.13578587834018
2.96482552355364
2.46509556801019
1.97983191867136
1.99824299783727
2.65315178646375
3.51978933791151
3.74992853224324
3.24756767850817
2.60580895609436
2.33095760575591
2.43090353528392
2.82016680453754
3.08186760667537
3.0384699773525
2.65052162911231
2.15342211801654
1.95353037806623
2.38487580230797
3.24099227784537
3.73677771840034
3.41852812448538
2.78202951238361
2.34410838491241
2.34673854078166
2.6912890694982
3.02005886294996
3.0739771283536
2.80438585573196
2.28361480340858
1.92854391564593
2.13369595625151
2.9411540941318
3.65129743652437
3.61316008451869
2.98060647708392
2.42301306649792
2.3099163597629
2.54926058079868
2.95167472930101
3.10290888277209
2.93326361789067
2.45457494232735
2.00087315205376
2.00613346052422
2.65183670778643
3.49874804520123
3.72099674222803
3.21600575607179
2.5821375424621
2.30465604839101
2.41906783214774
2.82805727911413
3.10422396255577
3.04767553479221
2.64526131444781
2.14421657577164
1.949585147083
2.38882103641093
3.25151291894507
3.75650393928949
3.43299401092195
2.80175569764274
2.35988932031767
2.36777978819115
2.70707001498995
3.0332096588869
3.08186760667537
2.80833109288992
2.28624495898719
1.9509002240743
2.15342211801654
2.93852393537182
3.65129743652437
3.59869419310755
2.9871818745258
2.44799955137879
2.34805361872102
2.58082246395729
2.97008584134527
3.10027872321448
2.93063345916948
2.45589002052659
2.01139376904462
2.01533900046772
2.65446686514426
3.47376151120462
3.72099674222803
3.20153987558385
2.59002801355795
2.30728620407064
2.42958845714499
2.85435886187337
3.11342952113262
3.05162077374363
2.64526131444781
2.15473719549266
1.95879068608749
2.39934166082488
3.24099227784537
3.73677771840034
3.41195272169126
2.77808427541858
2.33490283946967
2.34542346284545
2.70970017261677
3.05688109239096
3.11342952113262
2.80570093478139
2.30597112622925
1.94695499310976
2.17314828048805
2.95430488812566
3.66970857297356
3.62499581415318
3.00296282871664
2.44668447319861
2.32964252785765
2.55320581609308
2.95693504696325
3.10816920192634
2.9437842529047
2.4611503333553
2.0179691547654
2.02454454056429
2.66893273084115
3.4921726414025
3.72888723025432
3.21206051589953
2.58739785651323
2.29808065924719
2.41643767593015
2.79781046053304
3.08975808511411
3.03189457927861
2.64657639310914
2.13895626598647
1.94563991612781
2.37698533418756
3.27255420177234
3.73151739295635
3.4106376411423
2.75178269639068
2.32964252785765
2.33490283946967
2.68734383319735
3.05819617206091
3.11605968075528
2.82016680453754
2.30860128191519
1.9509002240743
2.17183320296797
2.95035964989354
3.6710236541734
3.6328863007253
2.98323663605095
2.38750595837345
2.2546830928765
2.50454791613218
2.97666123865765
3.16208747625975
2.98586679503094
2.46509556801019
1.99429776653594
2.00481838340192
2.67813828194081
3.50137820674382
3.73677771840034
3.21995099627343
2.56109628676794
2.25073785974035
2.37435517817276
2.84383822861505
3.15945731640915
3.09370332437737
2.6912890694982
2.13895626598647
1.96142084011683
2.39408134859256
3.29359548543731
3.75913410213131
3.45535038165276
2.7386319073584
2.27966957006431
2.28229972562399
2.68471367567947
3.07660728778119
3.14499143746382
2.82674220000998
2.30465604839101
1.93774945430155
2.15342211801654
2.9437842529047
3.67233873537655
3.61710532770037
2.99375727204863
2.41380751972523
2.29413542579878
2.54663042395168
2.95298980871172
3.12132000003965
2.95430488812566
2.46378048978872
2.00744853764963
2.02585961773343
2.66893273084115
3.51584409546398
3.73020231160367
3.20811527575667
2.55583597297196
2.29413542579878
2.40854720735346
2.82805727911413
3.10290888277209
3.04504537550749
2.63605576390805
2.13501103368055
1.9522153010687
2.39802658276205
3.24888275865053
3.75387377646101
3.40274715791761
2.74126206513919
2.2967655814279
2.3204369826583
2.70838509380176
3.06082633141055
3.12263507986888
2.79649538150289
2.28098464784258
1.92459868484023
2.16788797042654
2.96482552355364
3.67365381658302
3.62105057091187
2.97534615918871
2.41906783214774
2.28492988119631
2.53873995348714
2.98455171553933
3.15551207665769
2.97797631812984
2.46641064623483
2.00218822916669
2.00876361477817
2.67813828194081
3.51321393384879
3.76439442785489
3.22784147676489
2.5821375424621
2.27046402570478
2.39539642664589
2.84120807033269
3.13578587834018
3.071346968939
2.67287796700751
2.13632611111272
1.949585147083
2.40065673889088
3.25545815941141
3.74466820666614
3.4106376411423
2.75572793316297
2.3099163597629
2.32438221629621
2.70575493618134
3.06477157045936
3.11737476057149
2.80833109288992
2.28756003678124
1.93774945430155
2.17051812545102
2.95167472930101
3.66050300466767
3.6013243551525
2.99638743108043
2.43879400418414
2.32964252785765
2.57293199299544
2.96219536467723
3.10553904234271
2.93852393537182
2.46904080269366
2.02585961773343
2.01665407761499
2.6570970225149
3.49874804520123
3.72099674222803
3.19233431547898
2.56109628676794
2.30071081489525
2.42169798837802
2.83594775380661
3.10553904234271
3.04241521623576
2.64131607848302
2.14290149832065
1.95353037806623
2.39539642664589
3.24230735797139
3.71705149825979
3.39354159430504
2.75309777531157
2.32306713841374
2.33358776156192
2.68471367567947
3.04373029587001
3.10553904234271
2.81227633007683
2.28492988119631
1.9364343773414
2.16525781541464
2.945099332296
3.66707841058386
3.59869419310755
2.9661406029967
2.40460197310791
2.2967655814279
2.56767167908466
2.96877076189251
3.11868984039096
2.9477294910883
2.45720509872901
2.01665407761499
2.02322946339826
2.66761765212543
3.48428215695285
3.71310625432145
3.18312875553398
2.56241136522491
2.2730941812203
2.4032868950324
2.8464683869103
3.1305255589126
3.0660866501488
2.64920655044138
2.15079196307374
1.96668114821291
2.40986228544164
3.2567732395734
3.73677771840034
3.40274715791761
2.75967316996415
2.32438221629621
2.33095760575591
2.69917954218639
3.0595112517341
3.12132000003965
2.82937235822149
2.2967655814279
1.96142084011683
2.18235382321667
2.9411540941318
3.65524267999445
3.60526959824475
2.96351044411382
2.4032868950324
2.30860128191519
2.54926058079868
2.97666123865765
3.11868984039096
2.945099332296
2.4519447859384
2.00613346052422
2.02585961773343
2.67287796700751
3.50795361065803
3.72494198622621
3.19364939548417
2.57819230695725
2.2967655814279
2.41117736353301
2.83857791206321
3.11342952113262
3.0542509330608
2.64920655044138
2.14158642087278
1.96668114821291
2.40065673889088
3.25414307925269
3.75124361364583
3.40932256059663
2.77808427541858
2.34279330698254
2.36646471020432
2.72022080325231
3.0542509330608
3.08975808511411
2.80964617194901
2.29150527018229
1.96405099415863
2.16131258292035
2.9477294910883
3.65261251767775
3.59474895006495
2.9661406029967
2.44273923867708
2.32569729418183
2.5742470714811
2.97403107972299
3.11211444132616
2.93720885599668
2.47430111564944
2.00481838340192
2.02454454056429
2.66761765212543
3.50269328752007
3.72625706756558
3.17523827570833
2.57161691451297
2.29019019237879
2.42169798837802
2.84909854521843
3.12395015970136
3.04504537550749
2.65446686514426
2.1271205691534
1.95484545506687
2.37830041219971
3.26203356025404
3.72888723025432
3.4132678022435
2.75835809102721
2.34936869666355
2.34805361872102
2.69786446339702
3.06082633141055
3.11342952113262
2.81359140914557
2.30334097055593
1.94563991612781
2.15473719549266
2.98060647708392
3.66050300466767
3.61842040876756
2.96219536467723
2.43353369157131
2.30597112622925
2.56767167908466
2.98981203352521
3.12789539921834
2.93589377662477
2.47167095916519
2.00613346052422
2.02059930907559
2.65052162911231
3.49874804520123
3.71310625432145
3.20417003564318
2.56241136522491
2.28887511457843
2.4203829102613
2.8530437827048
3.15419699674705
3.10159380299166
2.70180969977476
2.17577843553766
1.98377714986971
2.41512259782611
3.24230735797139
3.71705149825979
3.39617175532077
2.7793993544037
2.35331393051012
2.3546290084653
2.69786446339702
3.05293585340059
3.09764856366989
2.81227633007683
2.28887511457843
1.95353037806623
2.15736735045432
2.95825012638689
3.64866727422756
3.60658467928213
2.94246917351663
2.4203829102613
2.29808065924719
2.55846612986357
2.98192155656582
3.12526523953709
2.93457869725611
2.47956142865606
2.01270884618253
2.02980484925963
2.64394623578968
3.49348772215564
3.70127052268597
3.18049859557905
2.55715105141616
2.28756003678124
2.41380751972523
2.85435886187337
3.16997795588978
3.12000492021368
2.68734383319735
2.19813475396695
1.99955807494396
2.41380751972523
3.24230735797139
3.72757214890829
3.41195272169126
2.79649538150289
2.36909486618114
2.37567025617857
2.70707001498995
3.03189457927861
3.08449776614194
2.80307077668574
2.29413542579878
1.97194145635886
2.17051812545102
2.94904457048931
3.65787284232442
3.59869419310755
2.93194853852845
2.37961549021503
2.27703941451724
2.54400026711742
2.97403107972299
3.13315571861988
2.95167472930101
2.44405431684775
1.99824299783727
2.01928423191893
2.68602875443681
3.50795361065803
3.72231182355743
3.18049859557905
2.56767167908466
2.28756003678124
2.41117736353301
2.87013981214761
3.16340255618994
3.10422396255577
2.70180969977476
2.17183320296797
1.98377714986971
2.38093056823352
3.25940339990718
3.73809279976965
3.43693925274649
2.78991998640044
2.35331393051012
2.3546290084653
2.70049462097898
3.05688109239096
3.10422396255577
2.81885172545271
2.30465604839101
1.98903745817786
2.17446335801129
2.95561996754284
3.64340694967375
3.58028305916364
2.92800330046122
2.40986228544164
2.29019019237879
2.54926058079868
2.97797631812984
3.12921047906384
2.93983901475018
2.46246541157043
1.99429776653594
2.0271746949057
2.65183670778643
3.49743296443489
3.7025856039655
3.18838907548298
2.54005503188993
2.26914894795174
2.40197181696006
2.83857791206321
3.13315571861988
3.06082633141055
2.66367241599748
2.13764118854802
1.9706263793177
2.38750595837345
3.26729388098702
3.74072296251827
3.41721304391998
2.75704301209348
2.33753299529464
2.34147822905582
2.68997399072804
3.05162077374363
3.11342952113262
2.81359140914557
2.31386159332498
1.95616053207063
2.16525781541464
2.9661406029967
3.66181808584427
3.60000927412837
2.94246917351663
2.42169798837802
2.30334097055593
2.55320581609308
2.9661406029967
3.10948428172302
2.93194853852845
2.47035588092783
2.00218822916669
2.0284897720811
2.68076843942666
3.49743296443489
3.70390068524836
3.16077239633282
2.55189073765843
2.28361480340858
2.41380751972523
2.83857791206321
3.12789539921834
3.0542509330608
2.65578194382798
2.13632611111272
1.96668114821291
2.39408134859256
3.27386928197686
3.74992853224324
3.42510352736175
2.74783745964729
2.32964252785765
2.33884807321187
2.69654938461085
3.06082633141055
3.11211444132616
2.81885172545271
2.30597112622925
1.9574756090775
2.17183320296797
2.96877076189251
3.66444824820743
3.60658467928213
2.95298980871172
2.42827337900923
2.3099163597629
2.56504152214841
2.97403107972299
3.12395015970136
2.9437842529047
2.48350666344441
2.00876361477817
2.04427069842968
2.65578194382798
3.50532344908245
3.69995544140975
3.19364939548417
2.56635660061495
2.29545050361176
2.42301306649792
2.83726283293331
3.12921047906384
3.05293585340059
2.66367241599748
2.13501103368055
1.97194145635886
2.3927662705424
3.27912960282763
3.74992853224324
3.43167893032036
2.7438922229328
2.33621791738057
2.34673854078166
2.70443985737594
3.05688109239096
3.10816920192634
2.81885172545271
2.31912190478532
1.97194145635886
2.18103874567458
2.96745568244298
3.65129743652437
3.58554338308142
2.92668822111195
2.41512259782611
2.31254651546779
2.56504152214841
2.97140092080128
3.11737476057149
2.93194853852845
2.47693127214639
2.0376953123964
2.05742147073079
2.67024780956007
3.49874804520123
3.68285938512127
3.15945731640915
2.52953440475678
2.28624495898719
2.41249244162753
2.85041362437733
3.14499143746382
3.06082633141055
2.66104225859485
2.15868242793985
1.98246207280047
2.39671150470239
3.26597880079887
3.7144213356309
3.3790757089535
2.72022080325231
2.31386159332498
2.33621791738057
2.71364540908105
3.08975808511411
3.14236127769792
2.84515330776106
2.31123143761377
1.98772238109614
2.17446335801129
2.94641441169053
3.63946170629322
3.56713224960077
2.9253731417659
2.41906783214774
2.31386159332498
2.55846612986357
2.99507235156291
3.14367635757925
2.95430488812566
2.49665744627886
2.03638023519913
2.05084608454114
2.52953440475678
2.39934166082488
1.81807746366225
1.35517066360917
0.95144259800319
0.606893136969873
0.308371439909955
0.312316659590259
0.479330983565049
0.600317767558778
0.564810774015449
0.380700471564467
0.225521832691278
0.292590561451654
0.40174164607263
0.307056366689032
0.220261540560053
0.212371102450554
0.171603840553153
0.178179205186332
0.253138367144778
0.254453440246046
0.243932855517507
0.246563001682155
0.216316321492208
0.191329934670691
0.196590226545844
0.187384715794856
0.175549059324347
0.147932528474989
0.143987309886754
0.151877747089344
0.149247601343539
0.171603840553153
0.170288767635235
0.175549059324347
0.17686413225389
0.166343548898901
0.159768184396448
0.142672237029814
0.153192819966605
0.138727018476409
0.132151654278751
0.128206435794972
0.105850198213162
0.111110489333512
0.107165270988901
0.120315998905717
0.111110489333512
0.121631071713345
0.13083658144793
0.129521508619995
0.13083658144793
0.133466727112484
0.13478179994911
0.136096872788634
0.128206435794972
0.124261217337299
0.121631071713345
0.115055707704208
0.115055707704208
0.105850198213162
0.108480343767539
0.100589907139174
0.0940145433618724
0.0913843978712308
0.0808638160244755
0.0940145433618724
0.0900693251302513
0.0900693251302513
0.0926994706151021
0.0874391796569753
0.0848090341952954
0.0926994706151021
0.0913843978712308
0.096644688864103
0.0887542523921709
0.100589907139174
0.104535125440314
0.0979597616195633
0.103220052670373
0.0953296161115418
0.0953296161115418
0.0874391796569753
0.0887542523921709
0.0874391796569753
0.0834939614687968
0.0782336705917359
0.0756035251705782
0.0769185978797111
0.0769185978797111
0.0795487433066597
0.0795487433066597
0.0729733797609953
0.0782336705917359
0.0742884524643372
0.0769185978797111
0.0742884524643372
0.0703432343629871
0.0703432343629871
0.339933198088993
3.31858201087833
6.40508487843366
8.21991046012433
8.80644259761866
8.38824247428798
7.00608067765761
5.4240299061853
4.0326711106343
2.79649538150289
1.31703347256738
0.734455318196829
1.6826245821483
4.31672892728618
7.15074061329074
8.79855202559434
9.34300182865739
8.736742549624
7.15337079435584
4.93744841347421
3.40011699686901
3.58817354506017
4.14971343266456
3.98927340249793
2.92142790374713
2.07188732062335
2.92931837981374
4.98873671044814
6.75358344300616
7.34537405249978
6.78514558988838
5.2070408029635
3.17918351560648
2.77545411745796
4.19179607183472
5.43718076400478
5.72518463899385
4.88089978446471
3.37250030665239
2.52690424800534
3.73151739295635
5.50293505839755
6.43927717906491
6.24858938000663
5.02424399606438
3.27386928197686
2.7386319073584
4.01952028960053
5.25569895718908
5.71597903304922
5.1084094239588
3.86039538168023
3.24362243810068
3.9511360256386
5.09788874469123
5.74885619793884
5.5318669507297
4.65207516487394
3.78149048682457
3.69601019760105
4.28516693986321
5.41350922018364
6.24990446801451
6.17888972077099
5.77778810488476
5.45822213724987
5.46348248070235
5.43849584980613
5.23991793367137
4.77963830199398
4.13393244386726
3.62762597633063
3.38565111133673
3.83540883034259
5.06764179304017
6.0592167446297
6.13023147411889
5.68178678392501
5.19125978100109
5.10051891448719
5.22676708112549
5.17942401485996
4.98084620287758
4.49295005973809
3.93009471547506
3.54214571234225
3.66313316702419
4.61656790565922
5.773842844745
6.18283498422991
5.84880279289605
5.34117951002573
5.1623279087118
5.27016489585723
5.2806855787916
5.09788874469123
4.65733549978534
4.14182293820516
3.63420138183225
3.51715917627652
4.19574131943435
5.41350922018364
6.15521814070079
5.98425676378471
5.51608591833627
5.14128654810964
5.19783520675751
5.25043861596041
5.14128654810964
4.80988523617047
4.28253677433285
3.75650393928949
3.47507659191161
3.88669701597049
5.03344958904547
6.05395639471527
6.12760129876505
5.7028281677167
5.26490455447425
5.21887656976615
5.32408339827108
5.25306878656773
4.99925738740352
4.47453889378267
3.95771143524068
3.54083063146697
3.65392759883444
4.59684165162093
5.77515793145469
6.1604784917263
5.82644631591688
5.34249459556994
5.12419044327888
5.25306878656773
5.24123301894523
5.08210772620841
4.66917125353699
4.12867211437615
3.61447516557593
3.51452901465473
4.1852206592363
5.4240299061853
6.16442375503338
6.00398307340047
5.48583894100582
5.15575248342753
5.22150674020525
5.29515151819316
5.16101282364796
4.83618691954823
4.31146859591325
3.78675081277468
3.50663852986859
3.88143668900543
5.02950433488983
6.0210792090551
6.0776279697841
5.63181350106816
5.20572571778072
5.15443739838116
5.25964421314739
5.19783520675751
4.97953111829464
4.50084055963824
3.96560192687384
3.5539814403686
3.66970857297356
4.6297187421136
5.78173336505661
6.18151989640665
5.8277614027694
5.31882305631225
5.12550552824491
5.24649336007573
5.24649336007573
5.08210772620841
4.66259583475171
4.14708326783126
3.66050300466767
3.55661160218857
4.22730330132725
5.46216739483393
6.1420672633899
5.94743432133115
5.4121941344493
5.08736806564689
5.15706756847739
5.23334250735463
5.15575248342753
4.85459809873538
4.3075233474192
3.75913410213131
3.50006312597088
3.89721767006115
5.06764179304017
6.05527148218848
6.11313533457699
5.6475945372054
5.20046537708458
5.15443739838116
5.26621963981473
5.20046537708458
4.98742162584437
4.51267630971915
3.95639635331356
3.54872111676828
3.67496889779281
4.60736232034531
5.77515793145469
6.14732761427091
5.79356914576493
5.27279506656976
5.06501162341853
5.19783520675751
5.22019165498394
5.08736806564689
4.69415784570497
4.14445310301146
3.63157121962166
3.52373458038877
4.24045412769129
5.42139973466373
6.16836901837299
5.97768132742581
5.43586567820696
5.10972450888294
5.18599944045894
5.24780844536712
5.1518072282989
4.8296114985742
4.3035780989557
3.79464130179985
3.51452901465473
3.89853275183753
5.04923060598127
6.01844903429943
6.08551849506647
5.61734755172491
5.17416367444374
5.12024518840175
5.24386318950347
5.19257486614538
4.97953111829464
4.49295005973809
3.93403996106538
3.53030998458355
3.66313316702419
4.65865058352178
5.81066527396531
6.19598586266135
5.86721401000798
5.37931699223606
5.18336927020885
5.30435711621534
5.27542523729634
5.0834228110628
4.65076008115468
4.06686324689594
3.55266635946355
3.49348772215564
4.22730330132725
5.44770145051438
6.21965744474979
6.05132621977966
5.55685358639507
5.23860284840102
5.30830237256325
5.3451247666689
5.17810892975066
4.79410422680706
4.21283739271777
3.72231182355743
3.45929562364523
3.89195734298905
5.1176150185011
6.0749977947188
6.1762595451498
5.72518463899385
5.27805540803696
5.20309554742565
5.30435711621534
5.22808216636432
4.99005179505541
4.46138806136711
3.91431373341523
3.52373458038877
3.68285938512127
4.64023941152426
5.81987088170785
6.22886306032316
5.89483083699131
5.4240299061853
5.23334250735463
5.35170019447784
5.32145322728464
5.10577925412097
4.62840365845272
4.04713701415977
3.5500361976634
3.47244643050093
4.18785082426553
5.47663333958074
6.22228762060979
6.05132621977966
5.52397643446929
5.15312231333828
5.21230114372966
5.28989117654344
5.16890333408347
4.85065284599536
4.32461942444745
3.7972714648349
3.52767982289573
3.88406685248128
5.04791552121747
6.04212060761845
6.09998445842124
5.64496436448034
5.20572571778072
5.14786197320172
5.25438387187665
5.20309554742565
4.97953111829464
4.50610089297335
3.94456061612033
3.52110441873396
3.64866727422756
4.63497907679146
5.7975144060653
6.19204059909394
5.84222735838314
5.32671356927158
5.12813569818745
5.26490455447425
5.25438387187665
5.08210772620841
4.65996566726165
4.11157604390274
3.64340694967375
3.53688538886091
4.25360495439401
5.44112602141941
6.17888972077099
5.98294167650575
5.47926351139881
5.12419044327888
5.18599944045894
5.25569895718908
5.14654688817632
4.81383048858903
4.28253677433285
3.74203804389757
3.46061070431598
3.90510816076966
5.07158704749878
6.07368270719156
6.14732761427091
5.73044498532629
5.3017269453343
5.25306878656773
5.3648510503596
5.25964421314739
4.97295569543208
4.44692214610418
3.88538193422421
3.4921726414025
3.6420918685436
4.67180142107517
5.85143296672625
6.24201394002157
5.91981749133745
5.3937829345386
5.17679384464486
5.30041185989904
5.30041185989904
5.11629993355601
4.66917125353699
4.12867211437615
3.638146625173
3.55924176402178
4.22861838394841
5.47531825367701
6.1973009505244
6.00661324807701
5.51608591833627
5.17942401485996
5.23860284840102
5.31487779988002
5.18205418508906
4.8296114985742
4.32067417585153
3.7959563833157
3.54214571234225
3.92088914254822
5.06369653861293
6.04212060761845
6.07631288224965
5.60156651656756
5.18336927020885
5.13076586814395
5.25175370126232
5.18731452558923
4.96638027265635
4.52582714346718
3.97480750059847
3.5631870067964
3.68154430389156
4.64681483001751
5.79356914576493
6.17757463295859
5.84485753217758
5.34380968111765
5.15049214326302
5.27279506656976
5.27279506656976
5.09525857490922
4.67180142107517
4.14445310301146
3.64077678741675
3.5539814403686
4.23519379710505
5.45822213724987
6.18020480858701
6.00266798606759
5.48452385507735
5.14917705823063
5.2070408029635
5.2912062619506
5.16495807884998
4.8296114985742
4.32198925871344
3.77754524239698
3.48559723768621
3.89853275183753
5.08079264135751
6.06316200710334
6.12497112342565
5.66863591951766
5.23334250735463
5.18994469586031
5.3017269453343
5.22939725160664
5.00320264131914
4.51267630971915
3.96691700882443
3.55266635946355
3.68285938512127
4.66128075100496
5.81066527396531
6.19335568694613
5.85800840136435
5.35170019447784
5.15575248342753
5.2741101519313
5.26490455447425
5.08079264135751
4.66654108601257
4.14050785580708
3.65392759883444
3.56450208772788
4.2378239623914
5.44244110723135
6.17362936954307
5.98162658923037
5.48583894100582
5.15443739838116
5.22808216636432
5.2885760911398
5.1596977385876
4.81383048858903
4.29963285052275
3.75781902070874
3.48296707622278
3.91957406071493
5.05975128421704
6.05001113231726
6.10787498407139
5.65022470994467
5.20572571778072
5.15706756847739
5.27147998121175
5.20572571778072
4.98084620287758
4.48637464324859
3.97349241862774
3.56187192586822
3.69469511633812
4.68889751040854
5.78699371200239
6.19204059909394
5.8277614027694
5.32802865477711
5.12682061321444
5.24780844536712
5.23728776313416
5.08210772620841
4.6796919237722
4.12604194965083
3.64340694967375
3.54609095498796
4.25492003708291
5.47926351139881
6.18020480858701
6.0013528987383
5.46348248070235
5.15838265353075
5.22019165498394
5.28726100573965
5.15838265353075
4.82172099351941
4.28122169157276
3.75387377646101
3.49611788367184
3.91168356978547
5.10051891448719
6.04738095740326
6.1354918248699
5.66206048744733
5.22150674020525
5.18599944045894
5.3017269453343
5.21493131413374
4.98873671044814
4.4837444766767
3.93667012480901
3.53557030799883
3.66444824820743
4.6796919237722
5.83170666334843
6.20124621413523
5.86063857524464
5.36353596475558
5.17416367444374
5.29646660361436
5.27542523729634
5.10577925412097
4.68626734278097
4.11552129088448
3.6328863007253
3.54477587410275
4.24702954100031
5.49109928475503
6.20124621413523
6.01976412167546
5.49241437070117
5.16758824900214
5.23465759261097
5.30041185989904
5.16758824900214
4.83224166695344
4.30226301614132
3.78938097576974
3.50795361065803
3.91299865159868
5.09657365979847
6.04080552018125
6.12234094810068
5.66206048744733
5.24780844536712
5.18468435533214
5.2885760911398
5.20967097333958
4.99268196428034
4.47979922684448
3.91957406071493
3.53688538886091
3.68548954759065
4.70204834875283
5.81066527396531
6.2091367414546
5.84748770598632
5.34380968111765
5.15838265353075
5.2846308349499
5.26621963981473
5.08736806564689
4.66785616977307
4.12998719674386
3.66707841058386
3.58291322111592
4.2628105332875
5.47926351139881
6.1604784917263
5.97505115290738
5.45296179385389
5.13471112310489
5.19125978100109
5.25175370126232
5.14128654810964
4.81909082519547
4.2707010296141
3.75913410213131
3.48691231842287
3.91825897888498
5.0834228110628
6.05790165714569
6.12497112342565
5.7028281677167
5.2820006641742
5.23860284840102
5.33328899683437
5.23071233685247
4.97295569543208
4.41667523370607
3.88801209772011
3.48165199549601
3.66970857297356
4.6796919237722
5.86326874913924
6.2551648200823
5.90009118516721
5.36879630719275
5.16758824900214
5.30304203077306
5.2806855787916
5.08868315051522
4.64944499743886
4.10368555003028
3.638146625173
3.5500361976634
4.28911218818419
5.47005791009739
6.18941042340041
6.00398307340047
5.51608591833627
5.15838265353075
5.21230114372966
5.26753472515872
5.14654688817632
4.79673439499977
4.26412561600012
3.71968166090195
3.45929562364523
3.92351930622485
5.1084094239588
6.10655989645402
6.16310866726074
5.71071868687348
5.27016489585723
5.23597267787081
5.34775493778192
5.25701404250501
4.98610654124406
4.45875789492496
3.93798520668586
3.53688538886091
3.69206495382223
4.70862376805402
5.82118596854252
6.20124621413523
5.84354244527857
5.35959070796466
5.16364299377914
5.28331574956029
5.27805540803696
5.10446416920728
4.67311650484941
4.12604194965083
3.63420138183225
3.55792668310352
4.28516693986321
5.47400316777681
6.19993112626133
5.99740763677203
5.49898980048489
5.16495807884998
5.22939725160664
5.31093254347942
5.17810892975066
4.82829641438976
4.30226301614132
3.75913410213131
3.49743296443489
3.93667012480901
5.08473789592068
6.07631288224965
6.12497112342565
5.66732083309649
5.2320274221018
5.18599944045894
5.29778168903908
5.22808216636432
4.98742162584437
4.46664839429238
3.92877963361832
3.50926869145076
3.66970857297356
4.71125393579857
5.83433683708565
6.21308200516314
5.85011787980936
5.36616613596713
5.16627316392431
5.2912062619506
5.27937049341252
5.10709433903813
4.66785616977307
4.10368555003028
3.60789976032282
3.51978933791151
4.27201611234707
5.48978419881242
6.22623288442695
6.017133946927
5.505565230357
5.15312231333828
5.22676708112549
5.28726100573965
5.1623279087118
4.81909082519547
4.29042727096463
3.74466820666614
3.46061070431598
3.90247799718677
5.13076586814395
6.07105253214789
6.15916340396451
5.68573204331657
5.23597267787081
5.16627316392431
5.27542523729634
5.21230114372966
4.97953111829464
4.4508673956804
3.90247799718677
3.50269328752007
3.66839349177705
4.70599360032322
5.82513122906793
6.22228762060979
5.86326874913924
5.35959070796466
5.14917705823063
5.2741101519313
5.2741101519313
5.09920382958746
4.6744315886271
4.09974030313955
3.62499581415318
3.51978933791151
4.25097478902637
5.49241437070117
6.19861603839106
6.01187359747323
5.49241437070117
5.16495807884998
5.24123301894523
5.31356271440963
5.18336927020885
4.84144725638969
4.28253677433285
3.76439442785489
3.48559723768621
3.91431373341523
5.1176150185011
6.06579218210378
6.13943708797107
5.66995100594239
5.25306878656773
5.19125978100109
5.30698728711044
5.23334250735463
4.99794230277194
4.48111431011848
3.92614946991488
3.53820046972629
3.6789141414421
4.69152767804987
5.83696701083718
6.20124621413523
5.84485753217758
5.32539848376958
5.13734129309632
5.26621963981473
5.25964421314739
5.09788874469123
4.68495225897234
4.12078162024067
3.62499581415318
3.54346079322085
4.26544069871614
5.50161997242312
6.19467077480193
6.01055851011878
5.48715402693782
5.17547875954255
5.24517827478785
5.30435711621534
5.17679384464486
4.84407742483116
4.28648202263349
3.76176426498643
3.51189885304616
3.93535504293552
5.12682061321444
6.0776279697841
6.1354918248699
5.64890962357327
5.2070408029635
5.16101282364796
5.27542523729634
5.2070408029635
4.98742162584437
4.50873105966141
3.98927340249793
3.59080370705215
3.70390068524836
4.68626734278097
5.77910319160514
6.17888972077099
5.79619931929494
5.31224762894277
5.11893010344968
5.2425481042226
5.21098605853287
5.07158704749878
4.65602041605234
4.08790456264934
3.59211878805311
3.49743296443489
4.24965970634762
5.48846911287335
6.21571218098695
6.03554517046844
5.51871609036645
5.22808216636432
5.29778168903908
5.33460408235747
5.17547875954255
4.80725506790871
4.2141524753017
3.70916101041305
3.45403530099519
3.91957406071493
5.10972450888294
6.12628621109354
6.18283498422991
5.71729411960204
5.2846308349499
5.2425481042226
5.35433036562603
5.24386318950347
4.95454451187879
4.41141490129915
3.8906422612294
3.51321393384879
3.67365381658302
4.70204834875283
5.84354244527857
6.24990446801451
5.91061188169098
5.41745447740782
5.19257486614538
5.31356271440963
5.27147998121175
5.07421721715527
4.61788298928921
4.06817832910527
3.58817354506017
3.49743296443489
4.26149545057826
5.5344971228448
6.23675358809873
6.05001113231726
5.52266134843827
5.20046537708458
5.26095929847384
5.30698728711044
5.15838265353075
4.79410422680706
4.21020722756003
3.69338003507851
3.42510352736175
3.88406685248128
5.13734129309632
6.12365603576136
6.19598586266135
5.7199242927184
5.28594592034302
5.24517827478785
5.35301528005018
5.26095929847384
4.99136687966614
4.43245623125397
3.90116291540034
3.50137820674382
3.66576332939399
4.70993885192458
5.87247435788307
6.23412341215906
5.89088557589699
5.3766868209541
5.13339603811442
5.25306878656773
5.2320274221018
5.07684738682571
4.65076008115468
4.07475374020245
3.59474895006495
3.47507659191161
4.22072788827217
5.51608591833627
6.22360270854522
6.06184691960853
5.54238763927511
5.20572571778072
5.26884981050622
5.31750797083132
5.17284858934843
4.82566624603125
4.24571445833173
3.7025856039655
3.45666546231362
3.89721767006115
5.13997146310171
6.13812200026707
6.1973009505244
5.73965059154525
5.2846308349499
5.2320274221018
5.33723425341423
5.24780844536712
4.98873671044814
4.49689530967279
3.94850586182124
3.53688538886091
3.66181808584427
4.66522600225552
5.83170666334843
6.19204059909394
5.86063857524464
5.35301528005018
5.15443739838116
5.2741101519313
5.27147998121175
5.08999823538705
4.6796919237722
4.11552129088448
3.61973548983805
3.51584409546398
4.22598821870945
5.50030488645224
6.206506565667
6.0210792090551
5.50293505839755
5.16627316392431
5.23071233685247
5.30961745801958
5.18205418508906
4.8493377617556
4.31278367875139
3.7657095092941
3.4921726414025
3.89458750651841
5.09394349002344
6.07368270719156
6.11708059749406
5.6646906602648
5.23071233685247
5.18599944045894
5.3017269453343
5.22676708112549
4.9769009491392
4.49821039299119
3.95245110755231
3.54214571234225
3.65787284232442
4.67048633730436
5.81329544758817
6.18283498422991
5.82118596854252
5.33197391131478
5.12813569818745
5.25701404250501
5.25569895718908
5.09131332026236
4.66917125353699
4.11946653789656
3.61973548983805
3.52110441873396
4.2628105332875
5.45164670801372
6.18283498422991
5.98031150195859
5.46874282421132
5.13208095312743
5.21361622892995
5.27542523729634
5.15312231333828
4.82435116185719
4.28779710540714
3.77228491654017
3.47376151120462
3.91431373341523
5.11893010344968
6.05527148218848
6.11708059749406
5.63444367372218
5.21756148455184
5.16758824900214
5.20572571778072
4.28122169157276
2.73468667071131
1.67078889502921
1.37752694920349
0.683167427545975
0.0624527982384038
0.602947915314346
0.969853643672479
0.918565732197699
0.684482501608834
0.389905985319452
0.0926994706151021
0.136096872788634
0.372810031317336
0.416207453982466
0.442508923819254
0.28206997604638
0.120315998905717
0.212371102450554
0.237357490156874
0.224206759654102
0.236042417093493
0.183439496945191
0.13083658144793
0.100589907139174
0.1453023827466
0.232097197920815
0.213686175461525
0.207110810435772
0.188699788750561
0.142672237029814
0.140042091324638
0.1453023827466
0.133466727112484
0.109795416549083
0.11637078050024
0.103220052670373
0.0926994706151021
0.117685853299172
0.133466727112484
0.149247601343539
0.138727018476409
0.137411945631072
0.126891362972849
0.11637078050024
0.11637078050024
0.113740634911075
0.0940145433618724
0.096644688864103
0.0926994706151021
0.0900693251302513
0.0992748343779155
0.0953296161115418
0.103220052670373
0.111110489333512
0.121631071713345
0.125576290153624
0.109795416549083
0.113740634911075
0.115055707704208
0.108480343767539
0.111110489333512
0.101904979903324
0.100589907139174
0.0913843978712308
0.0874391796569753
0.0848090341952954
0.0742884524643372
0.0782336705917359
0.0808638160244755
0.0821788887451831
0.0887542523921709
0.086124106924693
0.086124106924693
0.0848090341952954
0.0848090341952954
0.086124106924693
0.086124106924693
0.0900693251302513
0.0913843978712308
0.0953296161115418
0.0887542523921709
0.0782336705917359
0.0821788887451831
0.0808638160244755
0.0821788887451831
0.0756035251705782
0.0729733797609953
0.0742884524643372
0.0742884524643372
0.0742884524643372
0.0742884524643372
0.0703432343629871
0.0663980162876783
0.0663980162876783
0.0690281616683208
0.0729733797609953
0.0729733797609953
0.0756035251705782
0.233412270975464
4.15234359751136
8.52632737706929
11.8311726019291
13.8012044740004
14.6928510387198
14.5968476938049
13.4237676922056
11.3485294306188
8.31854249198615
4.47453889378267
0.610838358652011
1.48141793500657
5.86326874913924
10.7685693150955
14.2470274937672
16.4906169216832
17.5795387380207
17.4019969076604
16.6957758483517
15.2175820868491
12.7070333510169
9.62837796408962
5.53055186467744
1.48667823859259
0.772592470585103
4.75070645362009
9.82958797983017
13.5000440851859
15.6581463243701
16.7391748672047
16.7733680373046
15.8580443026319
13.8880018351938
11.1723056357106
7.60050179336893
3.51452901465473
0.197905299521906
0.727879947348143
4.04319176770338
8.80907278832483
12.3808867810353
14.7178382147217
15.7962337318431
15.7317929351786
14.7664974569923
12.714923997173
9.86904093518618
6.62864996573285
3.34751377865675
0.61215343255197
0.375440178054653
2.68076843942666
6.67599317426949
10.4213826950196
13.1752119641469
14.6520824919829
14.8519799249877
14.1996834314513
12.66100458492
10.2477894927775
7.54132266557455
4.61262265478981
1.6813095057894
0.503002308905074
1.46432194869015
5.14260163312107
9.54421171096887
12.7530621224889
14.6481371489859
15.3030646588089
14.9598193741308
13.5986773743273
11.4024486665968
8.66835760757181
5.90929679461296
2.97929139760526
0.609523284755007
0.705523687018093
3.65918792349439
7.96609746439783
11.6575788066903
13.8682751604651
15.0150542260501
14.9742856440775
13.8261915911129
11.9337507887265
9.07998251541844
6.03291499563363
2.75967316996415
0.420152674383125
0.772592470585103
2.6570970225149
6.58525202875168
10.5344813350561
13.2435976512336
14.6678638643866
14.8283078549658
14.1273522365551
12.4860953226556
10.0255376940646
7.41244370260186
4.7625422095713
1.92854391564593
0.503002308905074
1.61292553937272
5.12550552824491
9.1680939676527
12.2178135965049
14.0089921291671
14.4732269844839
13.8248764796453
12.1283863945639
10.0334282884735
7.70307896637258
5.30961745801958
3.14236127769792
1.43539028071655
1.14081338159406
3.44219957522529
7.56104904065548
10.9881913037923
13.1199773795027
14.070802402873
13.8945773936631
12.7543772303243
10.8119676629257
8.64994627882675
7.39929279004662
6.2091367414546
4.47190872727225
2.67945336068213
2.52821932637946
4.99662721814382
8.32380286762949
10.5884004648922
11.7943496694405
11.8811465871082
10.9421627336447
9.4245378481106
8.37377643933048
8.18308784046157
7.89113717691705
6.93901108639598
5.08868315051522
3.04767553479221
3.49348772215564
5.99740763677203
8.41191416886682
9.45741527965705
9.19702609018051
8.19229349509394
6.68388370948841
5.85537822749838
6.70755531593924
7.67283184885837
7.48477372838397
6.20124621413523
4.30883843024716
3.33699313564458
4.80330981554196
7.3190722315967
8.90244456858018
9.27593188867067
8.57235568752652
7.19808387474698
5.98688693835343
6.1354918248699
6.79303612694073
6.8443246210192
5.90798170753853
4.10105538543309
3.08186760667537
4.55475897891704
7.11128789910435
8.95767858877666
9.69939325297845
9.30617911522433
8.13968975687958
6.97188833580876
6.68388370948841
6.84826989002711
7.03106739059614
6.4313866479313
5.41087904871848
4.63103382577791
4.87037911000686
6.22754797237325
7.83064291887435
8.6420557095991
8.62627457156573
8.31459721029427
8.20807461776024
8.20675952418352
7.83853347381356
7.19939896541208
5.98294167650575
4.79278914271589
4.20100164961452
4.37459257597644
5.7830484517877
7.99897478738957
9.43900391768292
9.5915552263237
8.9248011949651
8.29750099003173
8.1515255974407
8.03711248505991
7.55184339884526
6.66284228253192
5.53712729497408
4.85328301448525
4.70599360032322
5.33723425341423
7.01923157903702
8.57630097150215
8.87614265664315
8.50528586530634
7.96346727866186
7.66888657280882
7.61102252800084
7.47688317956307
7.12443880346031
6.3919339942313
5.68178678392501
5.22939725160664
5.38326224918539
6.32091922582646
7.62022817100249
8.32511796155
8.14100485025987
7.60050179336893
7.22438568875905
7.25989314004828
7.27041386688019
7.22044041656191
6.81407755972962
6.21965744474979
5.61208720661568
5.51740100434959
5.92639292690677
7.09813699512099
8.03185211277576
8.01870118233379
7.53737739066036
7.04421829268158
7.03764284159239
7.1060275374663
7.14416516069327
6.9600525257532
6.4971410780582
5.85406314057076
5.51477083232648
5.78962388549669
6.69440442331948
7.8345881963268
8.18308784046157
7.84116365882378
7.32038732260621
7.17046697164282
7.25331768590002
7.20860460017239
7.05736919513885
6.52344285266533
5.8961459240299
5.39772819160417
5.5686893616302
6.27620622893352
7.526856657722
8.20938971134083
7.98187857913519
7.41638897644178
7.03106739059614
7.11654826080201
7.10076717588785
7.07578045920398
6.67204790670964
6.13943708797107
5.48715402693782
5.41350922018364
5.91850240423435
7.14416516069327
8.19097840156348
8.20018405635771
7.77014866889618
7.2927704121939
7.29803077595449
7.27961950305472
7.10734262787022
6.71676094099193
6.10261463362353
5.49504454260406
5.21756148455184
5.59104582674649
6.73254201293031
8.00818043825624
8.36588587500587
8.0305370197143
7.45058135113988
7.25331768590002
7.28224968485258
7.195453693428
6.94427144614632
6.33012484335492
5.74359585140683
5.2767403226649
5.44244110723135
6.25121955602603
7.65442056091908
8.37114625120677
8.20281424347646
7.67414694088247
7.3624702368919
7.40060788128523
7.32301750463649
7.12575389391642
6.56158042844405
5.86852909697139
5.33854933894788
5.2912062619506
5.89088557589699
7.19282351212396
8.26856892646044
8.31722739808499
7.83327310383884
7.3190722315967
7.25989314004828
7.28224968485258
7.18624805892923
6.82722845570245
6.22491779648428
5.58447039572357
5.33986442448505
5.72518463899385
6.77067960563716
7.96346727866186
8.33958399493101
7.99634460146215
7.46241717374381
7.27961950305472
7.32301750463649
7.24542714104562
7.06394464650697
6.52081267513882
5.90535153340043
5.39772819160417
5.5726346201057
6.22754797237325
7.57025468265089
8.24358214578992
8.02922192665669
7.47951336248828
7.14285007018497
7.22438568875905
7.20071405608091
7.13890479868245
6.7259665662249
6.16968410616008
5.52529152050384
5.46216739483393
6.0013528987383
7.17572733401188
8.16599162521659
8.19360858862827
7.71754497980651
7.27698932127183
7.28356477575714
7.28487986666543
7.13758970818906
6.79961157458579
6.1604784917263
5.53844238104403
5.31750797083132
5.68573204331657
6.72333638756852
7.98056348621936
8.33169343121057
8.02922192665669
7.51239065032626
7.34537405249978
7.38745696906842
7.26120823088917
6.99950522710718
6.30908343212284
5.69625273518394
5.25832912782445
5.46742773832878
6.30119290315051
7.66362620479584
8.37640662746968
8.16730671867386
7.58603578364546
7.20202914675348
7.25857804921115
7.25463277672219
7.19413860277411
6.75884380067245
6.1973009505244
5.53844238104403
5.49241437070117
6.01187359747323
7.19808387474698
8.18177274695808
8.25015761425228
7.74779210028996
7.32170241361947
7.27567423038602
7.28356477575714
7.14942552276379
6.84037935204454
6.19204059909394
5.52266134843827
5.26621963981473
5.66206048744733
6.73122692358186
8.01607099629141
8.36588587500587
7.98187857913519
7.40981352006073
7.21781023511584
7.28356477575714
7.21518005368474
7.04684847314329
6.52475794143407
5.90140627222014
5.38852259183381
5.58184022333923
6.25384973205992
7.58603578364546
8.27382930151609
8.09366149099255
7.57683014133246
7.28487986666543
7.33222314186062
7.2783044121614
7.12969916530708
6.62338960952243
5.97899641469039
5.37142647843245
5.34380968111765
5.90666662046768
7.20071405608091
8.23700667742407
8.29618589619245
7.78724486916035
7.35457969017053
7.2888251394128
7.29671568500872
7.18887824019591
6.8443246210192
6.19861603839106
5.59367599918047
5.34380968111765
5.7199242927184
6.76673433728243
8.00686534526379
8.34747455879081
8.00292006630944
7.45189644252525
7.26515350343428
7.3190722315967
7.23753659632593
7.04290320245631
6.50634669900439
5.87247435788307
5.3937829345386
5.50425014437551
6.21571218098695
7.59129615076467
8.27645948906711
8.09366149099255
7.53606229902984
7.23359132401659
7.29145532126312
7.24542714104562
7.11917844167321
6.66547246085004
6.04606586995165
5.45296179385389
5.4161393916629
5.94217397263895
7.17572733401188
8.24358214578992
8.29224061469781
7.83327310383884
7.4084984287958
7.37167587490439
7.36378532802528
7.19413860277411
6.81144738057935
6.13812200026707
5.50161997242312
5.21624639934104
5.57921005096907
6.72465147689487
8.03316720584105
8.37640662746968
8.05289360228064
7.49397936884659
7.27567423038602
7.31249677660539
7.23096114249573
6.99029959649251
6.35774169700883
5.73044498532629
5.26884981050622
5.50688031634203
6.31434378484369
7.7201751641166
8.41585945141883
8.21596517930159
7.63206399799152
7.32170241361947
7.36773060144794
7.27961950305472
7.12969916530708
6.65363665853418
6.01976412167546
5.43718076400478
5.36090579355812
5.90140627222014
7.18361787767748
8.24489723947467
8.28961042705404
7.82143727161868
7.34931932576472
7.30855150365561
7.31381186759615
7.16389151876549
6.80618702232309
6.16836901837299
5.55290832804713
5.33328899683437
5.73439024511304
6.79829648504941
8.01344081026435
8.35799531082073
8.01738608931068
7.50844537566122
7.31249677660539
7.35720987239596
7.25989314004828
7.0244919396928
6.36563222691877
5.73702041832202
5.26227438380381
5.42666007772097
6.30645325578421
7.66625638879474
8.40270850971461
8.21201989851357
7.64784510112083
7.29934586690401
7.32301750463649
7.29408550312842
7.16126133764069
6.6786233526611
6.04343569505925
5.44507127886581
5.44770145051438
5.98425676378471
7.21518005368474
8.25015761425228
8.30802174088517
7.80960143970716
7.36641551030329
7.34142877926862
7.35984005463642
7.21386496297479
6.8850924023718
6.23412341215906
5.57921005096907
5.29252134736128
5.68704712978754
6.73517219163824
8.02264646142613
8.37114625120677
8.05157850915781
7.51107555876748
7.32564768668177
7.37562114839467
7.27041386688019
7.02843721022366
6.42481120542022
5.7725277580389
5.29383643277546
5.51214066031752
6.3103985202976
7.63995454948797
8.37246134526669
8.20281424347646
7.65179037698841
7.33090805081735
7.36378532802528
7.32433259565725
7.17441224341402
6.68256862027607
6.04738095740326
5.45164670801372
5.38720750616643
5.96453045497736
7.22964605174091
8.23963686475883
8.30407645928613
7.80960143970716
7.38088151310098
7.32564768668177
7.34931932576472
7.21912532583701
6.89035276151486
6.22360270854522
5.58841565432668
5.2912062619506
5.66337557385429
6.74569290661724
8.01081062425263
8.35668021680344
8.0410577643133
7.51107555876748
7.31512695859066
7.35457969017053
7.24542714104562
7.00082031720984
6.37352275695968
5.73439024511304
5.2741101519313
5.50688031634203
6.27620622893352
7.67940730901682
8.39218775663053
8.21728027290531
7.64521491722805
7.32038732260621
7.36115514576229
7.29014023033609
7.1336444367313
6.64311594561421
5.97373606565356
5.35301528005018
5.26358946913727
5.90403644633674
7.21386496297479
8.34615946480449
8.39744813314154
7.90691828903897
7.41112861132941
7.35589478128137
7.35984005463642
7.20728950948114
6.80092666412587
6.11445042221241
5.50293505839755
5.22282182543005
5.66206048744733
6.81407755972962
8.06604453372004
8.42638020506158
8.05946906795236
7.52291138293241
7.32696277771003
7.3900871514817
7.28751004849327
7.06657482708025
6.46952421629352
5.81987088170785
5.33197391131478
5.53712729497408
6.27620622893352
7.65310546895185
8.36588587500587
8.20281424347646
7.63863945756243
7.33353823290765
7.36641551030329
7.30723641267985
7.10997280868924
6.59840291832436
5.91718731713483
5.32539848376958
5.3451247666689
5.93822871115749
7.24937241345598
8.33037833727072
8.36457078096532
7.86483532460225
7.39929279004662
7.36115514576229
7.3624702368919
7.21386496297479
6.83380390382734
6.11839568514031
5.48583894100582
5.19388995129317
5.60682686156323
6.78646067938789
8.07788037234372
8.42769529928439
8.04500304360122
7.46241717374381
7.24542714104562
7.2888251394128
7.21781023511584
7.01397121844068
6.38667364065232
5.75411654452788
5.28331574956029
5.51608591833627
6.3103985202976
7.7201751641166
8.42638020506158
8.24752742685576
7.65442056091908
7.35063441686054
7.41638897644178
7.34405896141897
7.16783679048068
6.65889701508228
5.97505115290738
5.40693379154718
5.37011139281084
5.92244766555442
7.22307059802292
8.30144627157276
8.32906324333474
7.86615041718174
7.37167587490439
7.33748350607124
7.35457969017053
7.19808387474698
6.79435121646237
6.13154656180123
5.50688031634203
5.27542523729634
5.70545834075472
6.83774917274658
8.08182565195407
8.44479152453423
8.06341434740145
7.51502083345516
7.34274387034192
7.39929279004662
7.2690987760131
7.02580702986604
6.37352275695968
5.70808851380698
5.27147998121175
5.44901653634396
6.28935710993706
7.71622988765717
8.41980473400576
8.23963686475883
7.65705074486491
7.34668914358434
7.39140224269399
7.33748350607124
7.15863115653081
6.64048576742093
5.96453045497736
5.39115276317916
5.38063207788231
5.95795501888779
7.23885168710319
8.31985758589118
8.38298209788552
7.88324662106229
7.44926625975828
7.41638897644178
7.42296443291689
7.23885168710319
6.81144738057935
6.08551849506647
5.43060533505095
5.15312231333828
5.54238763927511
6.77199469509612
8.13179919667866
8.46188775044044
8.07656527914795
7.48740391135444
7.26120823088917
7.30460623073957
7.23359132401659
7.01660139873142
6.43270173644445
5.77515793145469
5.3017269453343
5.53581220890768
6.33801537280674
7.67020166482155
8.40533869802442
8.22780102187395
7.67546203291037
7.36510041916241
7.42296443291689
7.35852496351432
7.16652169990522
6.64180085651574
6.00661324807701
5.40035836299884
5.34380968111765
5.91850240423435
7.22833096098984
8.31854249198615
8.3777217215451
7.84905421394598
7.37430605722749
7.33485332395843
7.35589478128137
7.22175550729055
6.8785169535262
6.22360270854522
5.57657987861308
5.29383643277546
5.6831018703853
6.74700799600618
8.02527664750685
8.39087266251246
8.07656527914795
7.55315849052109
7.36641551030329
7.41244370260186
7.28224968485258
7.02186175935748
6.32617957867806
5.67652643811939
5.19388995129317
5.37011139281084
6.311713608476
7.68861295339796
8.43821605320664
8.23569158376248
7.63863945756243
7.26646859429015
7.28619495757747
7.2520025950816
7.15337079435584
6.66810263918286
6.04606586995165
5.43060533505095
5.45427687969759
5.99609254945712
7.23753659632593
8.27514439528967
8.35141984077298
7.83984856631677
7.39271733391003
7.39140224269399
7.40455315502359
7.22438568875905
6.85879060754413
6.17888972077099
5.55290832804713
5.26753472515872
5.68047169746827
6.76804942673032
8.06472944055882
8.38692738018155
8.0831407451652
7.51765101659914
7.32038732260621
7.37299096606406
7.25989314004828
6.99424486673367
6.36563222691877
5.70677342727907
5.2425481042226
5.47005791009739
6.27094587663368
7.70965442696741
8.44084624172603
8.25147270795634
7.66362620479584
7.30723641267985
7.34800423467265
7.29934586690401
7.15074061329074
6.65232156940633
6.03028482081321
5.43981093561101
5.39246784885712
5.97505115290738
7.25726295837774
8.29618589619245
8.3790368156244
7.90165791827055
7.49266427734062
7.44795116838043
7.44926625975828
7.25331768590002
6.82459827647835
6.05132621977966
5.43849584980613
5.17416367444374
5.6370738463904
6.85221515906827
8.142319943644
8.51580662106326
8.17125199906879
7.64916019307289
7.42953988948607
7.45978699091656
7.35194950796011
7.04290320245631
6.33933046106143
5.66337557385429
5.20967097333958
5.46742773832878
6.32617957867806
7.77014866889618
8.46057265611665
8.26988402021856
7.65968092882591
7.30855150365561
7.33353823290765
7.28093459395178
7.18887824019591
6.76278906896086
6.15258796520971
5.53712729497408
5.40693379154718
5.93033818829139
7.17309715281989
8.24358214578992
8.29750099003173
7.83327310383884
7.38614187786741
7.35720987239596
7.36115514576229
7.18624805892923
6.79040594790853
6.09077884532682
5.44770145051438
5.19257486614538
5.60814194782102
6.77988523192723
8.12785391663014
8.49213492096037
8.14889541062241
7.59524142614379
7.37430605722749
7.41375879387807
7.30460623073957
7.05999937567494
6.42218102844131
5.73702041832202
5.26884981050622
5.46611265244977
6.28409675749212
7.71754497980651
8.46057265611665
8.31328211640471
7.73727136250252
7.40586824627723
7.45189644252525
7.38745696906842
7.16257642820122
6.58656711769245
5.89877609811786
5.34249459556994
5.33854933894788
5.98557185106728
7.26646859429015
8.36457078096532
8.39613303900797
7.90165791827055
7.42822479816471
7.39403242512983
7.40060788128523
7.23490641478262
6.85747551784156
6.1354918248699
5.49898980048489
5.1991502919193
5.60288160281116
6.77725505296878
8.12259354328595
8.48818963773244
8.15678597112349
7.60970743615861
7.4084984287958
7.45584171670395
7.34274387034192
7.0244919396928
6.30250799130349
5.64233419176949
5.17153350425661
5.41350922018364
6.32880975512566
7.74384682359116
8.4842443545395
8.27908967663358
7.69781859796503
7.33748350607124
7.37562114839467
7.3190722315967
7.18230278705722
6.68519879870443
6.03028482081321
5.39772819160417
5.35301528005018
5.86195366219015
5.97242097840333
5.56737427547879
5.17679384464486
4.93218807562153
4.09974030313955
2.48876697654003
0.605578063081737
-0.0212406461169811
0.718674428284757
1.21708774265053
1.53533604908632
1.20393699001809
0.517468119304716
0.151877747089344
0.471440541996905
0.705523687018093
0.695003094218499
0.610838358652011
0.368864811233315
0.199220372500868
0.124261217337299
0.220261540560053
0.292590561451654
0.405686866376477
0.420152674383125
0.276809683413795
0.180809351059949
0.2715493908279
0.268919244552457
0.250508220950984
0.224206759654102
0.159768184396448
0.168973694720215
0.170288767635235
0.217631394511912
0.243932855517507
0.238672563223183
0.258398659567348
0.224206759654102
0.208425883435098
0.195275153572695
0.191329934670691
0.183439496945191
0.158453111504677
0.162398330188715
0.165028475992607
0.167658621808108
0.168973694720215
0.180809351059949
0.188699788750561
0.188699788750561
0.191329934670691
0.182124424001124
0.182124424001124
0.182124424001124
0.175549059324347
0.171603840553153
0.165028475992607
0.151877747089344
0.147932528474989
0.142672237029814
0.149247601343539
0.154507892846766
0.150562674214989
0.159768184396448
0.161083257291132
0.163713403089211
0.170288767635235
0.174233986397702
0.175549059324347
0.172918913473971
0.172918913473971
0.168973694720215
0.163713403089211
0.162398330188715
0.155822965729833
0.153192819966605
0.150562674214989
0.141357164175773
0.136096872788634
0.137411945631072
0.137411945631072
0.137411945631072
0.138727018476409
0.136096872788634
0.133466727112484
0.140042091324638
0.143987309886754
0.1453023827466
0.151877747089344
0.154507892846766
0.153192819966605
0.159768184396448
0.155822965729833
0.158453111504677
0.154507892846766
0.150562674214989
0.150562674214989
0.149247601343539
0.233412270975464
4.19837148451767
9.82301248762511
14.1799567405659
17.1192452895795
19.0327549329539
19.8718092976402
19.5088325421601
18.0148453871966
15.5134833820751
12.2230740207716
7.73201099369999
3.25019783879617
3.53425522714006
7.6557356528901
11.3774617026985
13.6657480253765
14.7862241786375
14.6796998941259
13.4527001153564
11.5023965374842
9.29565834053184
6.76410415839769
3.4132678022435
0.483276204388837
1.5195551371152
6.29593255057491
12.0139722094329
16.2986093148727
19.1405956581355
20.9791539063494
21.9549880539624
21.7051111005228
20.3926027311542
18.3712448955404
15.2136367378522
11.2564722148782
6.23412341215906
1.54980188544777
2.66893273084115
8.39613303900797
13.5302916245062
17.1757955949904
19.3102476007808
20.6266970192584
20.7016598325277
19.6705938732692
17.8215218229379
14.8795973419139
10.9211211032827
6.05395639471527
1.19210131290777
1.70103565149682
7.42164934161435
13.0818392184832
17.3849002917203
20.3005432256764
22.2561558030221
22.8913708272775
23.0544490142744
22.0352117493471
19.8533974236582
16.561633459876
12.4663687189778
7.58340560010855
3.35540426105368
3.22652639667481
7.36641551030329
11.8956127418686
14.9558740278794
16.78651925745
17.6216227406891
17.3967364103591
16.3341175631809
14.2128345592787
11.1933472788857
7.7491071925305
4.40615456894674
1.84963930484998
3.68022922266517
8.6289047611989
13.0568521494918
16.089505257009
18.1055891383779
19.0301246717959
18.7986617701915
17.8675512331954
16.2328533087491
13.832767148519
10.8040770538922
7.7491071925305
5.73176007191831
4.99399704889803
6.37220766861043
8.88008794333333
10.6383742987551
11.1538941988158
10.4555753039074
8.83142940996171
7.2362215055524
8.23832177108952
10.2359535952282
11.2183342315555
10.9553137531642
9.5968156172401
7.45189644252525
5.51345574632023
5.85274805364671
7.21254987226859
8.07130490640328
7.81749199428055
6.62338960952243
5.50819540233059
6.32486449045971
8.29355570852549
9.60865149703721
10.0755114611311
9.41138687619209
8.25278780166425
7.45058135113988
7.8345881963268
8.54210851154556
8.90375966421837
8.98003521797656
8.61575381318926
8.44479152453423
8.5657802143118
8.55788964658276
8.85115584176084
9.0392145360728
8.6341651405121
8.43295567621445
8.48555944893326
8.64731608906857
8.71833121803012
8.7288519788469
8.69071422207835
8.42769529928439
7.97398802169761
7.90428810364713
8.0305370197143
8.4868745433309
9.08787309250528
8.98924088915509
8.65257646860057
8.64600099419534
8.82485393289183
8.82090864669706
8.69597460212655
8.29487080235703
7.55710376557128
6.87588677401386
6.56026533957286
6.90218856980322
8.24752742685576
9.86641073804903
10.4384789991154
10.158362719505
9.65204972574764
9.42716804254228
9.25620543770547
8.95504839718105
8.41059907469059
7.40192297252759
6.49451090067788
6.09209393290092
6.37746802202926
7.77672413046015
9.86509563948653
10.9382174278704
10.90007947399
10.234638495521
9.82695778293601
9.77303875017154
9.40218119608704
8.77619540562615
7.68203749310675
6.54185409576053
5.85669331442958
5.96979080391364
7.06262955622591
9.31538479328952
10.8856133544712
11.1683603277352
10.672566925371
9.96109784520704
9.74673678543499
9.46267566893663
8.99318617686226
8.16467653176317
6.91796964798744
5.88167996680231
5.68047169746827
6.5707860506449
8.74726331087959
10.6909783408638
11.4287507355094
11.226224848504
10.4161222938993
10.021592396915
9.85983524527706
9.41796236210136
8.69991988720381
7.46899263087785
6.37878311039306
5.94743432133115
6.30908343212284
7.89245226957286
9.92690527630659
11.0421104924852
10.9618892630807
10.292502886515
9.78355953651869
9.65731011740434
9.30223382468476
8.78540107253453
7.80434107006773
6.76673433728243
6.02370938382514
6.06973744463146
7.12049353211439
9.23779408427921
10.7948713435425
11.0500011060553
10.472671609396
9.81249170030745
9.65467992156794
9.43505862593337
8.99713146460495
8.18571802748013
7.14285007018497
6.25384973205992
6.00661324807701
6.65232156940633
8.5631500250532
10.4069165920974
11.0710427429802
10.751472997497
10.0005508127362
9.59550051950497
9.41270197336595
9.0628862655525
8.52764247158755
7.40981352006073
6.38404346388467
5.91981749133745
6.21965744474979
7.7491071925305
9.92427507881255
11.0066027332862
10.9474231414023
10.2083365022366
9.67440639073367
9.58234954237474
9.25752053440862
8.75383878679171
7.7556826537902
6.83117372456631
6.16573884280964
6.27752131701755
7.25594786754809
9.21543744188107
10.7725146192565
11.0039725290226
10.4660961072025
9.85983524527706
9.72832541108047
9.48371722669572
9.01422771190077
8.21070480492526
7.02975230040804
6.13286164948718
5.88825540185204
6.56421060619741
8.61049343409473
10.5568380465839
11.2104436147587
10.8921888632808
10.1465268244594
9.7914501264488
9.69150266474394
9.28250737252481
8.59734248663161
7.42296443291689
6.42218102844131
5.9553248444771
6.29067219805737
7.81617690184213
9.90060330209665
11.0039725290226
10.939532529791
10.2096516018619
9.63232325760874
9.51659466274796
9.19702609018051
8.74989350123268
7.84379384384926
6.83380390382734
6.11576550985143
6.14864270200019
7.07972573016998
9.20491666938539
10.751472997497
10.9973970184367
10.4016561911583
9.71122913560239
9.53895132069513
9.3035489215273
8.91691062081689
8.21070480492526
7.16126133764069
6.32223431403391
6.10787498407139
6.78909085839796
8.6289047611989
10.4384789991154
11.1538941988158
10.8658868286682
10.1412664267677
9.8453691615352
9.74279149086384
9.33774144083264
8.59997267609301
7.40060788128523
6.3103985202976
5.86589892304816
6.22623288442695
7.77540903813975
9.96767333954116
11.0381651857567
11.0066027332862
10.3056538855753
9.825642684495
9.73753109815883
9.44163411220263
8.89586909044829
7.788559961515
6.68125353106741
6.00266798606759
6.07236761966792
7.115233170372
9.35220750750429
10.8724623371649
11.1815113544671
10.6673065210938
9.92953547381686
9.79671051981641
9.59024012860465
9.12206559486267
8.27119911398054
7.10865771827787
6.20782165355899
5.99872272409053
6.65495174766568
8.58419153955868
10.502918920814
11.1302223525903
10.7935562420806
10.0557849734284
9.6296930619253
9.48897761629573
9.12075049856863
8.53816322787392
7.51107555876748
6.54053900694424
6.04606586995165
6.37089258026482
7.80434107006773
9.90980899288552
10.9789855893529
10.9237513070195
10.2438441935575
9.71648952798456
9.61654208374956
9.32064518084304
8.83800488712982
7.83327310383884
6.86405096639134
6.13154656180123
6.17231428174512
7.14811043224056
9.23384879436073
10.7830354305354
11.0105480397131
10.4397940994593
9.77829914331279
9.63100815976501
9.41007177902224
8.9879257932606
8.24489723947467
7.12969916530708
6.24332902801133
6.01581885955816
6.64706121293166
8.57630097150215
10.4923981165949
11.1328525576593
10.7777750248627
10.0189621988357
9.60207600822083
9.50738898040078
9.16151848552801
8.61312362363419
7.57946032483155
6.6983496910668
6.24727429200237
6.63259523292918
7.95426162870651
9.84010876756874
10.9566288551391
10.8461603038034
10.2004459045705
9.79539542146843
9.72174992043129
9.41927745929521
8.88008794333333
7.83853347381356
6.85616042814269
6.12365603576136
6.16836901837299
7.15731606598147
9.3009187278462
10.7988166479531
11.0644672313259
10.5292209325173
9.84142386605429
9.69281776277295
9.473196447688
9.0392145360728
8.27251420774639
7.15074061329074
6.24595920400173
6.01055851011878
6.64574612382217
8.61049343409473
10.5344813350561
11.1815113544671
10.8369545925208
10.1044436447544
9.71254423369188
9.61917227935253
9.22858840785845
8.58813682363959
7.44926625975828
6.51160705391119
6.06579218210378
6.45637333030479
7.88456171369521
9.93611096766359
11.0565766174791
10.9908215079555
10.2819820875621
9.83484837366708
9.75857266936649
9.45478508504129
8.88403323005893
7.79250523860178
6.74306272785039
6.00266798606759
6.04869604485846
7.07972573016998
9.30486401837383
10.8908737615105
11.1420582755328
10.6147024819695
9.92559017755754
9.73227070551841
9.49949839568813
9.04973530457223
8.22122555373962
7.07972573016998
6.19598586266135
5.92113257844415
6.60760854124333
8.63942551988782
10.5331662344152
11.2564722148782
10.9355872240417
10.1899251079115
9.77961424160819
9.67177619479254
9.26146582454195
8.59076701304638
7.44532098563606
6.3879887290416
5.92507783978574
6.27357605277636
7.81749199428055
9.9873998231532
11.0815635618453
11.0526313106123
10.3477370853269
9.78750483146555
9.66783090091106
9.34037163473703
8.82090864669706
7.75436756153065
6.71544585168765
5.99477746214581
6.01844903429943
7.16915188105988
9.39166041906395
10.93164191833
11.2367456713378
10.7304313768017
9.9873998231532
9.7914501264488
9.56393817506744
9.08261270776488
8.26462364520925
7.08367100116947
6.16179357949171
5.94874940851317
6.63785558924233
8.6289047611989
10.5660437516778
11.2025529981135
10.8869284562247
10.1662533163859
9.78487463483027
9.6112816925919
9.21412234530521
8.55262926817469
7.47293790520349
6.43796209053352
5.96847571667418
6.30645325578421
7.79513542334534
9.95057705448371
11.0460557992514
10.9526835492268
10.2057063029982
9.62048737716004
9.59287032404676
9.28382246930759
8.80907278832483
7.86746550976503
6.91007910882869
6.19335568694613
6.26700061244689
7.20728950948114
9.28908285647853
10.8356394909257
11.0815635618453
10.4871377145845
9.92164488133475
9.81643699552124
9.60207600822083
9.09444857351988
8.24752742685576
7.04553338291058
6.16442375503338
5.91192696877258
6.63128014386006
8.68808403207773
10.5620984494699
11.2525269060943
10.9553137531642
10.2228025983404
9.83090307828333
9.66125541118915
9.26015072782686
8.62758966638037
7.39666260758071
6.311713608476
6.10392972123009
6.10524480884025
6.10261463362353
6.10261463362353
11.0999749955053
11.0881390737723
10.3437917851715
9.84273896454388
9.74147639268153
9.41927745929521
8.87351246553603
7.7412166391443
6.60760854124333
5.96979080391364
6.0776279697841
7.17046697164282
9.43637372317921
10.9474231414023
11.2393758770884
10.6988689477525
10.0610453700595
9.94926195566158
9.78618973314588
9.27330169515688
8.32248777371284
7.14942552276379
6.22491779648428
6.08288831995792
6.79566630598769
8.69202931708453
10.4989736192009
11.0999749955053
10.6791424308108
9.98476962528542
9.63232325760874
9.49292290853783
9.15625809989968
8.59471229718581
7.52948684093393
6.61549907531687
6.13023147411889
6.4971410780582
7.93585032935813
9.89402780879771
11.0381651857567
10.9579439571182
10.2819820875621
9.86904093518618
9.83221817674053
9.52185505274888
8.88403323005893
7.72412044061021
6.61023871925317
5.9342834497083
6.09735428323337
7.24148186866893
9.43242843145367
11.0723578453237
11.4379564600291
11.0315896746264
10.2504196922779
10.0544698742808
9.99923571375956
9.60996659481254
8.71570102786509
7.60839234432016
6.82985863494132
6.6786233526611
7.17835751521881
8.46714812777445
10.1149644392888
10.6344289958643
10.2372686949395
9.5915552263237
9.27198659840597
9.14442223246808
8.9287464820924
8.57630097150215
7.91349375258545
7.19150842147754
6.68914406637453
6.84958497970381
7.72543553278235
9.34563202259369
10.3082840854366
10.241213994098
9.78355953651869
9.36798867169687
9.33511124694422
9.08392780394404
8.70123498223737
7.80697125487983
6.87457168426322
6.22360270854522
6.36957749192285
7.34405896141897
9.29697343735446
10.7488427948519
10.9947668142316
10.4647810067762
9.98608472421729
9.94663175802948
9.73490090183055
9.24568466422355
8.28303495801227
6.99819013700823
6.14864270200019
6.00003781141262
6.74569290661724
8.74594821570893
10.6673065210938
11.3314330889881
11.0460557992514
10.3319558849272
10.0465792794809
9.99529041685417
9.66783090091106
8.93269176925516
7.79250523860178
6.81933791807445
6.4353319134817
6.73385710228244
7.96609746439783
9.72832541108047
10.751472997497
10.5660437516778
9.93085057257809
9.42190765369489
9.31143950266623
9.07077684233058
8.74857840605417
8.02922192665669
7.29934586690401
6.589197295585
6.60234818526764
7.32301750463649
9.0563107850129
10.460835705522
10.739637085725
10.2675159894304
9.82301248762511
9.74805188363344
9.5336909304856
9.02474847979929
8.15941615798798
7.01397121844068
6.16705393058951
5.96584554220605
6.68519879870443
8.71570102786509
10.5660437516778
11.2669930384876
11.0263292657975
10.2530498917948
9.91506938771126
9.71122913560239
9.30749421207883
8.61838400275995
7.34405896141897
6.29724763871337
5.78699371200239
6.23543850012708
7.90428810364713
10.1320607309643
11.2446362886402
11.2814591713913
10.5752494569742
10.0426339821359
9.99397531789384
9.73753109815883
9.1733543534239
8.04894832292367
6.92849036707316
6.2591100841712
6.37483784531256
7.37562114839467
9.37850944814468
10.7909260391694
11.0039725290226
10.4700414085062
9.91769958514848
9.76383306232996
9.5573626869342
9.10365424710667
8.30013117772189
7.23885168710319
6.30382307946011
6.08157323240906
6.74832308539882
8.62364438194819
10.5068642224642
11.1381129678475
10.7988166479531
10.1070738433635
9.81775209393392
9.71517442988297
9.33642634388644
8.6578368481951
7.47951336248828
6.45900350747335
5.99214728753397
6.34327572584731
7.88324662106229
9.95189215330991
11.1012900979411
11.0421104924852
10.3266954849255
9.79802561816842
9.71780462609019
9.41270197336595
8.89849928168923
7.83984856631677
6.77462487402507
6.10261463362353
6.13812200026707
7.22438568875905
9.41664726491151
10.9158606958593
11.1907170734299
10.672566925371
10.0334282884735
9.86641073804903
9.65336482365578
9.15757319630081
8.34615946480449
7.14021988917955
6.20256130201275
6.0013528987383
6.67599317426949
8.63942551988782
10.5831400616754
11.1907170734299
10.8290639830126
10.0663057667557
9.80460110998913
9.64284404050344
9.20491666938539
8.55262926817469
7.37825133074031
6.34722099066591
5.92376275266829
6.30119290315051
7.87930134318645
10.0413188830291
11.1381129678475
11.1131260200519
10.4148071936295
10.0137018027259
9.97293373508161
9.69676305688416
9.09576366973468
7.95952200008661
6.79172103742279
6.09735428323337
6.19335568694613
7.29145532126312
9.40875668185637
10.9106002885028
11.1644150197976
10.5778796585248
9.94005626402035
9.82169738919625
9.5560475893196
9.06946174619101
8.24358214578992
7.08630118185442
6.20124621413523
6.06053183211731
6.76015889009823
8.6420557095991
10.5318511337784
11.1223317374844
10.7646240109719
10.083402056469
9.86904093518618
9.77303875017154
9.33774144083264
8.59865758136036
7.46636244801292
6.44585262177653
6.02370938382514
6.37089258026482
7.94374088612992
9.95583744981287
11.0592068220779
10.9369023259539
10.2609404904436
9.8729862309223
9.84668426003694
9.55867778455282
8.93663705645341
7.80828634729158
6.80750211188162
6.16310866726074
6.31960413762264
7.36510041916241
9.44031901494077
10.8921888632808
11.1183864299881
10.6317987939578
10.0649906675756
9.99003002103726
9.81643699552124
9.31275459953667
8.37377643933048
7.17835751521881
6.28672693370733
6.14338235110473
6.84695480035411
8.67098779745509
10.4489998019819
11.0710427429802
10.6673065210938
10.0150169017472
9.81906719235065
9.71517442988297
9.29302814689856
8.61838400275995
7.47556808810611
6.52344285266533
6.12102586044362
6.49582598936621
7.92269940171101
9.97293373508161
11.0276443679985
10.9066549830292
10.234638495521
9.85325975260637
9.8032860116169
9.45478508504129
8.91165023813021
7.79776560810413
6.70624022666071
6.06316200710334
6.1762595451498
7.2625233217338
9.36535847762486
10.9211211032827
11.2249097456687
10.7028142512528
10.0991832475852
10.0741963619224
10.0281678921846
9.64284404050344
8.69991988720381
7.43348516347275
6.68256862027607
6.56158042844405
7.05736919513885
8.56446511968054
10.2793518878649
10.8106525614097
10.374039087308
9.72306501855305
9.32327537464372
9.09576366973468
8.90638985550656
8.55262926817469
7.80565616247188
7.0205466691954
6.51292214264704
6.76015889009823
7.7201751641166
9.41664726491151
10.4148071936295
10.3398464850531
9.77829914331279
9.32985085921522
9.27067150165903
9.05236549673663
8.67098779745509
7.87667115795498
6.93638090654304
6.26437043634049
6.42744138241372
7.34800423467265
9.32327537464372
10.7593636055321
10.9553137531642
10.3635182863182
9.83090307828333
9.72569521480869
9.54158151582397
9.09181838110216
8.35668021680344
7.2954005940667
6.45505824172599
6.34196063758171
6.94032617632801
8.58419153955868
10.3477370853269
10.926381510773
10.5344813350561
9.94137136281405
9.78487463483027
9.67440639073367
9.27856208220037
8.54736888982895
7.41244370260186
6.39982452470901
5.95269467008075
6.30382307946011
7.87141078753783
10.0728812627178
11.2485815973482
11.2696232444322
10.5594682480186
10.0281678921846
9.90717879549698
9.60339110597607
9.06157116943667
7.95557672154579
6.83906426239371
6.15653322845175
6.32091922582646
7.3624702368919
9.38113964229658
10.8737774388767
11.069727640641
10.4910830160861
9.97424883397689
9.90060330209665
9.69150266474394
9.21280724873331
8.38955756839828
7.20597441879362
6.35511152040128
6.26174026024859
6.91270928853346
8.65126137371171
10.4542602035141
11.067097435975
10.7435823896116
10.1018134461616
9.84799935854273
9.69544795884305
8.72359159840718
7.02580702986604
5.08999823538705
4.09053472717913
3.04899061443944
1.21445759209981
0.0348362726221936
0.911990359261218
1.10662142993749
1.05796365609462
0.885688868263358
0.493796793381748
0.259713732680282
0.254453440246046
0.44119385029952
0.610838358652011
0.577961512113752
0.431988335743604
0.261028805796123
0.303111147043786
0.35176885784044
0.36754973787783
0.370179884591728
0.299165927424831
0.237357490156874
0.229467051820265
0.296535781026797
0.363604517828954
0.334672904942195
0.330727685112812
0.27417953711501
0.276809683413795
0.276809683413795
0.264974025161173
0.262343878914898
0.259713732680282
0.246563001682155
0.233412270975464
0.254453440246046
0.292590561451654
0.309686513133805
0.289960415082817
0.279439829724254
0.270234317688725
0.251823294046424
0.249193147858456
0.241302709364511
0.237357490156874
0.245247928598367
0.241302709364511
0.239987636292391
0.245247928598367
0.263658952036572
0.259713732680282
0.261028805796123
0.261028805796123
0.261028805796123
0.257083586457334
0.249193147858456
0.241302709364511
0.234727344033026
0.236042417093493
0.229467051820265
0.236042417093493
0.241302709364511
0.242617782439552
0.238672563223183
0.241302709364511
0.242617782439552
0.250508220950984
0.250508220950984
0.246563001682155
0.249193147858456
0.243932855517507
0.238672563223183
0.238672563223183
0.233412270975464
0.228151978774356
0.232097197920815
0.237357490156874
0.226836905731354
0.221576613588489
0.222891686619839
0.224206759654102
0.225521832691278
0.222891686619839
0.229467051820265
0.233412270975464
0.228151978774356
0.229467051820265
0.225521832691278
0.222891686619839
0.224206759654102
0.216316321492208
0.222891686619839
0.216316321492208
0.220261540560053
0.221576613588489
0.209740956437336
