0.0088956809481303
0.0889633111961885
0.436142466469107
0.672855642855573
0.767540939981856
0.787267045470024
0.746499761525023
0.680746083700917
0.629458220093689
0.597896460089096
0.56238948209819
0.555814116037389
0.549238750049604
0.543978457311937
0.555814116037389
0.575540214438924
0.593951240207069
0.628143146726494
0.682061157185416
0.739924393411812
0.797787635334906
0.828034332248151
0.847760439772173
0.838554922844914
0.820143889424607
0.797787635334906
0.77806152949303
0.754390203358
0.718883215943784
0.679431010219353
0.647869247542125
0.622882853286988
0.607101973249598
0.605786899932177
0.609732119893216
0.630773293463811
0.657074761481788
0.687321451152762
0.716253068813224
0.755705277007131
0.793842414113449
0.822774037020643
0.824089110823095
0.817513741840379
0.806993151621505
0.789897192918552
0.779376603195182
0.755705277007131
0.718883215943784
0.68863652465194
0.661019981785635
0.642608953926818
0.628143146726494
0.625513000000886
0.632088366836875
0.650499394367365
0.671540569391624
0.700472186276691
0.735979172579199
0.771486161026452
0.804363004096295
0.821458963221154
0.825404184628489
0.824089110823095
0.814883594267954
0.799102709081282
0.779376603195182
0.755705277007131
0.725458583821663
0.699157112751088
0.674170716322458
0.653129541204343
0.642608953926818
0.642608953926818
0.647869247542125
0.664965202115873
0.686006377656518
0.71230784813941
0.743869614270906
0.783321824319337
0.814883594267954
0.830664479879623
0.829349406062413
0.825404184628489
0.816198668052685
0.800417782830614
0.783321824319337
0.759650497972203
0.730718878176901
0.707047553948819
0.678115936740731
0.659704908348083
0.646554174133904
0.650499394367365
0.655759688053045
0.671540569391624
0.695211892191871
0.716253068813224
0.75307512971181
0.792527340378875
0.816198668052685
0.834609701348974
0.835924775178007
0.826719258436846
0.822774037020643
0.808308225388537
0.789897192918552
0.768856013660439
0.734664098974207
0.710992774587353
0.6912666716591
0.663650128669524
0.662335055226116
0.664965202115873
0.666280275565157
0.680746083700917
0.699157112751088
0.733349025372164
0.763595718963778
0.795157487850993
0.825404184628489
0.830664479879623
0.835924775178007
0.833294627522911
0.816198668052685
0.806993151621505
0.789897192918552
0.766225866306215
0.737294246187126
0.714937995252342
0.68863652465194
0.674170716322458
0.651814467784384
0.671540569391624
0.671540569391624
0.686006377656518
0.708362627492058
0.726773657406063
0.763595718963778
0.803047930338117
0.826719258436846
0.838554922844914
0.838554922844914
0.828034332248151
0.818828815631015
0.804363004096295
0.791212266647236
0.764910792633522
0.734664098974207
0.720198289513483
0.697842039228412
0.672855642855573
0.670225495930602
0.667595349017375
0.675485789792283
0.68863652465194
0.699157112751088
0.733349025372164
0.764910792633522
0.797787635334906
0.826719258436846
0.830664479879623
0.833294627522911
0.830664479879623
0.817513741840379
0.809623299158524
0.797787635334906
0.771486161026452
0.74518468789649
0.717568142377033
0.701787259805236
0.683376230672849
0.667595349017375
0.675485789792283
0.679431010219353
0.692581745167089
0.71230784813941
0.734664098974207
0.762280645296975
0.799102709081282
0.826719258436846
0.830664479879623
0.833294627522911
0.826719258436846
0.817513741840379
0.806993151621505
0.784636898033284
0.764910792633522
0.741239467028571
0.71230784813941
0.697842039228412
0.679431010219353
0.672855642855573
0.671540569391624
0.674170716322458
0.692581745167089
0.713622921694409
0.735979172579199
0.766225866306215
0.799102709081282
0.822774037020643
0.830664479879623
0.834609701348974
0.828034332248151
0.808308225388537
0.803047930338117
0.785951971750173
0.767540939981856
0.738609319797995
0.714937995252342
0.696526965708678
0.680746083700917
0.674170716322458
0.676800863265036
0.675485789792283
0.693896818678013
0.709677701038238
0.734664098974207
0.767540939981856
0.796472561591465
0.822774037020643
0.831979553699789
0.830664479879623
0.824089110823095
0.814883594267954
0.806993151621505
0.789897192918552
0.768856013660439
0.743869614270906
0.72151336308611
0.699157112751088
0.684691304163216
0.675485789792283
0.679431010219353
0.683376230672849
0.697842039228412
0.714937995252342
0.743869614270906
0.772801234713874
0.804363004096295
0.822774037020643
0.828034332248151
0.826719258436846
0.828034332248151
0.820143889424607
0.804363004096295
0.785951971750173
0.772801234713874
0.74781483515649
0.718883215943784
0.704417406871151
0.689951598154053
0.682061157185416
0.686006377656518
0.682061157185416
0.704417406871151
0.72151336308611
0.746499761525023
0.77806152949303
0.805678077857429
0.826719258436846
0.838554922844914
0.830664479879623
0.837239849009983
0.822774037020643
0.809623299158524
0.793842414113449
0.772801234713874
0.750444982428263
0.729403804583676
0.700472186276691
0.6912666716591
0.686006377656518
0.687321451152762
0.695211892191871
0.703102333336723
0.724143510240204
0.750444982428263
0.77806152949303
0.810938372931453
0.829349406062413
0.838554922844914
0.8398699966828
0.830664479879623
0.826719258436846
0.812253446707338
0.791212266647236
0.77806152949303
0.754390203358
0.729403804583676
0.707047553948819
0.692581745167089
0.68863652465194
0.692581745167089
0.695211892191871
0.709677701038238
0.729403804583676
0.758335424314232
0.787267045470024
0.813568520486164
0.835924775178007
0.842500144367442
0.842500144367442
0.838554922844914
0.822774037020643
0.810938372931453
0.796472561591465
0.770171087341971
0.75307512971181
0.733349025372164
0.709677701038238
0.693896818678013
0.684691304163216
0.6912666716591
0.700472186276691
0.710992774587353
0.729403804583676
0.749129908790906
0.775431382097558
0.808308225388537
0.822774037020643
0.834609701348974
0.833294627522911
0.830664479879623
0.825404184628489
0.809623299158524
0.793842414113449
0.774116308404238
0.749129908790906
0.726773657406063
0.709677701038238
0.693896818678013
0.686006377656518
0.6912666716591
0.68863652465194
0.709677701038238
0.724143510240204
0.755705277007131
0.775431382097558
0.806993151621505
0.822774037020643
0.828034332248151
0.829349406062413
0.829349406062413
0.821458963221154
0.805678077857429
0.789897192918552
0.770171087341971
0.746499761525023
0.728088730993399
0.703102333336723
0.692581745167089
0.68863652465194
0.687321451152762
0.692581745167089
0.705732480408521
0.729403804583676
0.751760056068569
0.779376603195182
0.804363004096295
0.826719258436846
0.829349406062413
0.834609701348974
0.830664479879623
0.820143889424607
0.806993151621505
0.791212266647236
0.775431382097558
0.749129908790906
0.725458583821663
0.709677701038238
0.689951598154053
0.692581745167089
0.689951598154053
0.696526965708678
0.703102333336723
0.729403804583676
0.751760056068569
0.77806152949303
0.809623299158524
0.826719258436846
0.831979553699789
0.830664479879623
0.830664479879623
0.822774037020643
0.803047930338117
0.793842414113449
0.771486161026452
0.750444982428263
0.728088730993399
0.713622921694409
0.699157112751088
0.692581745167089
0.689951598154053
0.696526965708678
0.709677701038238
0.729403804583676
0.754390203358
0.779376603195182
0.809623299158524
0.824089110823095
0.829349406062413
0.833294627522911
0.826719258436846
0.822774037020643
0.804363004096295
0.792527340378875
0.774116308404238
0.75307512971181
0.730718878176901
0.713622921694409
0.701787259805236
0.699157112751088
0.693896818678013
0.701787259805236
0.714937995252342
0.732033951773062
0.762280645296975
0.783321824319337
0.812253446707338
0.830664479879623
0.829349406062413
0.831979553699789
0.835924775178007
0.818828815631015
0.814883594267954
0.799102709081282
0.772801234713874
0.758335424314232
0.732033951773062
0.714937995252342
0.705732480408521
0.695211892191871
0.699157112751088
0.703102333336723
0.718883215943784
0.738609319797995
0.755705277007131
0.787267045470024
0.814883594267954
0.831979553699789
0.841185070523643
0.834609701348974
0.838554922844914
0.830664479879623
0.808308225388537
0.797787635334906
0.77806152949303
0.754390203358
0.738609319797995
0.71230784813941
0.704417406871151
0.700472186276691
0.699157112751088
0.714937995252342
0.728088730993399
0.741239467028571
0.768856013660439
0.796472561591465
0.822774037020643
0.843815218214196
0.847760439772173
0.845130292063899
0.8398699966828
0.831979553699789
0.818828815631015
0.803047930338117
0.783321824319337
0.762280645296975
0.737294246187126
0.718883215943784
0.705732480408521
0.700472186276691
0.701787259805236
0.704417406871151
0.722828436661693
0.739924393411812
0.764910792633522
0.795157487850993
0.813568520486164
0.834609701348974
0.846445365916559
0.837239849009983
0.842500144367442
0.824089110823095
0.814883594267954
0.796472561591465
0.77674645579382
0.754390203358
0.737294246187126
0.714937995252342
0.703102333336723
0.697842039228412
0.701787259805236
0.704417406871151
0.713622921694409
0.739924393411812
0.760965571633115
0.791212266647236
0.816198668052685
0.826719258436846
0.834609701348974
0.831979553699789
0.829349406062413
0.820143889424607
0.808308225388537
0.792527340378875
0.77806152949303
0.754390203358
0.733349025372164
0.710992774587353
0.700472186276691
0.699157112751088
0.699157112751088
0.707047553948819
0.720198289513483
0.734664098974207
0.762280645296975
0.791212266647236
0.810938372931453
0.824089110823095
0.828034332248151
0.828034332248151
0.833294627522911
0.828034332248151
0.806993151621505
0.792527340378875
0.77674645579382
0.754390203358
0.735979172579199
0.714937995252342
0.701787259805236
0.697842039228412
0.703102333336723
0.704417406871151
0.714937995252342
0.738609319797995
0.760965571633115
0.793842414113449
0.812253446707338
0.831979553699789
0.837239849009983
0.8398699966828
0.834609701348974
0.821458963221154
0.812253446707338
0.793842414113449
0.782006750608339
0.758335424314232
0.735979172579199
0.716253068813224
0.705732480408521
0.700472186276691
0.701787259805236
0.703102333336723
0.722828436661693
0.738609319797995
0.768856013660439
0.797787635334906
0.812253446707338
0.830664479879623
0.837239849009983
0.834609701348974
0.837239849009983
0.825404184628489
0.813568520486164
0.800417782830614
0.774116308404238
0.758335424314232
0.741239467028571
0.717568142377033
0.71230784813941
0.708362627492058
0.705732480408521
0.708362627492058
0.718883215943784
0.738609319797995
0.764910792633522
0.791212266647236
0.820143889424607
0.834609701348974
0.8398699966828
0.837239849009983
0.831979553699789
0.825404184628489
0.816198668052685
0.797787635334906
0.784636898033284
0.759650497972203
0.739924393411812
0.724143510240204
0.703102333336723
0.705732480408521
0.707047553948819
0.710992774587353
0.728088730993399
0.746499761525023
0.771486161026452
0.796472561591465
0.821458963221154
0.8398699966828
0.843815218214196
0.841185070523643
0.8398699966828
0.822774037020643
0.810938372931453
0.801732856582895
0.78069167690029
0.768856013660439
0.743869614270906
0.717568142377033
0.714937995252342
0.707047553948819
0.707047553948819
0.716253068813224
0.729403804583676
0.754390203358
0.770171087341971
0.801732856582895
0.826719258436846
0.837239849009983
0.845130292063899
0.841185070523643
0.835924775178007
0.826719258436846
0.813568520486164
0.796472561591465
0.779376603195182
0.762280645296975
0.738609319797995
0.72151336308611
0.709677701038238
0.703102333336723
0.704417406871151
0.708362627492058
0.726773657406063
0.743869614270906
0.767540939981856
0.795157487850993
0.820143889424607
0.833294627522911
0.834609701348974
0.834609701348974
0.831979553699789
0.825404184628489
0.810938372931453
0.799102709081282
0.77674645579382
0.764910792633522
0.739924393411812
0.72151336308611
0.705732480408521
0.703102333336723
0.705732480408521
0.710992774587353
0.726773657406063
0.743869614270906
0.768856013660439
0.795157487850993
0.818828815631015
0.834609701348974
0.8398699966828
0.8398699966828
0.835924775178007
0.824089110823095
0.812253446707338
0.799102709081282
0.775431382097558
0.757020350659211
0.741239467028571
0.720198289513483
0.707047553948819
0.705732480408521
0.707047553948819
0.713622921694409
0.728088730993399
0.742554540648264
0.772801234713874
0.797787635334906
0.821458963221154
0.837239849009983
0.8398699966828
0.835924775178007
0.831979553699789
0.821458963221154
0.813568520486164
0.801732856582895
0.78069167690029
0.762280645296975
0.739924393411812
0.726773657406063
0.710992774587353
0.709677701038238
0.713622921694409
0.714937995252342
0.729403804583676
0.751760056068569
0.772801234713874
0.803047930338117
0.818828815631015
0.834609701348974
0.837239849009983
0.835924775178007
0.841185070523643
0.829349406062413
0.817513741840379
0.801732856582895
0.784636898033284
0.760965571633115
0.742554540648264
0.724143510240204
0.716253068813224
0.707047553948819
0.710992774587353
0.717568142377033
0.726773657406063
0.749129908790906
0.768856013660439
0.799102709081282
0.828034332248151
0.846445365916559
0.843815218214196
0.841185070523643
0.834609701348974
0.828034332248151
0.818828815631015
0.800417782830614
0.789897192918552
0.764910792633522
0.742554540648264
0.732033951773062
0.709677701038238
0.709677701038238
0.713622921694409
0.713622921694409
0.734664098974207
0.750444982428263
0.775431382097558
0.803047930338117
0.828034332248151
0.841185070523643
0.843815218214196
0.838554922844914
0.841185070523643
0.825404184628489
0.818828815631015
0.806993151621505
0.78069167690029
0.763595718963778
0.742554540648264
0.725458583821663
0.713622921694409
0.707047553948819
0.71230784813941
0.72151336308611
0.728088730993399
0.75307512971181
0.772801234713874
0.793842414113449
0.822774037020643
0.830664479879623
0.834609701348974
0.833294627522911
0.830664479879623
0.822774037020643
0.812253446707338
0.795157487850993
0.779376603195182
0.758335424314232
0.738609319797995
0.72151336308611
0.714937995252342
0.707047553948819
0.710992774587353
0.710992774587353
0.730718878176901
0.746499761525023
0.771486161026452
0.791212266647236
0.816198668052685
0.831979553699789
0.833294627522911
0.837239849009983
0.833294627522911
0.824089110823095
0.810938372931453
0.800417782830614
0.779376603195182
0.759650497972203
0.741239467028571
0.724143510240204
0.71230784813941
0.714937995252342
0.709677701038238
0.714937995252342
0.725458583821663
0.75307512971181
0.771486161026452
0.793842414113449
0.820143889424607
0.831979553699789
0.834609701348974
0.834609701348974
0.833294627522911
0.824089110823095
0.808308225388537
0.797787635334906
0.78069167690029
0.759650497972203
0.735979172579199
0.724143510240204
0.710992774587353
0.710992774587353
0.707047553948819
0.713622921694409
0.726773657406063
0.743869614270906
0.766225866306215
0.795157487850993
0.821458963221154
0.838554922844914
0.835924775178007
0.831979553699789
0.838554922844914
0.825404184628489
0.812253446707338
0.801732856582895
0.77806152949303
0.768856013660439
0.743869614270906
0.728088730993399
0.717568142377033
0.709677701038238
0.714937995252342
0.720198289513483
0.728088730993399
0.75307512971181
0.772801234713874
0.800417782830614
0.825404184628489
0.834609701348974
0.8398699966828
0.837239849009983
0.831979553699789
0.833294627522911
0.814883594267954
0.799102709081282
0.783321824319337
0.759650497972203
0.743869614270906
0.729403804583676
0.710992774587353
0.718883215943784
0.713622921694409
0.722828436661693
0.732033951773062
0.749129908790906
0.775431382097558
0.799102709081282
0.820143889424607
0.837239849009983
0.841185070523643
0.833294627522911
0.8398699966828
0.830664479879623
0.814883594267954
0.803047930338117
0.779376603195182
0.771486161026452
0.746499761525023
0.726773657406063
0.717568142377033
0.710992774587353
0.714937995252342
0.72151336308611
0.737294246187126
0.754390203358
0.772801234713874
0.797787635334906
0.826719258436846
0.831979553699789
0.8398699966828
0.843815218214196
0.837239849009983
0.829349406062413
0.814883594267954
0.801732856582895
0.785951971750173
0.759650497972203
0.739924393411812
0.725458583821663
0.716253068813224
0.710992774587353
0.710992774587353
0.713622921694409
0.730718878176901
0.751760056068569
0.768856013660439
0.797787635334906
0.817513741840379
0.830664479879623
0.834609701348974
0.842500144367442
0.830664479879623
0.829349406062413
0.810938372931453
0.796472561591465
0.77806152949303
0.766225866306215
0.741239467028571
0.725458583821663
0.710992774587353
0.71230784813941
0.714937995252342
0.714937995252342
0.732033951773062
0.751760056068569
0.774116308404238
0.795157487850993
0.820143889424607
0.833294627522911
0.830664479879623
0.838554922844914
0.837239849009983
0.825404184628489
0.818828815631015
0.797787635334906
0.783321824319337
0.763595718963778
0.743869614270906
0.72151336308611
0.714937995252342
0.714937995252342
0.713622921694409
0.720198289513483
0.733349025372164
0.751760056068569
0.775431382097558
0.801732856582895
0.824089110823095
0.838554922844914
0.842500144367442
0.843815218214196
0.837239849009983
0.826719258436846
0.817513741840379
0.801732856582895
0.784636898033284
0.767540939981856
0.738609319797995
0.732033951773062
0.722828436661693
0.718883215943784
0.720198289513483
0.720198289513483
0.743869614270906
0.758335424314232
0.78069167690029
0.805678077857429
0.834609701348974
0.837239849009983
0.849075513630744
0.842500144367442
0.846445365916559
0.831979553699789
0.812253446707338
0.804363004096295
0.791212266647236
0.767540939981856
0.750444982428263
0.732033951773062
0.720198289513483
0.720198289513483
0.717568142377033
0.728088730993399
0.741239467028571
0.759650497972203
0.784636898033284
0.808308225388537
0.833294627522911
0.843815218214196
0.842500144367442
0.843815218214196
0.8398699966828
0.831979553699789
0.824089110823095
0.796472561591465
0.78858211919281
0.771486161026452
0.746499761525023
0.730718878176901
0.722828436661693
0.720198289513483
0.725458583821663
0.724143510240204
0.746499761525023
0.754390203358
0.77674645579382
0.800417782830614
0.821458963221154
0.8398699966828
0.782006750608339
0.507156409455582
0.384854624029153
0.319100986327761
0.300689969068152
0.273073444240893
0.257292573482808
0.254662428396863
0.244141848168482
0.245456920686941
0.229676050655804
0.216525325946911
0.215210253491868
0.207319818822093
0.195484167011784
0.190223877393159
0.187593732601108
0.184963587820562
0.179703298294001
0.178388225919548
0.175758081179282
0.167867647027485
0.162607357650451
0.158662140647856
0.154716923671124
0.157347068319403
0.154716923671124
0.152086779034342
0.150771706720256
0.146826489795238
0.140251128310993
0.140251128310993
0.138936056022764
0.134990839175288
0.132360694624658
0.133675766898541
0.132360694624658
0.132360694624658
0.127100405557847
0.127100405557847
0.127100405557847
0.123155188787884
0.120525044288918
0.119209972043741
0.123155188787884
0.127100405557847
0.123155188787884
0.121840116536966
0.124470261041672
0.121840116536966
0.117894899801428
0.116579827561985
0.116579827561985
0.11526475532542
0.110004466407808
0.108689394185582
0.107374321966226
0.107374321966226
0.108689394185582
0.104744177536098
0.10342910532534
0.102114033117452
0.102114033117452
0.104744177536098
0.100798960912421
0.0994838887102603
0.0968537443145507
0.100798960912421
0.0942235999302952
0.0981688165109702
0.0915934555575078
0.0942235999302952
0.0955386721209877
0.0902783833754128
0.0876482390198206
0.0889633111961885
0.0876482390198206
0.0889633111961885
0.0823879503430263
0.07975780602181
0.07975780602181
0.0784427338655078
0.0823879503430263
0.0810728781809829
0.0784427338655078
0.0784427338655078
0.0758125895614796
0.0731824452689125
0.0758125895614796
0.0758125895614796
0.0744975174137679
0.0705523009877993
0.0758125895614796
0.0718673731269277
0.0731824452689125
0.0718673731269277
0.0692372288515415
0.0784427338655078
0.0705523009877993
0.0718673731269277
0.321731131696836
2.41796077582446
4.39847113601578
5.68988370782182
5.87794101230009
5.14017815285269
3.48448967226739
1.44743442831692
0.319100986327761
0.486115240278245
0.545293530491975
0.466389144851654
0.483485094183514
0.609732119893216
0.758335424314232
1.0831587076853
1.55921583303807
2.14968503166942
2.78092228504355
3.23199435406681
3.4187356715991
3.33851580181619
3.12941816519786
2.94399202737026
2.78618259854643
2.5244820633609
2.10102719001295
1.57236658797654
1.05159692321824
0.774116308404238
0.683376230672849
0.697842039228412
0.710992774587353
0.762280645296975
0.893788026581653
1.14759735630981
1.59209272095448
2.17730164639449
2.77960720667579
3.25566578506159
3.45292775092849
3.34903643978652
3.09391102747237
2.92295076753459
2.79012783370704
2.5547288524788
2.15363026226045
1.61050377901832
1.09499437730333
0.779376603195182
0.6912666716591
0.71230784813941
0.74518468789649
0.799102709081282
0.918774432368068
1.1633782509444
1.5894625698512
2.17730164639449
2.81248416682532
3.27539197835912
3.47265395154489
3.34509120052327
3.09259594834246
2.90059442985697
2.76645642317326
2.5547288524788
2.15626041600335
1.63286006461265
1.09762452614016
0.795157487850993
0.705732480408521
0.730718878176901
0.762280645296975
0.808308225388537
0.930610098640251
1.17258377301358
1.60655855224011
2.19965795455813
2.81511432372331
3.30037849091665
3.48843491256703
3.35429675884971
3.08470547363065
2.92558092496922
2.79144291210027
2.58629072116507
2.17335641563547
1.63680529157366
1.10814512160688
0.796472561591465
0.71230784813941
0.742554540648264
0.77674645579382
0.821458963221154
0.941130691083821
1.17915914600993
1.61313393021901
2.20491826249216
2.81379924527273
3.29511817238616
3.48185951208397
3.33457056263094
3.08602055274124
2.92032061011276
2.79933338252658
2.59549626654142
2.20491826249216
1.644695745578
1.12129586620905
0.814883594267954
0.722828436661693
0.75307512971181
0.78069167690029
0.834609701348974
0.945075913299092
1.19099481759203
1.6210243838942
2.19965795455813
2.82958018689026
3.29643325201392
3.47791427183333
3.34114596128927
3.07681499903475
2.91637537400401
2.79144291210027
2.6060168900184
2.18782226188881
1.6670520325199
1.13970690915402
0.813568520486164
0.725458583821663
0.759650497972203
0.78858211919281
0.841185070523643
0.955596506003708
1.20020034010144
1.61444900582393
2.2299047258597
2.83484050086484
3.29248801314039
3.48974999267345
3.34640628027444
3.09654118574185
2.93215631861184
2.80459369620784
2.60470181207271
2.19571272364033
1.63680529157366
1.12918631311373
0.810938372931453
0.742554540648264
0.763595718963778
0.792527340378875
0.858281030723504
0.947706061457446
1.20151541475763
1.6210243838942
2.20754841647786
2.85062144309483
3.31352928747007
3.485804752364
3.34114596128927
3.09654118574185
2.92558092496922
2.82563495144283
2.61916766964932
2.2246444176888
1.6644218810692
1.13444661110997
0.822774037020643
0.74518468789649
0.774116308404238
0.793842414113449
0.847760439772173
0.956911580105142
1.21203601211503
1.63022991332056
2.21280872448666
2.84536112896711
3.31484436714326
3.49369523301229
3.34246104103068
3.09917134402421
2.94793726368071
2.8216897160241
2.617852591672
2.21149364747978
1.68020278995654
1.14891243084624
0.809623299158524
0.732033951773062
0.768856013660439
0.801732856582895
0.843815218214196
0.960856802427251
1.20414556407899
1.63417514026327
2.23121980291023
2.83089526537912
3.29643325201392
3.48317459217404
3.33062532347493
3.08207531541914
2.91111505923714
2.79670322570507
2.61522243572683
2.21412380149665
1.6920384719106
1.13839183463853
0.812253446707338
0.735979172579199
0.77674645579382
0.806993151621505
0.853020735224192
0.963486950656822
1.20677571341235
1.63943544289624
2.22858964881231
2.83484050086484
3.31484436714326
3.48711983246388
3.33457056263094
3.06892452455472
2.92163568882207
2.81248416682532
2.61127720183281
2.22332934065387
1.65521635108788
1.13970690915402
0.818828815631015
0.739924393411812
0.77806152949303
0.810938372931453
0.853020735224192
0.962171876540552
1.21203601211503
1.63286006461265
2.23253487996387
2.84667620749426
3.31089912813341
3.49632539325453
3.3398308815511
3.0794451572205
2.92295076753459
2.82431987296673
2.61653751369783
2.23121980291023
1.66047665391604
1.15022750538566
0.817513741840379
0.746499761525023
0.782006750608339
0.809623299158524
0.862226252379031
0.963486950656822
1.22255660966432
1.63417514026327
2.24700072775982
2.85193652163475
3.32010468586852
3.49369523301229
3.33851580181619
3.08602055274124
2.93215631861184
2.8282651084046
2.60338673413018
2.21675395552599
1.67625756269349
1.13839183463853
0.830664479879623
0.749129908790906
0.785951971750173
0.817513741840379
0.867486547961128
0.977952766131828
1.21072093743486
1.64601082125606
2.23648011114351
2.86245715006898
3.32273484525064
3.49106507278312
3.35035151954744
3.07813007812602
2.92689600369135
2.81774448063407
2.61390735775899
2.21017857047602
1.67494248694525
1.158117952685
0.838554922844914
0.755705277007131
0.787267045470024
0.825404184628489
0.859596104605721
0.97663769198288
1.21861138556084
1.63022991332056
2.2483158048509
2.84930636455812
3.32799516405384
3.49632539325453
3.33062532347493
3.08470547363065
2.92821108241667
2.82431987296673
2.62311290360031
2.2417404194267
1.66968218398281
1.16206317637506
0.834609701348974
0.74781483515649
0.797787635334906
0.820143889424607
0.854335809094586
0.972692469553884
1.22387168437148
1.65653142679035
2.23253487996387
2.86114207150352
3.32010468586852
3.48317459217404
3.33588564235611
3.07155468270187
2.91374521661418
2.81116908838111
2.62574305958345
2.22595949472686
1.69861385088089
1.16995362383599
0.824089110823095
0.763595718963778
0.791212266647236
0.817513741840379
0.866171474061169
0.980582914438621
1.22518675908164
1.6512711239988
2.24437057358702
2.84799128602459
3.32273484525064
3.48448967226739
3.31878960618234
3.06629436642047
2.91637537400401
2.80196353936083
2.61390735775899
2.21543887850976
1.68677816878937
1.16206317637506
0.830664479879623
0.754390203358
0.789897192918552
0.826719258436846
0.87011669576993
0.97663769198288
1.219926460259
1.6512711239988
2.23911026527887
2.84404605044315
3.32273484525064
3.48054443199716
3.32010468586852
3.05840389209489
2.91243013792405
2.79538814729909
2.60733196796726
2.23648011114351
1.68940832034387
1.16074810180871
0.824089110823095
0.75307512971181
0.793842414113449
0.824089110823095
0.87011669576993
0.971377395416823
1.22518675908164
1.64338066990298
2.23121980291023
2.86508730720947
3.32141976555796
3.49106507278312
3.33851580181619
3.08076023631821
2.92689600369135
2.81774448063407
2.61916766964932
2.2299047258597
1.69072339612571
1.14233705819399
0.833294627522911
0.754390203358
0.800417782830614
0.822774037020643
0.864856400164165
0.97663769198288
1.22913198323011
1.6512711239988
2.23779518820963
2.86245715006898
3.31878960618234
3.48185951208397
3.32404992494656
3.07023960362668
2.91111505923714
2.80722385306758
2.61522243572683
2.23648011114351
1.7236002916649
1.18573451908115
0.841185070523643
0.766225866306215
0.796472561591465
0.829349406062413
0.875376991423011
0.988473359430309
1.23176213267743
1.64338066990298
2.26146657593338
2.87034762152877
3.31878960618234
3.48843491256703
3.32799516405384
3.08339039452328
2.93873171233449
2.83615557936645
2.63100337158773
2.23779518820963
1.69072339612571
1.16600840009206
0.828034332248151
0.758335424314232
0.805678077857429
0.830664479879623
0.875376991423011
0.988473359430309
1.23439228213675
1.64601082125606
2.2588364216919
2.8664023857845
3.32668008434816
3.49369523301229
3.33457056263094
3.0794451572205
2.93610155483582
2.85325160017785
2.65862001044156
2.24042534235122
1.70255907829974
1.16995362383599
0.834609701348974
0.766225866306215
0.795157487850993
0.834609701348974
0.878007139267304
0.989788433605987
1.23044705795227
1.63943544289624
2.25094595904242
2.85719683582632
3.33457056263094
3.48448967226739
3.32668008434816
3.07681499903475
2.94267694860651
2.84141589340482
2.62968829358191
2.21675395552599
1.67888771419914
1.1633782509444
0.835924775178007
0.768856013660439
0.803047930338117
0.825404184628489
0.872746843590555
0.983213062757301
1.22518675908164
1.64338066990298
2.2483158048509
2.84404605044315
3.30826896880975
3.48974999267345
3.33062532347493
3.08339039452328
2.94136186984597
2.84141589340482
2.63757876166432
2.22332934065387
1.68940832034387
1.16995362383599
0.838554922844914
0.767540939981856
0.804363004096295
0.833294627522911
0.871431769678757
0.981897988596472
1.22255660966432
1.65390127538847
2.24437057358702
2.83878573637926
3.3161594468197
3.47528411168258
3.32010468586852
3.07813007812602
2.94004679108863
2.84667620749426
2.65072954205505
2.23911026527887
1.69729877508072
1.16732347467038
0.833294627522911
0.768856013660439
0.810938372931453
0.830664479879623
0.866171474061169
0.983213062757301
1.22781690851095
1.65784650249586
2.24568565067186
2.83352542236641
3.3174745264994
3.47133887148095
3.31089912813341
3.06760944548599
2.91769045270373
2.83089526537912
2.63231844959672
2.2483158048509
1.68546309301669
1.16995362383599
0.851705661356753
0.772801234713874
0.812253446707338
0.829349406062413
0.883267434991403
0.988473359430309
1.23570735687091
1.64601082125606
2.2299047258597
2.85325160017785
3.31352928747007
3.47791427183333
3.3161594468197
3.06103405019055
2.92295076753459
2.8282651084046
2.63889383968914
2.25752134457585
1.69598369928361
1.17389884760686
0.838554922844914
0.779376603195182
0.816198668052685
0.8398699966828
0.878007139267304
0.980582914438621
1.2396525810914
1.64732589693717
2.26146657593338
2.84799128602459
3.3043237298486
3.47396903161211
3.30300865020137
3.07023960362668
2.92952616114518
2.84404605044315
2.62705813757977
2.2430554965053
1.70387415411213
1.1633782509444
0.858281030723504
0.77806152949303
0.813568520486164
0.841185070523643
0.879322213193895
0.99636380452899
1.22650183379479
1.66179172963071
2.2417404194267
2.85588175727364
3.31484436714326
3.47133887148095
3.32273484525064
3.08996579009231
2.93347139734997
2.84010081489044
2.63231844959672
2.24700072775982
1.70781938156765
1.1633782509444
0.854335809094586
0.77806152949303
0.814883594267954
0.834609701348974
0.879322213193895
0.995048730338446
1.22913198323011
1.66047665391604
2.24437057358702
2.84799128602459
3.31221420780012
3.47528411168258
3.31089912813341
3.05840389209489
2.92032061011276
2.83089526537912
2.64152399574828
2.24437057358702
1.70255907829974
1.158117952685
0.842500144367442
0.775431382097558
0.806993151621505
0.826719258436846
0.884582508929817
0.99241858196627
1.22781690851095
1.65521635108788
2.23648011114351
2.85588175727364
3.31089912813341
3.47265395154489
3.31352928747007
3.06629436642047
2.92558092496922
2.83484050086484
2.62968829358191
2.2417404194267
1.70255907829974
1.158117952685
0.853020735224192
0.77674645579382
0.814883594267954
0.8398699966828
0.887212656815542
0.989788433605987
1.23307720740559
1.6512711239988
2.23779518820963
2.86114207150352
3.31221420780012
3.47528411168258
3.32931024376276
3.07155468270187
2.94267694860651
2.83615557936645
2.63757876166432
2.2246444176888
1.68809324456509
1.17258377301358
0.851705661356753
0.779376603195182
0.816198668052685
0.838554922844914
0.892472952622505
0.995048730338446
1.23702243160808
1.64206559423102
2.25226103614286
2.85062144309483
3.31484436714326
3.47528411168258
3.31089912813341
3.0794451572205
2.94399202737026
2.85588175727364
2.66256524467759
2.25094595904242
1.70913445739227
1.15943302724536
0.853020735224192
0.783321824319337
0.822774037020643
0.845130292063899
0.876692065343683
0.997678878722503
1.23702243160808
1.6644218810692
2.25357611324643
2.84273097192239
3.32799516405384
3.47922935191362
3.3174745264994
3.06760944548599
2.94399202737026
2.85062144309483
2.64809938595156
2.25094595904242
1.68677816878937
1.16995362383599
0.845130292063899
0.78069167690029
0.824089110823095
0.846445365916559
0.887212656815542
0.99241858196627
1.24359780533891
1.6512711239988
2.26409673018733
2.86508730720947
3.32404992494656
3.48843491256703
3.32404992494656
3.08076023631821
2.94662218490736
2.85456667872415
2.65598985430004
2.26146657593338
1.69861385088089
1.17389884760686
0.855650882967936
0.77806152949303
0.817513741840379
0.845130292063899
0.889842804713105
0.997678878722503
1.24359780533891
1.65258619969211
2.25752134457585
2.86377222863763
3.32273484525064
3.50290079391733
3.33720072208452
3.07681499903475
2.94662218490736
2.84930636455812
2.64546922986074
2.23911026527887
1.71176460905068
1.17652899680241
0.846445365916559
0.77806152949303
0.822774037020643
0.847760439772173
0.888527730762846
1.00162410132089
1.23570735687091
1.64338066990298
2.25226103614286
2.85193652163475
3.33062532347493
3.49369523301229
3.34640628027444
3.07813007812602
2.9584578939829
2.87166270011659
2.65993508851707
2.24042534235122
1.70650430574609
1.15285765447347
0.855650882967936
0.78858211919281
0.818828815631015
0.843815218214196
0.883267434991403
0.997678878722503
1.22781690851095
1.67099725971884
2.2483158048509
2.85193652163475
3.33325548290902
3.48711983246388
3.34114596128927
3.08602055274124
2.9453071061372
2.84404605044315
2.64152399574828
2.27067211587688
1.71176460905068
1.17521392220313
0.851705661356753
0.775431382097558
0.821458963221154
0.849075513630744
0.887212656815542
0.997678878722503
1.2501731791448
1.66047665391604
2.2417404194267
2.87297777870759
3.32799516405384
3.50290079391733
3.33588564235611
3.09128086921577
2.94136186984597
2.84010081489044
2.65335969817121
2.27593242448474
1.74201135400175
1.17652899680241
0.855650882967936
0.779376603195182
0.833294627522911
0.856965956844242
0.889842804713105
1.00293917552631
1.24359780533891
1.67099725971884
2.26015149881108
2.8585119143822
3.34903643978652
3.50158571377823
3.34377612077535
3.08733563185504
2.94004679108863
2.84799128602459
2.6428390737826
2.25752134457585
1.71307968488447
1.16995362383599
0.854335809094586
0.783321824319337
0.826719258436846
0.856965956844242
0.897733248476847
1.01214469504745
1.2396525810914
1.66836710824983
2.25094595904242
2.87297777870759
3.32799516405384
3.48317459217404
3.32799516405384
3.07286976178026
2.93873171233449
2.84010081489044
2.65467477623404
2.2483158048509
1.7012440024904
1.17915914600993
0.855650882967936
0.792527340378875
0.830664479879623
0.856965956844242
0.893788026581653
0.998993952919001
1.24885810437761
1.64995604830854
2.26541180731899
2.86771746436273
3.32141976555796
3.49238015289607
3.32799516405384
3.08865071097207
2.94793726368071
2.85719683582632
2.66125016659574
2.25620626746292
1.71965506409931
1.18573451908115
0.858281030723504
0.785951971750173
0.828034332248151
0.858281030723504
0.892472952622505
1.00688439816038
1.24754302961344
1.6644218810692
2.25226103614286
2.84930636455812
3.32668008434816
3.47528411168258
3.31484436714326
3.06497928735816
2.93741663358356
2.85325160017785
2.65993508851707
2.26146657593338
1.7236002916649
1.16863854925169
0.850390587492271
0.787267045470024
0.831979553699789
0.850390587492271
0.885897582871202
1.00030902711845
1.23439228213675
1.66573695679303
2.25226103614286
2.85456667872415
3.33588564235611
3.49632539325453
3.33588564235611
3.07813007812602
2.95056742123703
2.85456667872415
2.64415415182009
2.2417404194267
1.69598369928361
1.17389884760686
0.850390587492271
0.783321824319337
0.828034332248151
0.850390587492271
0.891157878666327
0.997678878722503
1.24754302961344
1.66179172963071
2.23779518820963
2.86771746436273
3.33194040319035
3.50158571377823
3.33851580181619
3.08602055274124
2.95319757880618
2.85982699294126
2.65598985430004
2.24700072775982
1.71044953321995
1.16206317637506
0.855650882967936
0.796472561591465
0.830664479879623
0.855650882967936
0.888527730762846
1.00293917552631
1.24359780533891
1.67362741120005
2.25752134457585
2.85719683582632
3.33457056263094
3.49764047338055
3.34246104103068
3.08865071097207
2.95188250002001
2.84930636455812
2.65598985430004
2.25226103614286
1.72623044339058
1.1883646683306
0.854335809094586
0.785951971750173
0.835924775178007
0.864856400164165
0.901678470398686
1.01214469504745
1.25280332868817
1.67362741120005
2.26541180731899
2.86377222863763
3.33062532347493
3.49764047338055
3.34114596128927
3.07813007812602
2.94136186984597
2.85982699294126
2.65467477623404
2.27330227017456
1.73675105041573
1.17915914600993
0.862226252379031
0.793842414113449
0.835924775178007
0.855650882967936
0.896418174508817
1.00951454659796
1.24754302961344
1.66836710824983
2.2588364216919
2.8821833289341
3.33588564235611
3.49369523301229
3.32931024376276
3.09259594834246
2.95582773638814
2.85982699294126
2.6651954008508
2.26672688445378
1.72491536752621
1.17389884760686
0.854335809094586
0.787267045470024
0.835924775178007
0.867486547961128
0.904308618361391
1.01477484350882
1.25148825391498
1.67099725971884
2.26146657593338
2.86377222863763
3.34114596128927
3.50027063364239
3.34377612077535
3.08207531541914
2.93873171233449
2.85588175727364
2.65862001044156
2.27724750164452
1.72228521580664
1.17915914600993
0.863541326270116
0.787267045470024
0.835924775178007
0.860911178490895
0.899048322447833
1.00819947237769
1.24491288009408
1.67099725971884
2.25357611324643
2.85325160017785
3.33457056263094
3.41479043181831
2.48634480989413
0.763595718963778
0.117894899801428
0.374334041510146
0.270443299085677
0.22310068826534
0.240196630630429
0.206004746387208
0.171812864090448
0.22047054332932
0.167867647027485
0.16655257467891
0.167867647027485
0.150771706720256
0.138936056022764
0.140251128310993
0.152086779034342
0.1639224299904
0.157347068319403
0.156031995993828
0.16523750233322
0.16129228531338
0.154716923671124
0.150771706720256
0.137620983737399
0.134990839175288
0.133675766898541
0.136305911454905
0.137620983737399
0.132360694624658
0.132360694624658
0.133675766898541
0.133675766898541
0.138936056022764
0.145511417492649
0.142881272896076
0.137620983737399
0.131045622353653
0.121840116536966
0.119209972043741
0.128415477820248
0.121840116536966
0.128415477820248
0.131045622353653
0.11526475532542
0.117894899801428
0.11526475532542
0.117894899801428
0.124470261041672
0.119209972043741
0.125785333298325
0.110004466407808
0.111319538632912
0.108689394185582
0.111319538632912
0.11526475532542
0.108689394185582
0.108689394185582
0.116579827561985
0.111319538632912
0.111319538632912
0.10342910532534
0.106059249749727
0.107374321966226
0.0994838887102603
0.108689394185582
0.10342910532534
0.102114033117452
0.102114033117452
0.0955386721209877
0.106059249749727
0.102114033117452
0.0994838887102603
0.102114033117452
0.0968537443145507
0.0955386721209877
0.0968537443145507
0.0981688165109702
0.0968537443145507
0.0902783833754128
0.0929085277424733
0.0968537443145507
0.0929085277424733
0.0955386721209877
0.0863331668463232
0.0942235999302952
0.0902783833754128
0.0889633111961885
0.0902783833754128
0.07975780602181
0.0863331668463232
0.0889633111961885
0.0876482390198206
0.0889633111961885
0.0823879503430263
0.0863331668463232
0.0863331668463232
0.0810728781809829
0.0876482390198206
0.390114915358268
3.92767185078571
8.04783835401094
10.9502567596986
12.807183790748
13.4042428954153
12.8058686835874
11.0751913875183
8.35951535247496
4.82587309617902
0.95296635780975
0.0784427338655078
1.21598123617353
1.5552706066158
1.5789419655598
1.89587525560155
2.85062144309483
4.24329143589944
5.58467685569531
6.45394915380022
6.73800821805644
6.45131897807051
5.77141903374542
5.03102616525384
4.36033374774308
3.74224543383203
3.02289675906238
2.22332934065387
1.38036559598513
0.872746843590555
0.739924393411812
0.762280645296975
0.845130292063899
0.981897988596472
1.30935154677832
1.97740998975932
3.09259594834246
4.30904554039687
5.38083864365407
5.96605180228264
6.13701308221147
5.90161256625025
5.44527781126946
5.02445074507404
4.55496596593191
4.0236727875917
3.31484436714326
2.38245368456256
1.42376307483152
0.835924775178007
0.729403804583676
0.775431382097558
0.841185070523643
0.945075913299092
1.28699527384564
2.02212259094898
3.09391102747237
4.38926555927642
5.39793474853023
6.00944965993704
6.15016395240047
5.90161256625025
5.4229213644113
4.96921721896607
4.52866431049258
4.03024819487107
3.29906341127916
2.41401554334901
1.43822890184503
0.858281030723504
0.737294246187126
0.78069167690029
0.8398699966828
0.96611709889828
1.3106666216838
1.99976628990743
3.12284276914549
4.35638850084225
5.42423644949262
6.04101174066975
6.18435621656877
5.91607851645309
5.43738730049822
4.97710772232371
4.54050005527237
4.03156327633693
3.30037849091665
2.43242662847633
1.4960922135615
0.878007139267304
0.724143510240204
0.77806152949303
0.862226252379031
0.977952766131828
1.32381737090412
2.01949243783887
3.10706181894862
4.38269014742097
5.44264764099839
6.03312122029391
6.1883014779749
5.91081817087503
5.43738730049822
4.96790213508518
4.51551348328157
4.00394656625313
3.29643325201392
2.41796077582446
1.51055804240726
0.892472952622505
0.743869614270906
0.789897192918552
0.864856400164165
0.993733656150873
1.31987214610641
2.0497391993526
3.11495229398903
4.40899179534899
5.4229213644113
6.05153243470409
6.19356182656664
5.92396903492682
5.43475713026912
4.97710772232371
4.5220888968447
4.05260458024406
3.33062532347493
2.47319403345089
1.49477713823008
0.895103100543757
0.728088730993399
0.797787635334906
0.871431769678757
0.99636380452899
1.33170782058086
2.05631458250712
3.13336340286799
4.37479965330572
5.44527781126946
6.06336821576588
6.20013726238703
5.92659920777984
5.43738730049822
4.96921721896607
4.54050005527237
4.02235770614582
3.29643325201392
2.45346786937611
1.51844849465966
0.896418174508817
0.741239467028571
0.795157487850993
0.868801621864044
0.993733656150873
1.34748872025972
2.03395828009766
3.15045943310738
4.39321080643018
5.45448340732845
6.05942295537981
6.20802778548991
5.91870868926345
5.43344204515981
4.9784228062287
4.52471906229368
4.0433990096797
3.33588564235611
2.42716631837713
1.49740728889596
0.895103100543757
0.743869614270906
0.801732856582895
0.872746843590555
0.993733656150873
1.32118722103597
2.04842412273099
3.10706181894862
4.40241638324041
5.43212696005401
6.06336821576588
6.21328813429695
5.93185955352855
5.42555153457745
4.96527196733373
4.52734922775623
4.04208392818384
3.34903643978652
2.49686543127546
1.51318819314593
0.906938766335941
0.746499761525023
0.801732856582895
0.875376991423011
1.00425424973469
1.33959827036605
2.02869797377841
3.13467848209782
4.37479965330572
5.44264764099839
6.0607380421716
6.20539761110793
5.92791429421168
5.42029119425914
4.96264179959605
4.52603414502326
4.03682360223373
3.33588564235611
2.4916051205596
1.53817462576864
0.901678470398686
0.749129908790906
0.803047930338117
0.884582508929817
0.998993952919001
1.35274902024911
2.0497391993526
3.14519911605257
4.40241638324041
5.46894934433911
6.06994364981411
6.22117865761521
5.93580481287743
5.45579849249373
4.98631330973097
4.5234039795675
4.02104262470326
3.35298167907904
2.45872817972684
1.52896909783278
0.909568914322342
0.757020350659211
0.808308225388537
0.875376991423011
1.00819947237769
1.33039274562721
2.0628899657391
3.1241578483495
4.41293704265464
5.43607221538192
6.07388891028592
6.21986357038652
5.93054446708604
5.44659289641024
4.96921721896607
4.53392464147191
4.06575539561943
3.35035151954744
2.49029004288851
1.49740728889596
0.905623692347184
0.754390203358
0.822774037020643
0.888527730762846
1.01214469504745
1.35669424527283
2.07998596250486
3.15703482949854
4.38795047689858
5.45185323700839
6.05942295537981
6.20802778548991
5.94369533167121
5.43212696005401
4.96001163187214
4.53523972422521
4.03945376520212
3.32931024376276
2.4981805089623
1.51976357004567
0.91351413632416
0.755705277007131
0.821458963221154
0.896418174508817
1.00425424973469
1.35143394524724
2.04447889288474
3.15703482949854
4.39847113601578
5.46763425913882
6.06599838937446
6.23169935557395
5.93448972642424
5.44527781126946
4.97710772232371
4.52997939323232
4.01578229896636
3.33720072208452
2.45478294695908
1.53291432407278
0.926664876522842
0.758335424314232
0.822774037020643
0.885897582871202
1.00293917552631
1.35274902024911
2.06025981243701
3.12547292755676
4.39847113601578
5.44264764099839
6.07257382345842
6.21986357038652
5.94632550463094
5.44527781126946
4.9731624706294
4.5431302208163
4.05128949872486
3.35955707796493
2.50344081974117
1.5039826656137
0.935870394838311
0.759650497972203
0.808308225388537
0.887212656815542
1.01345976927665
1.35800932028676
2.05894473579061
3.14782927457352
4.37348457096499
5.43607221538192
6.05942295537981
6.21197304708981
5.93711989933416
5.42423644949262
4.99157364546804
4.55365088312772
4.0447140911789
3.33062532347493
2.4771392663508
1.54343492751309
0.912199062320589
0.770171087341971
0.821458963221154
0.895103100543757
1.00293917552631
1.35011887024839
2.07209550239402
3.12152768994468
4.40241638324041
5.46237391837266
6.05942295537981
6.21065795988626
5.91344834365695
5.43475713026912
4.97710772232371
4.5391849725055
4.07627604815988
3.4029547126519
2.4823995769281
1.54080477663479
0.920089506386454
0.760965571633115
0.820143889424607
0.895103100543757
1.02266528896438
1.34354349529932
2.08919149944193
3.14256895754452
4.41030687778083
5.42818170475758
6.05679278180695
6.20276743674031
5.94369533167121
5.44922306670232
4.98236805796434
4.53392464147191
4.05786490635418
3.36876263654177
2.51527651917797
1.54080477663479
0.929295024598154
0.762280645296975
0.826719258436846
0.897733248476847
1.01477484350882
1.35143394524724
2.03921858646643
3.14914435383884
4.37742981799732
5.44922306670232
6.07125873663448
6.22249374484748
5.93711989933416
5.43344204515981
4.9784228062287
4.54181513804264
4.03945376520212
3.3174745264994
2.49686543127546
1.55264045568282
0.933240246733355
0.779376603195182
0.837239849009983
0.914829210330694
1.02266528896438
1.36984499554787
2.06946534904854
3.16229514666956
4.40373146565538
5.46105883318987
6.05942295537981
6.21854848316142
5.93448972642424
5.45185323700839
4.99288872941091
4.5391849725055
4.03945376520212
3.37402295580012
2.49292019823384
1.56053090851824
0.917459358352652
0.768856013660439
0.834609701348974
0.90825384032766
1.02529543747337
1.36458469540165
2.08524626930743
3.13730864056715
4.42082753735715
5.43475713026912
6.06862856299733
6.21723339593992
5.93185955352855
5.43212696005401
4.97447755452406
4.54707546915764
4.06970064029707
3.37928327511052
2.51264636372551
1.54211985207242
0.924034728459397
0.762280645296975
0.8398699966828
0.90825384032766
1.02003514046729
1.35406409525401
2.08524626930743
3.13993879904938
4.36953932396302
5.44659289641024
6.07388891028592
6.22380883208334
5.94238024519669
5.43870238561801
4.96921721896607
4.54970563473548
4.06312523251767
3.37665311544881
2.53763284103315
1.54080477663479
0.929295024598154
0.764910792633522
0.826719258436846
0.901678470398686
1.02661051173232
1.36721484546873
2.06815027238046
3.16229514666956
4.38005998270239
5.44659289641024
6.06336821576588
6.21197304708981
5.92396903492682
5.42686661966577
4.97579263842216
4.54839055194486
4.08285145610612
3.43846187094314
2.51790667464304
1.5657912104693
0.921404580407803
0.771486161026452
0.838554922844914
0.906938766335941
1.02266528896438
1.35011887024839
2.08787642272733
3.14388403679693
4.42477278475399
5.44790798155454
6.07520399711701
6.22249374484748
5.93580481287743
5.44922306670232
4.9784228062287
4.52603414502326
4.06181015097179
3.37139279616444
2.4981805089623
1.56184598400144
0.942445765152605
0.774116308404238
0.846445365916559
0.914829210330694
1.03187080879793
1.36852992050679
2.09445180633136
3.15966498807759
4.38663539452411
5.46631917394203
6.08966995249481
6.2382747919149
5.96210654268823
5.43738730049822
4.95869654801535
4.53786988974201
4.04865933569648
3.34640628027444
2.52316698561102
1.55001030476199
0.938500542955133
0.783321824319337
0.837239849009983
0.924034728459397
1.03713110591116
1.38562589627619
2.08393119260213
3.17018562252296
4.40899179534899
5.4715795147502
6.07388891028592
6.22643900656585
5.94238024519669
5.45711357766252
4.98631330973097
4.53260955872199
4.0433990096797
3.37796819527804
2.50344081974117
1.56973643696453
0.925349802489642
0.779376603195182
0.843815218214196
0.914829210330694
1.03581603162839
1.36195454534665
2.098397036531
3.15308959165416
4.42871803218124
5.45974374801059
6.08966995249481
6.24090496647644
5.95816128312585
5.44264764099839
4.96132671573238
4.54707546915764
4.06049506942926
3.37139279616444
2.54946854120794
1.57368166348711
0.94639098737678
0.772801234713874
0.843815218214196
0.920089506386454
1.03713110591116
1.37379022068921
2.07341057907141
3.17018562252296
4.39321080643018
5.45185323700839
6.06994364981411
6.21197304708981
5.94238024519669
5.44790798155454
4.98631330973097
4.54181513804264
4.04208392818384
3.3832285146275
2.50607097514951
1.58814749430412
0.960856802427251
0.779376603195182
0.8398699966828
0.925349802489642
1.03581603162839
1.36326962037265
2.08787642272733
3.13336340286799
4.41425212509662
5.4400174707413
6.08309451817856
6.23432953009955
5.95816128312585
5.42686661966577
4.95869654801535
4.5562810487395
4.05917998789005
3.36218723754205
2.53631776325174
1.56316105948769
0.94639098737678
0.787267045470024
0.835924775178007
0.914829210330694
1.04896677459015
1.37379022068921
2.0628899657391
3.14914435383884
4.37742981799732
5.45185323700839
6.08309451817856
6.22775409381249
5.9450104181493
5.44922306670232
4.9836831418831
4.55233580032691
4.05917998789005
3.35692691840082
2.51001620828566
1.56053090851824
0.951651283717219
0.785951971750173
0.842500144367442
0.920089506386454
1.0437064773697
1.38562589627619
2.09182165288043
3.17544593982316
4.39452588882153
5.45842866283481
6.07125873663448
6.22906918106272
5.95027076409722
5.44264764099839
4.98762839366007
4.53786988974201
4.07890621132837
3.42399599135245
2.50870113057045
1.55790075756094
0.939815617017992
0.791212266647236
0.859596104605721
0.924034728459397
1.03713110591116
1.38562589627619
2.09708195979469
3.13467848209782
4.4181973724428
5.46500408874874
6.08835486562442
6.23958987919387
5.93580481287743
5.44922306670232
4.98631330973097
4.5391849725055
4.07364588500474
3.3990094729884
2.51790667464304
1.57368166348711
0.958226654209547
0.795157487850993
0.859596104605721
0.933240246733355
1.05028184890271
1.36852992050679
2.09576688306147
3.14125387829534
4.41293704265464
5.45711357766252
6.10150573448932
6.25274075218119
5.96868197536339
5.44659289641024
4.97447755452406
4.55233580032691
4.06970064029707
3.38717375417377
2.54420822998759
1.57105151246901
0.955596506003708
0.796472561591465
0.855650882967936
0.930610098640251
1.03055573452706
1.38431082119889
2.08787642272733
3.18070625717505
4.40636163049543
5.47683985561441
6.10019064758674
6.24879549024725
5.9489556776049
5.42029119425914
4.96658705120773
4.54576038637379
4.05523474329245
3.39769439310708
2.51659159690893
1.60261332548932
0.947706061457446
0.797787635334906
0.847760439772173
0.926664876522842
1.04502155167035
1.39220127170794
2.09050657615963
3.13073324441801
4.41293704265464
5.4847303670158
6.09098503936879
6.25011057755497
5.94238024519669
5.43475713026912
4.96658705120773
4.53129447597546
4.07496096658065
3.38980391388756
2.51264636372551
1.59077764540131
0.951651283717219
0.791212266647236
0.853020735224192
0.926664876522842
1.04765170028056
1.37510529574236
2.09708195979469
3.14388403679693
4.36427899467426
5.44922306670232
6.08835486562442
6.24616531564261
5.96079145616388
5.43607221538192
4.97710772232371
4.55891121436486
4.08679670091392
3.41216027198075
2.55078361902092
1.54606507840354
0.950336209627658
0.787267045470024
0.862226252379031
0.925349802489642
1.03844618019691
1.38299574612461
2.06683519571546
3.17150070184316
4.39584097121624
5.46894934433911
6.09230012624634
6.23695970463952
5.94764059111615
5.43081187495171
4.97710772232371
4.53260955872199
4.05917998789005
3.40032455287298
2.54946854120794
1.59340779651068
0.942445765152605
0.784636898033284
0.847760439772173
0.931925172685318
1.04502155167035
1.38562589627619
2.07341057907141
3.11363721480758
4.38269014742097
5.45711357766252
6.08703977875759
6.25405583949969
5.95421602359551
5.45974374801059
4.97973789013714
4.51814364869666
4.04865933569648
3.37139279616444
2.51264636372551
1.60261332548932
0.983213062757301
0.803047930338117
0.855650882967936
0.934555320784348
1.05685722051019
1.38168067105337
2.11154780406488
3.15703482949854
4.40899179534899
5.46105883318987
6.0975604737923
6.2382747919149
5.9515858505931
5.44133255586809
4.9731624706294
4.5510207175295
4.07101572186296
3.3635023173355
2.5310574521576
1.57631181451737
0.962171876540552
0.801732856582895
0.874061917505301
0.943760839224367
1.06080244351043
1.39877664721518
2.08524626930743
3.16624038458173
4.37874490034816
5.48078511129933
6.09887556068772
6.26457653817709
5.96079145616388
5.43081187495171
4.98631330973097
4.54707546915764
4.05391966176659
3.40821503224884
2.53500268547347
1.59735302319755
0.955596506003708
0.808308225388537
0.868801621864044
0.954281431905251
1.06211751784981
1.39614649700322
2.09050657615963
3.13730864056715
4.40373146565538
5.43607221538192
6.10808116905587
6.26983688760208
5.96210654268823
5.45974374801059
4.98105297404901
4.53523972422521
4.07364588500474
3.40558487244385
2.52711221887012
1.58288719214626
0.974007543693915
0.801732856582895
0.871431769678757
0.947706061457446
1.05685722051019
1.38431082119889
2.11812318794825
3.15440467093239
4.42871803218124
5.46105883318987
6.10545099521852
6.24090496647644
5.95421602359551
5.4505381518536
4.97447755452406
4.56943187700208
4.11572849708939
3.42662615124869
2.57445502019448
1.5815721166144
0.951651283717219
0.795157487850993
0.858281030723504
0.938500542955133
1.05422707185826
1.39351634680335
2.07735580912217
3.15571975021384
4.37742981799732
5.46105883318987
6.09098503936879
6.24485022834568
5.9450104181493
5.41634593905712
4.97053230285041
4.52866431049258
4.05260458024406
3.42268091140922
2.5613042416384
1.63154498896508
0.962171876540552
0.800417782830614
0.864856400164165
0.941130691083821
1.04633662597396
1.39746157210769
2.08393119260213
3.15308959165416
4.39452588882153
5.46631917394203
6.08046434447709
6.24485022834568
5.94106515872573
5.44396272613218
4.97710772232371
4.5510207175295
4.0670704771753
3.41216027198075
2.51790667464304
1.57499673900072
0.937185468895244
0.801732856582895
0.880637287123434
0.951651283717219
1.05422707185826
1.37116007059197
2.08524626930743
3.12547292755676
4.41293704265464
5.44922306670232
6.0975604737923
6.25537092682178
5.96605180228264
5.44922306670232
4.96790213508518
4.54444530359335
4.08022129291761
3.3990094729884
2.53631776325174
1.54080477663479
0.96611709889828
0.800417782830614
0.87011669576993
0.951651283717219
1.06211751784981
1.39746157210769
2.07209550239402
3.15308959165416
4.38269014742097
5.46763425913882
6.10019064758674
6.26194636348617
5.9739423215676
5.4400174707413
4.9731624706294
4.54181513804264
4.04997441720901
3.39637931322903
2.56656455302293
1.63812036723343
0.97663769198288
0.816198668052685
0.864856400164165
0.955596506003708
1.07000796394866
1.40535202279793
2.08524626930743
3.11495229398903
4.39584097121624
5.46894934433911
6.09887556068772
6.26589162552794
5.96605180228264
5.46500408874874
4.9836831418831
4.53392464147191
4.0670704771753
3.39506423335422
2.5613042416384
1.59209272095448
0.980582914438621
0.805678077857429
0.884582508929817
0.959541728316914
1.07658333577971
1.39483142190178
2.06552011905358
3.15177451237916
4.38005998270239
5.46105883318987
6.10808116905587
6.25668601414746
5.96736688882123
5.44527781126946
4.97447755452406
4.5615413800038
4.06181015097179
3.384543594473
2.54946854120794
1.60655855224011
0.96480202477607
0.813568520486164
0.881952361055937
0.963486950656822
1.06737781523712
1.40535202279793
2.08393119260213
3.15966498807759
4.39847113601578
5.48210019653465
6.10808116905587
6.26720671288239
5.96342162921614
5.44922306670232
4.96921721896607
4.53523972422521
4.05654982482165
3.4029547126519
2.53368760769836
1.59735302319755
0.958226654209547
0.804363004096295
0.871431769678757
0.95296635780975
1.06737781523712
1.38036559598513
2.09445180633136
3.13073324441801
4.41162196021605
5.44922306670232
6.10939625597992
6.21197304708981
5.21119271180491
3.06103405019055
0.484800167229423
0.16129228531338
0.718883215943784
0.51504684808944
0.152086779034342
0.357238095312482
0.37301896870833
0.11526475532542
0.227045905690971
0.283594024977255
0.182333443051526
0.173127936450513
0.16129228531338
0.110004466407808
0.158662140647856
0.202059529099834
0.187593732601108
0.199429384255978
0.177073153547973
0.184963587820562
0.149456634409042
0.154716923671124
0.156031995993828
0.133675766898541
0.140251128310993
0.132360694624658
0.138936056022764
0.134990839175288
0.1639224299904
0.159977212979179
0.162607357650451
0.16523750233322
0.148141562100705
0.137620983737399
0.133675766898541
0.120525044288918
0.123155188787884
0.123155188787884
0.125785333298325
0.123155188787884
0.123155188787884
0.129730550085519
0.132360694624658
0.136305911454905
0.140251128310993
0.140251128310993
0.137620983737399
0.137620983737399
0.128415477820248
0.120525044288918
0.111319538632912
0.120525044288918
0.117894899801428
0.124470261041672
0.125785333298325
0.120525044288918
0.119209972043741
0.117894899801428
0.124470261041672
0.121840116536966
0.124470261041672
0.119209972043741
0.120525044288918
0.121840116536966
0.117894899801428
0.117894899801428
0.124470261041672
0.119209972043741
0.125785333298325
0.121840116536966
0.121840116536966
0.119209972043741
0.116579827561985
0.119209972043741
0.119209972043741
0.121840116536966
0.121840116536966
0.11526475532542
0.120525044288918
0.119209972043741
0.120525044288918
0.120525044288918
0.11526475532542
0.116579827561985
0.120525044288918
0.113949683091711
0.119209972043741
0.112634610860873
0.116579827561985
0.119209972043741
0.116579827561985
0.11526475532542
0.113949683091711
0.117894899801428
0.11526475532542
0.113949683091711
0.11526475532542
0.340142149604453
4.83639376435494
10.8305825723834
15.607057093267
18.9316878481346
21.1897723207691
22.0945886611371
21.8960022967481
20.6045363621792
18.1873255332526
15.1191490759716
10.7595671367691
6.41712669490087
1.91165617096524
0.538718164620981
2.50081066434543
5.16516475577581
7.61648826117145
9.14988711024289
9.87319029695819
9.67329547751051
8.88949825592126
7.73353138643295
6.49866214342049
5.5978277109791
4.95606638031207
4.24592159991808
3.35035151954744
2.3101244316547
1.2804198996191
0.801732856582895
0.806993151621505
0.838554922844914
1.06211751784981
1.7170249124042
2.93084123987691
4.69436476245298
6.44342845096823
7.72958611206207
8.52127185436494
8.57387560739531
7.98602901691803
7.14831605651775
6.38819476489633
5.83191299402224
5.30061846710948
4.52471906229368
3.49895555350984
2.23516503408052
1.10814512160688
0.716253068813224
0.808308225388537
0.962171876540552
1.18573451908115
1.78803901246963
2.97686899750534
4.72461167618464
6.42633230935996
7.73221629497223
8.48576432456385
8.51206619822032
7.92684987224722
7.08782192960413
6.33559126027296
5.84900911458963
5.41634593905712
4.74696809184252
3.7606565644916
2.34168628630383
1.0831587076853
0.733349025372164
0.809623299158524
0.941130691083821
1.20020034010144
1.81960083758968
3.07155468270187
4.72592675943132
6.42896248495223
7.68355791357387
8.45288698466353
8.49628507384116
7.92027441220255
7.08782192960413
6.3342761727313
5.895037134482
5.45316832216667
4.73907759208586
3.64361438772219
2.31932997240781
1.09893960056305
0.72151336308611
0.837239849009983
0.954281431905251
1.18704959370438
1.79724454461375
3.04130786478672
4.70488542789408
6.40792108061887
7.72432574628701
8.45157189111764
8.49102469917164
7.89265748104983
7.08519175035048
6.36189301186318
5.82402247703936
5.39793474853023
4.71014576069648
3.6541350317588
2.32590535875391
1.07395318703835
0.758335424314232
0.825404184628489
0.94639098737678
1.1633782509444
1.79329931653358
3.00711581179984
4.74696809184252
6.38556458952805
7.71512010632572
8.48576432456385
8.51864166687573
7.89265748104983
7.03521834733639
6.31718003501769
5.82007721859576
5.34664643567152
4.63650110642605
3.63966914626268
2.27856257880742
1.11866571726471
0.72151336308611
0.826719258436846
0.951651283717219
1.19494004150666
1.82617621804554
3.00054041724358
4.72987200919183
6.41055125610995
7.70328428378959
8.45946245245079
8.49891526119908
7.90975367632824
7.04573906331769
6.33822143536708
5.86084489071815
5.3966196635188
4.69041951296884
3.68569696513121
2.3061791999503
1.11209034495617
0.735979172579199
0.822774037020643
0.941130691083821
1.17389884760686
1.79724454461375
3.06234912924321
4.72855692593491
6.45657932954439
7.73616156936571
8.50549072966144
8.5423133548349
7.918959320205
7.03521834733639
6.32901582260072
5.83191299402224
5.39924983354516
4.72592675943132
3.67517632046323
2.35089182758288
1.12787123862216
0.741239467028571
0.818828815631015
0.955596506003708
1.20677571341235
1.8209159136747
2.97686899750534
4.70883067749076
6.4210719582188
7.70459937516743
8.49628507384116
8.53179260447627
7.92684987224722
7.05362960045856
6.32901582260072
5.83322808019846
5.39793474853023
4.72066642646509
3.66202551492432
2.35746721430476
1.10814512160688
0.737294246187126
0.820143889424607
0.950336209627658
1.19230989222725
1.80118977272154
3.01895152220339
4.66543293361509
6.37635897585277
7.70985974071645
8.46866810751487
8.50286054226492
7.86504055156777
7.00891655841532
6.34085161047563
5.85295437326722
5.43212696005401
4.80614684394003
3.76723196845531
2.36535767847442
1.11472049387063
0.700472186276691
0.813568520486164
0.956911580105142
1.20940586275769
1.85642296913164
3.04393802279876
4.79036584270346
6.41581160713546
7.75588794184218
8.51995676061841
8.53310769825757
7.89002729721767
6.99971093264113
6.28561793622237
5.8148168740539
5.39004423851405
4.70751559428845
3.72120414244105
2.34037120899078
1.11603556833234
0.739924393411812
0.838554922844914
0.956911580105142
1.20677571341235
1.83669682693461
3.09259594834246
4.77721500871602
6.47499056015895
7.80060105593189
8.53573788583177
8.56861523181387
7.88345183770358
7.01943727380685
6.31323477255485
5.80429618514022
5.38872915352358
4.73644742552764
3.70279301316592
2.39297430395718
1.10683004716309
0.737294246187126
0.821458963221154
0.97926784028374
1.23044705795227
1.87483403580632
3.06629436642047
4.79694125982547
6.43948318746593
7.77166904043442
8.53968316722204
8.56993032570343
7.90975367632824
7.00891655841532
6.30665933518882
5.80955652956872
5.34007101132983
4.66806309980492
3.7001628518936
2.35089182758288
1.16074810180871
0.733349025372164
0.841185070523643
0.984528136921092
1.20940586275769
1.85510789296366
3.05314357594219
4.79825634326014
6.50129231941089
7.78087468153085
8.55940957469529
8.58571145267988
7.93474042442597
7.03521834733639
6.29745372302761
5.82665264935281
5.38609898355311
4.69962509514624
3.71331365838694
2.32459028147842
1.10288482384964
0.758335424314232
0.833294627522911
0.959541728316914
1.22124153496016
1.85379281679875
3.10574673978649
4.77195467521681
6.47499056015895
7.79665578098371
8.53573788583177
8.57124541959686
7.89134238913186
7.01943727380685
6.30665933518882
5.80429618514022
5.36374253936795
4.69041951296884
3.67254615932914
2.3548370596066
1.10419989828447
0.726773657406063
0.829349406062413
0.971377395416823
1.21861138556084
1.85905312147684
3.0794451572205
4.74433792524331
6.45131897807051
7.78613504795472
8.52784732315555
8.56335485629433
7.88739711340067
7.05362960045856
6.3342761727313
5.81087161568471
5.38872915352358
4.71803626000247
3.68701204572952
2.38245368456256
1.12261094068569
0.750444982428263
0.837239849009983
0.963486950656822
1.21335108679819
1.86562850239363
3.06629436642047
4.792996009542
6.41449651937366
7.75851812490315
8.5423133548349
8.57519070130034
7.90317821652999
7.03521834733639
6.30797442265483
5.8135017879273
5.37294813391026
4.70094017832808
3.72120414244105
2.34300136362001
1.11603556833234
0.742554540648264
0.833294627522911
0.974007543693915
1.2396525810914
1.87220388338732
3.0570888130519
4.7877356758786
6.48551126368586
7.75457285031735
8.53705297962467
8.56993032570343
7.91764422821122
7.01549200550739
6.30139898536081
5.82665264935281
5.3782084737255
4.69831001196781
3.6488747097142
2.36272752373866
1.11077527050342
0.726773657406063
0.826719258436846
0.97663769198288
1.21335108679819
1.84853251216985
3.09654118574185
4.76406417507057
6.4697302084824
7.80060105593189
8.54757373010697
8.60412276819016
7.918959320205
7.05362960045856
6.30008389791281
5.8148168740539
5.35848219970626
4.72066642646509
3.7001628518936
2.33774105437407
1.13444661110997
0.733349025372164
0.834609701348974
0.977952766131828
1.24359780533891
1.88009434068127
3.06760944548599
4.80351667703304
6.46710003266583
7.76246339952292
8.54625863628315
8.58439635874389
7.94000079262101
7.02338254213948
6.29613863559041
5.82139230474008
5.36768779415086
4.69041951296884
3.67254615932914
2.40612507848289
1.13576168561649
0.74781483515649
0.838554922844914
0.989788433605987
1.24228273058674
1.85247774063691
3.11100705645432
4.77984517548614
6.49340179148317
7.81769724776693
8.57124541959686
8.60938314418963
7.92421968821798
7.064150316853
6.31981021001092
5.82665264935281
5.40319508861088
4.7456530085412
3.70147793252811
2.38376876197591
1.12655616413355
0.746499761525023
0.834609701348974
0.981897988596472
1.24491288009408
1.90376571322795
3.09128086921577
4.81666751170494
6.44474353880957
7.791395414439
8.56861523181387
8.61858880233782
7.94000079262101
7.01680709493686
6.3184951225125
5.81613196018405
5.35585202989635
4.71540609355349
3.71462873905438
2.36930291060158
1.17389884760686
0.738609319797995
0.842500144367442
0.984528136921092
1.24359780533891
1.86957373098061
3.06366420829907
4.79825634326014
6.49603196744459
7.76640867417664
8.56072466855777
8.57519070130034
7.92421968821798
7.02206745269159
6.29876881046841
5.81087161568471
5.38083864365407
4.71014576069648
3.71199857772278
2.42585124086018
1.15154257992807
0.742554540648264
0.831979553699789
1.00293917552631
1.25411840346437
1.86825865478188
3.11232213562933
4.75880384170812
6.46183968107616
7.7940255977038
8.54625863628315
8.59228692241788
7.90843858436101
7.03784852630959
6.30271407281241
5.80298109904195
5.35979728461644
4.74170775865775
3.74093035309537
2.44426232638342
1.13576168561649
0.742554540648264
0.831979553699789
0.998993952919001
1.25674855302576
1.90639586579473
3.08733563185504
4.8100920943262
6.43816809963906
7.78613504795472
8.57519070130034
8.6120133322126
7.94394606880712
7.04047870529754
6.3184951225125
5.82007721859576
5.3966196635188
4.73250217571591
3.74093035309537
2.36272752373866
1.158117952685
0.751760056068569
0.853020735224192
0.989788433605987
1.25543347824356
1.86694357858622
3.05840389209489
4.79694125982547
6.50918284746908
7.78218977313116
8.57519070130034
8.59886239225265
7.94920643710839
7.01812218437001
6.29482354815681
5.81876213245499
5.42555153457745
4.77589992533608
3.73435494946152
2.40349492355264
1.11472049387063
0.742554540648264
0.853020735224192
1.00030902711845
1.23702243160808
1.84458728373044
3.09128086921577
4.81666751170494
6.45526424167049
7.79665578098371
8.577820889122
8.60543786218421
7.92684987224722
6.9905053070474
6.32244038501856
5.82402247703936
5.42423644949262
4.77458484195957
3.79879390863001
2.41007031090182
1.16469332551673
0.732033951773062
0.854335809094586
1.01214469504745
1.27647467511925
1.9050807895098
3.07813007812602
4.7943110929664
6.49603196744459
7.77824449834157
8.57124541959686
8.60938314418963
7.96893281877903
7.064150316853
6.32244038501856
5.80955652956872
5.40056491856357
4.74828317514725
3.71331365838694
2.41007031090182
1.13576168561649
0.734664098974207
0.850390587492271
1.00556932394605
1.23439228213675
1.83669682693461
3.10048642317022
4.79825634326014
6.47630564808713
7.82295761461389
8.59097182846254
8.64226049559071
7.94526116087675
7.02469763159106
6.34085161047563
5.84374876973584
5.4189761091883
4.79694125982547
3.79090342340799
2.3995496911808
1.1633782509444
0.74518468789649
0.854335809094586
1.00425424973469
1.2672691513915
1.89456017934126
3.07813007812602
4.80614684394003
6.48156599983611
7.77692940675259
8.55414919928403
8.60149258021365
7.95315171337419
7.04573906331769
6.30797442265483
5.84374876973584
5.38346881359661
4.71540609355349
3.76591688765597
2.42190600832819
1.22124153496016
0.754390203358
0.849075513630744
1.00293917552631
1.26989930101296
1.89850540813136
3.1241578483495
4.78116025887633
6.48551126368586
7.7598332164393
8.56335485629433
8.60017748623121
7.9215895042039
7.04836924234989
6.31191968507444
5.82402247703936
5.39398949350642
4.7495982584554
3.74750575681166
2.46004325732238
1.21861138556084
0.741239467028571
0.846445365916559
0.997678878722503
1.2501731791448
1.84721743602031
3.10311658147192
4.73776250880504
6.4473737145031
7.80454633091407
8.58176617088353
8.60675295618214
7.9334253323867
7.04442397380712
6.32507056004061
5.84243368353126
5.43475713026912
4.82718817968902
3.79221850427007
2.39428938139563
1.16206317637506
0.751760056068569
0.850390587492271
1.01740499198211
1.28568019899432
1.90245063694919
3.06760944548599
4.77853009209937
6.48025091189344
7.77561431516739
8.577820889122
8.61595861427611
7.97287809521567
7.0838766607292
6.32244038501856
5.85295437326722
5.44133255586809
4.79168092612102
3.80010898951191
2.41138538838108
1.17126869842328
0.735979172579199
0.863541326270116
1.01214469504745
1.26989930101296
1.88009434068127
3.11626737317371
4.76011892504361
6.4684151205723
7.79928596427872
8.56466995016842
8.61858880233782
7.94263097674129
7.09045210887255
6.33559126027296
5.83322808019846
5.43475713026912
4.77984517548614
3.73698511090517
2.42585124086018
1.13576168561649
0.74781483515649
0.862226252379031
1.02266528896438
1.25543347824356
1.86431342620413
3.10837689811396
4.75880384170812
6.4684151205723
7.80980669760987
8.56993032570343
8.6304246488073
7.94657625295017
7.06941067513878
6.33822143536708
5.83585825256153
5.41371576893991
4.80351667703304
3.79090342340799
2.4823995769281
1.18310436984368
0.739924393411812
0.866171474061169
1.01608991774398
1.25411840346437
1.89193002682992
3.09128086921577
4.81798259519096
6.48945652756822
7.7940255977038
8.59491711034017
8.6120133322126
7.95709698967415
7.06809558556179
6.31454986003886
5.84769402837086
5.40582525867217
4.75354350840035
3.79616374687613
2.44031709371944
1.19362496686546
0.737294246187126
0.860911178490895
1.01345976927665
1.25674855302576
1.88535464560545
3.1241578483495
4.792996009542
6.49997723141388
7.83742362375492
8.58702654661973
8.63963030738949
7.94920643710839
7.0667804959885
6.31718003501769
5.83585825256153
5.41108559883669
4.77063959185056
3.77380737250153
2.48897496522057
1.18704959370438
0.758335424314232
0.850390587492271
1.03318588307177
1.2817349744584
1.91560139987548
3.09785626488142
4.73250217571591
6.44342845096823
7.78876523118931
8.56335485629433
8.62516427255989
7.95841208178174
7.0667804959885
6.36452318710155
5.85952980446746
5.43738730049822
4.8100920943262
3.76591688765597
2.45609802454518
1.16206317637506
0.739924393411812
0.853020735224192
1.01740499198211
1.26200885218459
1.89982048440089
3.08470547363065
4.8100920943262
6.43816809963906
7.78876523118931
8.58834164056346
8.63831521329468
7.96630263450692
7.07072576471945
6.35926283663925
5.83717333874839
5.39793474853023
4.7456530085412
3.78169785746593
2.4350567835448
1.19888526544825
0.735979172579199
0.868801621864044
1.01214469504745
1.24754302961344
1.87220388338732
3.06234912924321
4.77326975858648
6.48419617573232
7.78218977313116
8.59097182846254
8.61595861427611
7.9215895042039
7.0654654064189
6.32375547252779
5.83059790784957
5.40451017363979
4.77589992533608
3.78038277663028
2.49292019823384
1.1883646683306
0.746499761525023
0.863541326270116
1.02266528896438
1.26200885218459
1.88535464560545
3.09259594834246
4.75354350840035
6.48025091189344
7.83873871551771
8.61858880233782
8.66856237845611
7.97156300306633
7.04179379479704
6.33559126027296
5.85032420081195
5.40845542874744
4.78379042566698
3.75934148370876
2.41401554334901
1.16732347467038
0.746499761525023
0.880637287123434
1.02792558599426
1.27384452546772
1.92349185777915
3.0952261066055
4.82981834671929
6.45920950530304
7.81243688098044
8.60149258021365
8.65146615441713
7.98734410910915
7.06152013773224
6.32112529751294
5.84506385594397
5.39530457851087
4.73118709245216
3.78958834254922
2.4639884901279
1.25280332868817
0.775431382097558
0.867486547961128
1.03318588307177
1.30014602252427
1.90771094208274
3.0754999199467
4.78379042566698
6.47893582395438
7.76903885729798
8.60149258021365
8.63963030738949
7.9505215291932
7.12464444070686
6.37372880054946
5.84506385594397
5.4505381518536
4.79562617639423
3.75013591832126
2.43768693862582
1.14759735630981
0.751760056068569
0.874061917505301
1.03318588307177
1.27778974994953
1.86825865478188
3.10969197728253
4.77063959185056
6.47893582395438
7.82295761461389
8.58702654661973
8.65015106028743
7.95578189757037
7.09045210887255
6.34216669803531
5.83322808019846
5.38872915352358
4.7456530085412
3.75671132215297
2.4837146545803
1.19230989222725
0.763595718963778
0.883267434991403
1.03844618019691
1.25148825391498
1.88535464560545
3.09391102747237
4.8114071777951
6.46315476896815
7.83216325674162
8.63963030738949
8.67250766101975
8.01496104600081
7.09045210887255
6.35926283663925
5.85295437326722
5.41371576893991
4.79694125982547
3.79353358513545
2.41138538838108
1.21072093743486
0.763595718963778
0.872746843590555
1.03055573452706
1.28831034869997
1.88535464560545
3.11626737317371
4.7561736750474
6.47367547223438
7.82295761461389
8.59097182846254
8.6527812485507
7.96630263450692
7.09702755710823
6.34479687316549
5.81744704631775
5.40582525867217
4.75748875837605
3.77117721087314
2.5073860528584
1.22387168437148
0.751760056068569
0.880637287123434
1.03976125448565
1.2672691513915
1.9011355606735
3.09785626488142
4.8114071777951
6.47630564808713
7.819012339473
8.61069823819918
8.62121899041502
7.96893281877903
7.05231451092586
6.30534424772642
5.85821471822032
5.41634593905712
4.77063959185056
3.79747882775141
2.48897496522057
1.23439228213675
0.762280645296975
0.878007139267304
1.02398036321738
1.27778974994953
1.87483403580632
3.11758245236162
4.76932450848772
6.49734705543073
7.83742362375492
8.60412276819016
8.63831521329468
7.93605551646905
6.99182039640689
6.30665933518882
5.85689963197672
5.43212696005401
4.81666751170494
3.84087649849058
2.48897496522057
1.22124153496016
0.763595718963778
0.875376991423011
1.05422707185826
1.3027761722961
1.91954662881344
3.0754999199467
4.792996009542
6.49077161553624
7.78087468153085
8.59623220430712
8.61858880233782
7.97419318736882
7.07598612307904
6.3316459976588
5.83059790784957
5.41634593905712
4.78379042566698
3.78695818084157
2.511331286004
1.22255660966432
0.763595718963778
0.87011669576993
1.05028184890271
1.30672139697641
1.89982048440089
3.12547292755676
4.75485859172216
6.4697302084824
7.81638215606464
8.56730013792819
8.60543786218421
7.40212845713022
5.04154683772095
1.87614911202045
-0.0660145849173207
0.751760056068569
0.905623692347184
0.504526263267614
0.512416701866492
0.507156409455582
0.19153894979349
0.186278660209389
0.319100986327761
0.279648807179463
0.290169388031352
0.266498081374515
0.177073153547973
0.145511417492649
0.262552863689329
0.278333734585971
0.284909097582293
0.250717210789588
0.21126503614402
0.208634891259855
0.204689673955201
0.217840398404839
0.179703298294001
0.178388225919548
0.153401851351298
0.1639224299904
0.190223877393159
0.215210253491868
0.228360978171942
0.212580108590423
0.219155470865637
0.195484167011784
0.182333443051526
0.167867647027485
0.162607357650451
0.157347068319403
0.1639224299904
0.16523750233322
0.16523750233322
0.175758081179282
0.184963587820562
0.186278660209389
0.190223877393159
0.183648515434605
0.183648515434605
0.174443008813462
0.169182719378931
0.156031995993828
0.152086779034342
0.158662140647856
0.16129228531338
0.159977212979179
0.156031995993828
0.159977212979179
0.16129228531338
0.16129228531338
0.162607357650451
0.174443008813462
0.179703298294001
0.170497791733247
0.1639224299904
0.16129228531338
0.158662140647856
0.149456634409042
0.145511417492649
0.152086779034342
0.156031995993828
0.154716923671124
0.152086779034342
0.149456634409042
0.149456634409042
0.154716923671124
0.150771706720256
0.153401851351298
0.154716923671124
0.156031995993828
0.156031995993828
0.152086779034342
0.149456634409042
0.148141562100705
0.148141562100705
0.156031995993828
0.150771706720256
0.153401851351298
0.153401851351298
0.149456634409042
0.157347068319403
0.149456634409042
0.150771706720256
0.153401851351298
0.150771706720256
0.154716923671124
0.150771706720256
0.154716923671124
0.152086779034342
0.148141562100705
0.269128226512407
5.09283511916257
12.3731986639999
18.2215188197821
23.0020378810409
25.2290562371506
24.9876280924347
23.3323295165872
21.3157500529327
19.9904792447959
20.4091066355013
23.5701813492152
20.5519309342871
15.7924886114009
10.4820810127729
5.5307583527055
2.76777150150919
4.25512717408909
7.16278204454789
9.89028656871742
11.81296401311
12.5954515940539
12.3271699661158
11.3382117796315
9.52074423012025
7.12201426124629
4.40899179534899
2.14442472425825
1.20677571341235
1.21072093743486
1.15022750538566
1.07526826140754
1.14759735630981
1.41324247359693
2.18913733883961
3.80405423217744
5.93711989933416
7.97419318736882
9.62595198119403
10.5031226081866
10.4978622092349
9.68118606073359
8.46603792033442
7.39818318559413
6.64069166767584
6.14621869130615
5.57152600076307
4.63781618944434
3.22541895675443
1.67231233545792
0.741239467028571
0.862226252379031
1.10683004716309
1.45532487969657
2.32327520420608
4.0236727875917
6.08440960503466
8.13726464384235
9.67329547751051
10.4281619293082
10.3532012637122
9.54178577829425
8.42790020795064
7.47445844124616
6.77877596807449
6.30928951012443
5.76221343175119
4.76537925841973
3.31221420780012
1.70387415411213
0.78069167690029
0.818828815631015
1.01608991774398
1.40929724818383
2.31801489514798
4.05523474329245
6.13964325622062
8.20564946562076
9.72721446573922
10.4689300161716
10.3689824553669
9.47734604022923
8.28455504206585
7.45604717149007
6.84453041099416
6.42764739715428
5.87268066713407
4.81666751170494
3.27933721710615
1.6170791570429
0.743869614270906
0.829349406062413
1.03055573452706
1.39746157210769
2.29565858220949
4.03024819487107
6.15410921352701
8.23195132290397
9.75351641365921
10.4807659130943
10.3729277533723
9.50364797297932
8.28192485596212
7.30218158855245
6.73537804075647
6.36189301186318
5.83454316637823
4.92581945271352
3.45687299099301
1.67494248694525
0.742554540648264
0.813568520486164
1.05948736917404
1.4342836762596
2.30880935441677
4.02498786904091
6.21328813429695
8.23589660162852
9.70748800585068
10.4478884224609
10.3439955688516
9.46419507445062
8.26614373966179
7.33505884557913
6.80770792183176
6.42764739715428
5.89766730717864
4.97579263842216
3.49369523301229
1.73543597452688
0.760965571633115
0.830664479879623
1.0437064773697
1.41192739845621
2.31801489514798
4.05523474329245
6.24353514105233
8.22669095132486
9.78376365574942
10.534685003274
10.4163260338581
9.50759326302907
8.2753493907699
7.31138722028555
6.75115910477537
6.38687967721039
5.8845164438375
4.97710772232371
3.50421587405969
1.79724454461375
0.758335424314232
0.806993151621505
1.04107632877735
1.44085905225045
2.34300136362001
4.07759112974245
6.15147903943906
8.21748530120878
9.76929758318074
10.538630302826
10.404490138739
9.50496306965859
8.38581721873447
7.4468415368867
6.88135290302946
6.46315476896815
5.88714661647732
4.89951777801907
3.40426979254625
1.7170249124042
0.763595718963778
0.833294627522911
1.05554214618272
1.43296860107051
2.34563151826177
4.06312523251767
6.24090496647644
8.19907400153908
9.79296933854588
10.5596719010599
10.4189562328184
9.56282732748799
8.41343417996297
7.48234898565165
6.83137952167797
6.40660599287875
5.85295437326722
4.89951777801907
3.43583171098821
1.78146363245867
0.78858211919281
0.837239849009983
1.05159692321824
1.42244799966662
2.32327520420608
4.0433990096797
6.20671269829713
8.27666448380067
9.73642014732891
10.5425756024148
10.3755579520631
9.51022345641547
8.31874746281061
7.39818318559413
6.8340096995119
6.45000389021109
5.91607851645309
4.93634012297624
3.44635235088621
1.6670520325199
0.732033951773062
0.845130292063899
1.08973407966548
1.45927010542725
2.40217984609222
4.08811178252319
6.24748040294313
8.19512872313598
9.72721446573922
10.521534005034
10.3965995421768
9.52468952032523
8.42921530142716
7.47971880416821
6.9194904870983
6.50260740741152
5.91344834365695
4.94686079345903
3.43846187094314
1.68151786571699
0.77674645579382
0.8398699966828
1.07921348453299
1.4487495035393
2.37587829754287
4.09205702737105
6.24748040294313
8.23063623000346
9.77192777815712
10.562302100913
10.4058052381803
9.51285364981778
8.27797957683529
7.34294938761163
6.78929667832681
6.45526424167049
5.95290093709253
5.04023175365048
3.52394207658761
1.82880637024937
0.74518468789649
0.872746843590555
1.10683004716309
1.49346206290169
2.37719337494053
4.10520784374761
6.23564461736775
8.22669095132486
9.75220131622513
10.5399454026848
10.4478884224609
9.51022345641547
8.3213776491292
7.4705131690939
6.87214727975111
6.49866214342049
5.96210654268823
4.98631330973097
3.47791427183333
1.79855962064662
0.792527340378875
0.830664479879623
1.04633662597396
1.44480427788125
2.36009736901544
4.10520784374761
6.19356182656664
8.2885003212502
9.84688834173286
10.6043853007961
10.4899716109302
9.594389653192
8.32006255596798
7.34031920691924
6.71828188866269
6.40660599287875
5.93843498579446
5.00866973699427
3.61994293940858
1.82880637024937
0.770171087341971
0.841185070523643
1.1134054194119
1.48951683693472
2.43637186108374
4.07759112974245
6.23432953009955
8.2477324380089
9.74036543949887
10.5294246039288
10.3979146415936
9.49181210304489
8.3082267176898
7.37582664752355
6.85110585578966
6.49077161553624
5.97657249469108
5.07047868814461
3.59364133141878
1.86168327383432
0.787267045470024
0.862226252379031
1.10551497272228
1.48557161099503
2.39691953628194
4.10257768044558
6.22117865761521
7.50733571049076
7.50470552886514
7.60202225899349
7.59676189467778
9.43657804760897
8.35030969964741
7.35610029129701
6.740638395371
6.39082494027905
5.93580481287743
5.02839599717157
3.55550400216365
1.8577380453027
0.796472561591465
0.841185070523643
1.12787123862216
1.52633894702129
2.4205909308238
4.12887931406735
6.16462991002212
8.2082796512802
9.79296933854588
10.5465209020406
10.4268468297973
9.52863481056604
8.36346063231584
7.43500572123704
6.82874934385868
6.45657932954439
5.95553111010207
5.00340940107801
3.50421587405969
1.81039530508041
0.770171087341971
0.878007139267304
1.10814512160688
1.50792789168074
2.4087552334257
4.13676980441459
6.19356182656664
8.27403429774295
9.77192777815712
10.5636172008457
10.4426280241969
9.51416874652491
8.3134870902195
7.45736226216264
6.8800378139787
6.51444319958036
5.99498370695441
5.03497141740313
3.53446271823679
1.83538175081272
0.822774037020643
0.849075513630744
1.10814512160688
1.48951683693472
2.43900201617106
4.05128949872486
6.20145234956188
8.27666448380067
9.82847697403182
10.6017551006802
10.4833961124555
9.61017081690563
8.3700360987942
7.36136065287545
6.78140614561563
6.44868880235529
5.9450104181493
4.98236805796434
3.57786036725474
1.79987469668254
0.75307512971181
0.871431769678757
1.17389884760686
1.56184598400144
2.4837146545803
4.11572849708939
6.24748040294313
8.21748530120878
9.71669368701989
10.5517813015991
10.4518337212019
9.53652539115517
8.41737946027703
7.46656789697527
6.85636621169203
6.50786775945031
6.01076474659322
5.05601276272388
3.62257310027977
1.8393269791876
0.806993151621505
0.868801621864044
1.11472049387063
1.50924296704249
2.44952263664609
4.08811178252319
6.24616531564261
8.30954181081647
9.80743541190905
10.5991249005807
10.4360525264588
9.54704616549706
8.32926820817709
7.37056628578116
6.87083219072603
6.55126566598407
6.05284752147445
5.07310885644784
3.62388818072029
1.78146363245867
0.774116308404238
0.868801621864044
1.17126869842328
1.54080477663479
2.49029004288851
4.09863243551759
6.23169935557395
8.28587013512346
9.74036543949887
10.5452058021613
10.4347374269235
9.53652539115517
8.33058330136517
7.39949827610243
6.83663987736048
6.49997723141388
6.02260052665928
5.10993121414454
3.71331365838694
1.88666972184419
0.814883594267954
0.855650882967936
1.15548780357326
1.54606507840354
2.47319403345089
4.08942686413581
6.21723339593992
8.26745883266573
9.79296933854588
10.5807135003445
10.430792128342
9.56414242434647
8.33452858095249
7.34689465867815
6.79061176712482
6.48551126368586
5.99235353373118
5.09020495075567
3.62388818072029
1.91560139987548
0.797787635334906
0.855650882967936
1.15680287812763
1.55395553114779
2.42848139589721
4.12493406893886
6.24748040294313
8.20170418716028
9.81401089996198
10.5951796004623
10.4689300161716
9.5799235869592
8.3752964720461
7.42974535882318
6.81822863272806
6.45526424167049
5.98051775440301
5.04943734221622
3.5962714921587
1.887984798086
0.808308225388537
0.837239849009983
1.12129586620905
1.52107864543472
2.4205909308238
4.10389276209493
6.24879549024725
8.23326641580833
9.80480521671598
10.6122759012424
10.474190414763
9.57860849005288
8.34504932668764
7.34689465867815
6.79718721116969
6.47236038431343
5.99629879357137
5.11782171971799
3.63440882436266
1.93532754484274
0.824089110823095
0.846445365916559
1.14891243084624
1.55132538022089
2.43768693862582
4.13150947750305
6.26720671288239
8.23589660162852
9.79033914344111
10.5662474007235
10.4833961124555
9.57334810246746
8.35557007266866
7.43106044942104
6.88529817020378
6.53285443242671
6.01339491991627
5.09678037179884
3.60416197445719
1.90639586579473
0.806993151621505
0.862226252379031
1.13576168561649
1.52239372082681
2.41401554334901
4.13019439578353
6.28298776141634
8.25562299576819
9.87450539476168
10.6464685048867
10.5031226081866
9.5996500410327
8.40685871284986
7.48103389490806
6.91423013049144
6.53285443242671
5.993668620341
5.04680717403732
3.54892860084647
1.85510789296366
0.817513741840379
0.884582508929817
1.11998079173539
1.51844849465966
2.4166456983295
4.13150947750305
6.19356182656664
8.28587013512346
9.88239598166712
10.6438383045077
10.5557266013111
9.65356902008256
8.38976249880607
7.45210189949478
6.86162656765306
6.47630564808713
6.01471000658314
5.09283511916257
3.63966914626268
1.94716323215613
0.835924775178007
0.867486547961128
1.17258377301358
1.56447613497698
2.45478294695908
4.14597537663855
6.19356182656664
8.27797957683529
9.79165424099149
10.6214816019501
10.5070679074434
9.61543120493788
8.41606436683517
7.46525280627655
6.92606593293953
6.56178637119337
6.03575139373824
5.14017815285269
3.65018979022042
1.92612201043837
0.818828815631015
0.872746843590555
1.15548780357326
1.5552706066158
2.4482075590757
4.14860554016121
6.2921933733004
8.2885003212502
9.88897147086565
10.6714554093085
10.5517813015991
9.62858217529799
8.42263983408302
7.40870390976499
6.82348898826407
6.47762073601895
5.99892896681599
5.05995801506991
3.62388818072029
1.91954662881344
0.845130292063899
0.866171474061169
1.16863854925169
1.56316105948769
2.48634480989413
4.11046817039177
6.25537092682178
8.3213776491292
9.81269580234336
10.6306873028593
10.530739703759
9.63778785478767
8.44236623640435
7.52048661884344
6.95368280647595
6.57888251765415
6.04627208765836
5.08362952979892
3.65281995124272
1.87746418823765
0.841185070523643
0.862226252379031
1.14102198367252
1.51844849465966
2.4705638782
4.10915308872572
6.28561793622237
8.28323994901206
9.88897147086565
10.7043329173911
10.6057004008602
9.67329547751051
8.41606436683517
7.40607372869989
6.81559845498202
6.47630564808713
6.00287422670964
5.09283511916257
3.6541350317588
1.98267029559619
0.831979553699789
0.875376991423011
1.14759735630981
1.55790075756094
2.47450911108104
4.17622225795738
6.2251239193228
8.31743236965707
9.84951853718302
10.6543591061226
10.5504662017034
9.61674630195593
8.37924175202539
7.45210189949478
6.8695171017046
6.50392249541579
6.04758717441444
5.17305526222194
3.72909462661378
2.00371151943805
0.833294627522911
0.872746843590555
1.17784407140467
1.59998317433735
2.49292019823384
4.15123570369726
6.21591830872201
8.30033615901038
9.90869793906494
10.6569893065674
10.5360001031206
9.62069159303402
8.43053039490754
7.40607372869989
6.81691354385321
6.50786775945031
6.02786087344806
5.07179377229449
3.68306680394448
1.91034109466799
0.850390587492271
0.883267434991403
1.15417272902187
1.54606507840354
2.50081066434543
4.11572849708939
6.25931618880963
8.32269274229424
9.85214873264926
10.6714554093085
10.5741380004551
9.72326917368944
8.47787376276793
7.42316990588984
6.84321532204606
6.48945652756822
6.03312122029391
5.1835759376776
3.73172478803105
1.92875216310991
0.850390587492271
0.833294627522911
1.17258377301358
1.59077764540131
2.48502973223565
4.17359209429414
6.30797442265483
8.27666448380067
9.85740912362999
10.6517289056942
10.5320548035932
9.62595198119403
8.45946245245079
7.54547334574524
6.97866950297767
6.59729375299087
6.02917596015416
5.05995801506991
3.55681908243692
1.85510789296366
0.838554922844914
0.896418174508817
1.14365213271846
1.53817462576864
2.4482075590757
4.1630714397751
6.28298776141634
8.32663802181244
9.9415753880774
10.708278218534
10.5846588003273
9.65619921435432
8.44105114288929
7.49944516565881
6.88661325926922
6.51970355174965
6.03312122029391
5.10072562446624
3.60679213524961
1.92480693410722
0.834609701348974
0.895103100543757
1.13970690915402
1.53685955034013
2.44031709371944
4.16964684882439
6.23958987919387
8.34110404700814
9.96130185869391
10.7332651266341
10.6293722027171
9.71143329775632
8.45025679757561
7.43237554002264
6.7840363231714
6.40266072968007
5.91870868926345
5.01524515696716
3.59364133141878
1.95373861410487
0.858281030723504
0.889842804713105
1.17915914600993
1.59340779651068
2.511331286004
4.22619537010551
6.27378214970859
8.35557007266866
9.93894519206373
10.6832913119217
10.5596719010599
9.64830863158701
8.48576432456385
7.45341699015614
6.84716058890137
6.46578494476299
5.99235353373118
5.03891666958346
3.57523020660663
1.89587525560155
0.833294627522911
0.881952361055937
1.19230989222725
1.61181885461715
2.53631776325174
4.23540094392408
6.29745372302761
8.36609081889565
9.95341127033844
10.6938121145245
10.5425756024148
9.60754062291345
8.46735301392273
7.52706207316019
6.93921682489757
6.5828277823092
6.05679278180695
5.06390326744702
3.59232625105374
1.89193002682992
0.854335809094586
0.888527730762846
1.15154257992807
1.55395553114779
2.49555035359177
4.12624915064502
6.29350846072681
8.40028324583297
9.96130185869391
10.7174839213451
10.5793984003584
9.63252746648389
8.4357907688676
7.41922463417465
6.8419002331016
6.51575828761725
6.0318061335771
5.11387646691569
3.71988906175712
1.94584815577563
0.835924775178007
0.879322213193895
1.18047422061819
1.5789419655598
2.53631776325174
4.16701668519463
6.31191968507444
8.38187193869748
9.9060677432527
10.7174839213451
10.6109608011577
9.74168053689687
8.55940957469529
7.54810352760305
6.91423013049144
6.54074496100706
5.9976138801919
5.04286192179486
3.66728583710042
1.89982048440089
0.853020735224192
0.878007139267304
1.16206317637506
1.56973643696453
2.52579714111393
4.18411274902748
6.36057792424941
8.36740591219132
9.95998676062458
10.7477312320041
10.6530440059063
9.72852956309716
8.46209263959268
7.45210189949478
6.87609254684839
6.51838846370189
6.0607380421716
5.15201391197617
3.67780648161049
1.9734647604141
0.833294627522911
0.892472952622505
1.19362496686546
1.59077764540131
2.4916051205596
4.18542783088422
6.32901582260072
8.33978895378933
9.92842440817025
10.7332651266341
10.593864500431
9.72326917368944
8.45025679757561
7.43763590246638
6.85242094475976
6.48682635164302
5.98709318732747
5.10730104564773
3.68306680394448
1.98924567796178
0.863541326270116
0.876692065343683
1.18967974295982
1.60129824991181
2.50212574204172
4.19989373152949
6.31060459759764
8.32663802181244
9.92973950614283
10.7148537205213
10.6149061014241
9.69302193583822
8.47261338831447
7.5231168005589
6.91817539794108
6.51970355174965
6.00681948663539
5.10335579292846
3.65281995124272
1.96951953109669
0.858281030723504
0.888527730762846
1.17126869842328
1.57762689003707
2.49292019823384
4.18542783088422
6.2908782858776
8.31874746281061
9.91527342866602
10.7266896243582
10.6070155009284
9.70091251942136
8.43710586236724
7.47840371343208
6.88529817020378
6.51181302351747
6.04495700090585
5.11913680399234
3.68701204572952
1.99187583092965
0.867486547961128
0.900363396421774
1.20020034010144
1.6210243838942
2.51659159690893
4.21041438679895
6.24748040294313
8.35162479289696
9.93499989807345
10.6964423152164
10.6004400006284
9.69433703309208
8.49102469917164
7.50996589213135
6.91028486307484
6.54863548971804
6.09887556068772
5.19541169783052
3.74224543383203
2.02343766750868
0.845130292063899
0.884582508929817
1.17389884760686
1.5960379476322
2.52053683012073
4.19857864963589
6.24616531564261
8.36346063231584
9.91790362453464
10.712223519714
10.5793984003584
9.6785558663099
8.42263983408302
7.48629425790489
6.91028486307484
6.54469022534622
6.07914925763171
5.16779492457732
3.70410809380702
2.0076567489965
0.87011669576993
0.892472952622505
1.18704959370438
1.60129824991181
2.51527651917797
4.20252389532674
6.24222005376259
8.35425497940759
9.94552068212813
10.7293198252562
10.6175363016222
9.70617290855682
8.49628507384116
7.47577353197106
6.89055852648757
6.54074496100706
6.07914925763171
5.18226085323351
3.79616374687613
1.99713613690247
0.871431769678757
0.880637287123434
1.17652899680241
1.59998317433735
2.54683838559145
4.17359209429414
6.33033091012796
8.41211908653265
9.94946597621514
10.7214292226117
10.5465209020406
9.30901370823393
6.80639283298618
3.27407689878326
0.0403056425778843
0.503211190178007
0.997678878722503
0.910883988319988
0.850390587492271
0.813568520486164
0.467704217859712
0.207319818822093
0.370388823113366
0.371703895909398
0.407210862498502
0.404580716752697
0.332251713288869
0.219155470865637
0.265183008809899
0.367758677529999
0.412471154024963
0.390114915358268
0.325676349772145
0.302005041710764
0.290169388031352
0.295429678526631
0.278333734585971
0.275703589407662
0.254662428396863
0.240196630630429
0.248087065732491
0.277018661995371
0.337512004154341
0.319100986327761
0.288854315414753
0.288854315414753
0.263867936248168
0.266498081374515
0.255977500938393
0.245456920686941
0.244141848168482
0.248087065732491
0.234936340620052
0.249402138259597
0.263867936248168
0.277018661995371
0.277018661995371
0.269128226512407
0.279648807179463
0.261237791133368
0.257292573482808
0.242826775652908
0.232306195632162
0.232306195632162
0.238881558123509
0.241511703140226
0.238881558123509
0.244141848168482
0.254662428396863
0.258607646030107
0.257292573482808
0.262552863689329
0.270443299085677
0.263867936248168
0.255977500938393
0.24677199320827
0.245456920686941
0.238881558123509
0.232306195632162
0.225730833212879
0.238881558123509
0.241511703140226
0.236251413118318
0.240196630630429
0.238881558123509
0.238881558123509
0.241511703140226
0.245456920686941
0.252032283322464
0.253347355858217
0.252032283322464
0.252032283322464
0.248087065732491
0.242826775652908
0.234936340620052
0.237566485619475
0.234936340620052
0.238881558123509
0.236251413118318
0.234936340620052
0.232306195632162
0.236251413118318
0.236251413118318
0.232306195632162
0.237566485619475
0.236251413118318
0.238881558123509
0.244141848168482
0.242826775652908
0.249402138259597
