0.00403580011377936
0.107767449043941
0.537795897956691
0.879714760743731
0.979660311461039
0.965194507026311
0.957304068392453
0.973084945765137
0.959934214592074
0.937577972266844
0.874454469066244
0.821851554846269
0.791604881270722
0.765303427232716
0.737686901737909
0.706125159875263
0.687714144556345
0.674563419674541
0.657467477758964
0.65352226046295
0.64168660873036
0.64168660873036
0.646946898360504
0.649577043192849
0.665357912428739
0.68902921706038
0.708755304966978
0.732426611311972
0.771878790633707
0.81264604533493
0.861303740075861
0.924427241880558
0.9691397263826
1.0191125071689
1.0611948521563
1.0861812459105
1.10985256728495
1.10459227356409
1.11116764072251
1.10985256728495
1.09670183307077
1.08749631929527
1.07040036552169
1.05461948555455
1.03489338618822
1.00201655537283
0.975715092034754
0.940208118379054
0.909961438791861
0.877084614899182
0.849468084232782
0.827111846059374
0.804755608723944
0.800810390457571
0.799495317707901
0.79555009947628
0.804755608723944
0.813961118113568
0.824481700447016
0.837632428624779
0.861303740075861
0.886290125405978
0.923112168857941
0.957304068392453
0.988865823557852
1.02963309313501
1.05724963218647
1.08355109914973
1.10327720014121
1.10459227356409
1.11116764072251
1.11116764072251
1.10590734698992
1.10196212672125
1.09670183307077
1.07829080566336
1.06777021883122
1.04804411902597
1.02831801987902
1.00727684818057
0.979660311461039
0.954673922204485
0.928372460965868
0.902071000891873
0.877084614899182
0.858673594312634
0.848153011375842
0.846837938521801
0.849468084232782
0.841577647134663
0.850783157092629
0.861303740075861
0.873139396154137
0.89944085494848
0.915221730783365
0.938893045321493
0.971769872634709
1.00464670177086
1.03226323965577
1.05593455886905
1.08223602577375
1.098016906479
1.10196212672125
1.10985256728495
1.10722242041866
1.10722242041866
1.10327720014121
1.09012646607362
1.07303051222386
1.06645514549037
1.05198933893434
1.03357831292053
1.00859192138982
0.990180896726208
0.963879433913377
0.937577972266844
0.916536803788524
0.895495636055202
0.87839968782
0.865248958742477
0.861303740075861
0.861303740075861
0.858673594312634
0.861303740075861
0.87182432324493
0.882344906599918
0.900755927918723
0.919166949807554
0.942838264502903
0.970454799507202
1.00070148217819
1.03226323965577
1.05593455886905
1.08881139268298
1.10064705330424
1.10722242041866
1.11511286105274
1.10590734698992
1.11511286105274
1.10985256728495
1.098016906479
1.09012646607362
1.07566065893776
1.06250992548542
1.04804411902597
1.02437280012857
1.00727684818057
0.974400018898486
0.958619141490807
0.934947826166294
0.909961438791861
0.898125781981143
0.883659979532361
0.874454469066244
0.874454469066244
0.867879104534744
0.881029833670375
0.881029833670375
0.892865490140885
0.907331292813559
0.917851876796583
0.954673922204485
0.971769872634709
0.999386408986474
1.03094816639393
1.0611948521563
1.08092095240068
1.10064705330424
1.11248271416299
1.11642793450203
1.11248271416299
1.11511286105274
1.11116764072251
1.10064705330424
1.098016906479
1.08092095240068
1.07040036552169
1.05461948555455
1.03357831292053
1.01779743393629
0.984920604070282
0.9691397263826
0.948098556785581
0.920482022821439
0.908646365801253
0.891550417188093
0.888920271291219
0.882344906599918
0.87839968782
0.883659979532361
0.890235344238199
0.904701146846897
0.912591584781801
0.924427241880558
0.94678348371054
0.959934214592074
0.994126116248808
1.02174265364289
1.04804411902597
1.07434558557934
1.09275661286369
1.10722242041866
1.11511286105274
1.11511286105274
1.12037315486747
1.11511286105274
1.10853749385034
1.09670183307077
1.08749631929527
1.07829080566336
1.06645514549037
1.04409889914394
1.02568787337579
1.00596177497426
0.984920604070282
0.965194507026311
0.936262899215116
0.916536803788524
0.906016219828778
0.895495636055202
0.882344906599918
0.87839968782
0.879714760743731
0.884975052467716
0.89418056309659
0.902071000891873
0.921797095838237
0.937577972266844
0.961249287696262
0.986235677229892
1.00990699460197
1.04672904572903
1.06250992548542
1.09144153946719
1.10327720014121
1.10459227356409
1.10722242041866
1.11379778760639
1.10985256728495
1.10590734698992
1.09933197989015
1.0861812459105
1.07434558557934
1.06382499881748
1.04409889914394
1.02700294662594
1.01253714103506
0.986235677229892
0.967824653260926
0.945468410638419
0.921797095838237
0.907331292813559
0.896810709016719
0.888920271291219
0.888920271291219
0.888920271291219
0.887605198347153
0.892865490140885
0.904701146846897
0.917851876796583
0.938893045321493
0.959934214592074
0.9836055309136
1.01122206781706
1.03357831292053
1.06514007215247
1.08092095240068
1.10327720014121
1.10985256728495
1.10985256728495
1.11774300795425
1.11511286105274
1.11248271416299
1.10327720014121
1.09275661286369
1.08355109914973
1.06777021883122
1.05724963218647
1.04146875257054
1.01779743393629
1.00201655537283
0.9691397263826
0.957304068392453
0.931002607037307
0.919166949807554
0.89944085494848
0.898125781981143
0.888920271291219
0.896810709016719
0.891550417188093
0.896810709016719
0.903386073867935
0.927057387934518
0.933632753120385
0.958619141490807
0.977030165173929
1.00727684818057
1.02963309313501
1.0611948521563
1.07960587903056
1.10196212672125
1.10985256728495
1.11248271416299
1.11905808140939
1.11511286105274
1.10853749385034
1.10985256728495
1.09538675966548
1.09144153946719
1.06908529217498
1.06382499881748
1.04935919232583
1.02568787337579
1.00990699460197
0.986235677229892
0.967824653260926
0.942838264502903
0.928372460965868
0.908646365801253
0.903386073867935
0.887605198347153
0.896810709016719
0.891550417188093
0.902071000891873
0.906016219828778
0.924427241880558
0.929687534000131
0.954673922204485
0.977030165173929
0.995441189428846
1.02568787337579
1.05067426562862
1.07829080566336
1.09670183307077
1.10196212672125
1.10985256728495
1.11379778760639
1.11248271416299
1.11116764072251
1.10459227356409
1.098016906479
1.08749631929527
1.07829080566336
1.0611948521563
1.04804411902597
1.02700294662594
1.00990699460197
0.984920604070282
0.9691397263826
0.94678348371054
0.929687534000131
0.911276511785374
0.906016219828778
0.89944085494848
0.898125781981143
0.89418056309659
0.89418056309659
0.903386073867935
0.913906657781126
0.929687534000131
0.948098556785581
0.962564360803363
0.999386408986474
1.01385221425598
1.04146875257054
1.06645514549037
1.0861812459105
1.10064705330424
1.10590734698992
1.10985256728495
1.10853749385034
1.11248271416299
1.10985256728495
1.098016906479
1.09012646607362
1.08092095240068
1.06777021883122
1.05593455886905
1.03489338618822
1.0191125071689
0.996756262611804
0.971769872634709
0.955988995297012
0.937577972266844
0.919166949807554
0.908646365801253
0.902071000891873
0.900755927918723
0.898125781981143
0.906016219828778
0.906016219828778
0.920482022821439
0.927057387934518
0.941523191439522
0.962564360803363
0.986235677229892
1.00990699460197
1.03226323965577
1.06250992548542
1.08355109914973
1.11116764072251
1.11116764072251
1.10722242041866
1.10985256728495
1.12037315486747
1.11511286105274
1.10853749385034
1.09407168626311
1.08881139268298
1.07829080566336
1.05987977883009
1.05067426562862
1.02831801987902
1.01122206781706
0.990180896726208
0.966509580142151
0.948098556785581
0.934947826166294
0.917851876796583
0.916536803788524
0.906016219828778
0.903386073867935
0.908646365801253
0.909961438791861
0.917851876796583
0.931002607037307
0.94678348371054
0.962564360803363
0.984920604070282
1.00464670177086
1.03357831292053
1.05198933893434
1.08223602577375
1.09933197989015
1.10722242041866
1.11379778760639
1.11379778760639
1.11379778760639
1.11774300795425
1.10985256728495
1.10327720014121
1.08881139268298
1.08355109914973
1.06908529217498
1.04935919232583
1.04015367928822
1.01516728747983
0.996756262611804
0.978345238316031
0.952043776028184
0.937577972266844
0.927057387934518
0.913906657781126
0.906016219828778
0.902071000891873
0.906016219828778
0.909961438791861
0.917851876796583
0.927057387934518
0.934947826166294
0.957304068392453
0.975715092034754
0.991495969897493
1.02831801987902
1.05067426562862
1.0717154388713
1.09275661286369
1.10196212672125
1.10985256728495
1.11642793450203
1.11248271416299
1.11511286105274
1.11116764072251
1.10327720014121
1.09538675966548
1.08486617252864
1.07566065893776
1.05461948555455
1.04146875257054
1.0191125071689
1.00201655537283
0.978345238316031
0.957304068392453
0.940208118379054
0.927057387934518
0.912591584781801
0.908646365801253
0.904701146846897
0.903386073867935
0.903386073867935
0.909961438791861
0.925742314906081
0.932317680077382
0.953358849114878
0.966509580142151
0.987550750392408
1.01253714103506
1.04278382585577
1.06382499881748
1.08486617252864
1.10064705330424
1.10590734698992
1.11116764072251
1.11511286105274
1.11116764072251
1.10853749385034
1.10590734698992
1.09407168626311
1.08486617252864
1.07434558557934
1.05461948555455
1.04146875257054
1.02568787337579
1.00859192138982
0.988865823557852
0.967824653260926
0.950728702944396
0.931002607037307
0.923112168857941
0.912591584781801
0.911276511785374
0.908646365801253
0.907331292813559
0.913906657781126
0.924427241880558
0.932317680077382
0.945468410638419
0.963879433913377
0.9836055309136
1.00596177497426
1.03094816639393
1.05856470550682
1.07566065893776
1.098016906479
1.10853749385034
1.11116764072251
1.11248271416299
1.10985256728495
1.11116764072251
1.10722242041866
1.09670183307077
1.09144153946719
1.07829080566336
1.07040036552169
1.05987977883009
1.03357831292053
1.01779743393629
0.995441189428846
0.978345238316031
0.959934214592074
0.941523191439522
0.928372460965868
0.919166949807554
0.912591584781801
0.913906657781126
0.911276511785374
0.921797095838237
0.924427241880558
0.936262899215116
0.949413629863535
0.963879433913377
0.984920604070282
1.00464670177086
1.0191125071689
1.05593455886905
1.07566065893776
1.09407168626311
1.10590734698992
1.11248271416299
1.11774300795425
1.11511286105274
1.11905808140939
1.11511286105274
1.10327720014121
1.098016906479
1.0861812459105
1.07697573229909
1.06645514549037
1.05067426562862
1.03489338618822
1.01122206781706
0.987550750392408
0.963879433913377
0.948098556785581
0.940208118379054
0.927057387934518
0.920482022821439
0.919166949807554
0.916536803788524
0.923112168857941
0.927057387934518
0.936262899215116
0.950728702944396
0.959934214592074
0.979660311461039
1.00070148217819
1.01779743393629
1.05330441224299
1.0717154388713
1.09538675966548
1.10722242041866
1.10985256728495
1.12037315486747
1.12300330179244
1.11642793450203
1.11511286105274
1.10459227356409
1.10064705330424
1.09538675966548
1.08223602577375
1.0717154388713
1.05067426562862
1.03226323965577
1.01779743393629
0.994126116248808
0.979660311461039
0.958619141490807
0.942838264502903
0.933632753120385
0.919166949807554
0.925742314906081
0.915221730783365
0.919166949807554
0.923112168857941
0.932317680077382
0.942838264502903
0.955988995297012
0.977030165173929
0.988865823557852
1.01253714103506
1.04015367928822
1.0611948521563
1.08881139268298
1.098016906479
1.11248271416299
1.10459227356409
1.11379778760639
1.12168822832849
1.11774300795425
1.11116764072251
1.10459227356409
1.09275661286369
1.08355109914973
1.07303051222386
1.05461948555455
1.04146875257054
1.0191125071689
1.00333162857039
0.986235677229892
0.959934214592074
0.957304068392453
0.936262899215116
0.927057387934518
0.920482022821439
0.913906657781126
0.916536803788524
0.924427241880558
0.927057387934518
0.941523191439522
0.94678348371054
0.965194507026311
0.988865823557852
1.00596177497426
1.02963309313501
1.05198933893434
1.07303051222386
1.09538675966548
1.10722242041866
1.11116764072251
1.10985256728495
1.11511286105274
1.11248271416299
1.11116764072251
1.10590734698992
1.09144153946719
1.08486617252864
1.0717154388713
1.05987977883009
1.04409889914394
1.02437280012857
1.00596177497426
0.988865823557852
0.966509580142151
0.953358849114878
0.937577972266844
0.924427241880558
0.920482022821439
0.917851876796583
0.923112168857941
0.919166949807554
0.925742314906081
0.937577972266844
0.948098556785581
0.961249287696262
0.978345238316031
0.998071335797682
1.02305772688427
1.04804411902597
1.06645514549037
1.09538675966548
1.10459227356409
1.10985256728495
1.11511286105274
1.11511286105274
1.11774300795425
1.11511286105274
1.10853749385034
1.09933197989015
1.08881139268298
1.07697573229909
1.06514007215247
1.05330441224299
1.02963309313501
1.01516728747983
0.995441189428846
0.978345238316031
0.961249287696262
0.948098556785581
0.934947826166294
0.927057387934518
0.925742314906081
0.920482022821439
0.925742314906081
0.929687534000131
0.941523191439522
0.952043776028184
0.954673922204485
0.978345238316031
0.998071335797682
1.01122206781706
1.03883860600884
1.06514007215247
1.0861812459105
1.10327720014121
1.11248271416299
1.11774300795425
1.12168822832849
1.11642793450203
1.12037315486747
1.11248271416299
1.10459227356409
1.09275661286369
1.08355109914973
1.07303051222386
1.05856470550682
1.02963309313501
1.02568787337579
1.00727684818057
0.9836055309136
0.967824653260926
0.949413629863535
0.945468410638419
0.934947826166294
0.925742314906081
0.928372460965868
0.924427241880558
0.932317680077382
0.938893045321493
0.948098556785581
0.961249287696262
0.975715092034754
0.988865823557852
1.01122206781706
1.02963309313501
1.05724963218647
1.07829080566336
1.09933197989015
1.10590734698992
1.12037315486747
1.11642793450203
1.11905808140939
1.12168822832849
1.11642793450203
1.10853749385034
1.09538675966548
1.08881139268298
1.07697573229909
1.0611948521563
1.05198933893434
1.03094816639393
1.01122206781706
0.991495969897493
0.974400018898486
0.961249287696262
0.944153337569212
0.933632753120385
0.925742314906081
0.927057387934518
0.921797095838237
0.925742314906081
0.934947826166294
0.942838264502903
0.952043776028184
0.967824653260926
0.984920604070282
1.00859192138982
1.02700294662594
1.05330441224299
1.06645514549037
1.09933197989015
1.10722242041866
1.11511286105274
1.11116764072251
1.12168822832849
1.11379778760639
1.12037315486747
1.10590734698992
1.10459227356409
1.09012646607362
1.08355109914973
1.0717154388713
1.05987977883009
1.03883860600884
1.01779743393629
1.00201655537283
0.977030165173929
0.963879433913377
0.949413629863535
0.940208118379054
0.931002607037307
0.927057387934518
0.927057387934518
0.924427241880558
0.927057387934518
0.937577972266844
0.949413629863535
0.965194507026311
0.979660311461039
0.995441189428846
1.0164823607066
1.04278382585577
1.06645514549037
1.08881139268298
1.10327720014121
1.11248271416299
1.11116764072251
1.11642793450203
1.11642793450203
1.11379778760639
1.11116764072251
1.10064705330424
1.09275661286369
1.08223602577375
1.07040036552169
1.05593455886905
1.04146875257054
1.02174265364289
1.00464670177086
0.9836055309136
0.9691397263826
0.94678348371054
0.936262899215116
0.927057387934518
0.924427241880558
0.919166949807554
0.924427241880558
0.923112168857941
0.933632753120385
0.942838264502903
0.955988995297012
0.970454799507202
0.986235677229892
1.00464670177086
1.03226323965577
1.05461948555455
1.07697573229909
1.09407168626311
1.10590734698992
1.10985256728495
1.11511286105274
1.10985256728495
1.11248271416299
1.10853749385034
1.10196212672125
1.09670183307077
1.08486617252864
1.07303051222386
1.05987977883009
1.04672904572903
1.03094816639393
1.00990699460197
0.988865823557852
0.971769872634709
0.955988995297012
0.942838264502903
0.932317680077382
0.931002607037307
0.925742314906081
0.925742314906081
0.921797095838237
0.932317680077382
0.942838264502903
0.952043776028184
0.970454799507202
0.987550750392408
1.00990699460197
1.02831801987902
1.05330441224299
1.07829080566336
1.09670183307077
1.10985256728495
1.11511286105274
1.11905808140939
1.12300330179244
1.12300330179244
1.12431837525933
1.11248271416299
1.10327720014121
1.09538675966548
1.07960587903056
1.06777021883122
1.05593455886905
1.03752353273237
1.02042758040444
1.00333162857039
0.986235677229892
0.967824653260926
0.955988995297012
0.941523191439522
0.933632753120385
0.932317680077382
0.934947826166294
0.931002607037307
0.936262899215116
0.94678348371054
0.957304068392453
0.967824653260926
0.986235677229892
1.00201655537283
1.02700294662594
1.04804411902597
1.07566065893776
1.08749631929527
1.10722242041866
1.11642793450203
1.11642793450203
1.12431837525933
1.12168822832849
1.11905808140939
1.11642793450203
1.10459227356409
1.09933197989015
1.08881139268298
1.07566065893776
1.06645514549037
1.04278382585577
1.02568787337579
1.01122206781706
0.991495969897493
0.975715092034754
0.961249287696262
0.94678348371054
0.940208118379054
0.934947826166294
0.932317680077382
0.936262899215116
0.937577972266844
0.942838264502903
0.949413629863535
0.963879433913377
0.979660311461039
1.00070148217819
1.01122206781706
1.04015367928822
1.05987977883009
1.08749631929527
1.10327720014121
1.10985256728495
1.11379778760639
1.11511286105274
1.11774300795425
1.11774300795425
1.11116764072251
1.10722242041866
1.098016906479
1.08881139268298
1.07303051222386
1.06250992548542
1.05067426562862
1.03094816639393
1.01516728747983
0.995441189428846
0.973084945765137
0.959934214592074
0.944153337569212
0.934947826166294
0.929687534000131
0.928372460965868
0.927057387934518
0.932317680077382
0.936262899215116
0.949413629863535
0.957304068392453
0.9691397263826
0.990180896726208
1.00727684818057
1.02963309313501
1.05198933893434
1.07303051222386
1.09407168626311
1.10327720014121
1.03752353273237
0.740317046968222
0.616700233615781
0.557521980903097
0.499658806087972
0.482562869134959
0.472042292788657
0.445740852722842
0.43390520506582
0.426014773422864
0.416809269969185
0.402343479109923
0.40365855099197
0.390507832299711
0.395768119742428
0.386562616747568
0.373411898425509
0.376042042067148
0.36815161117638
0.369466682984395
0.364206395769408
0.35631596503228
0.35631596503228
0.352370749702111
0.352370749702111
0.349740606162875
0.344480319118531
0.340535103865115
0.341850175613416
0.339220032119663
0.336589888637285
0.332644673435027
0.335274816900359
0.327384386538455
0.323439171395854
0.323439171395854
0.319493956278812
0.31686381288165
0.31686381288165
0.312918597807197
0.310288454438428
0.306343239406552
0.308973382758296
0.307658311081006
0.29976788107686
0.303713096066161
0.298452809419437
0.295822666113089
0.295822666113089
0.291877451174855
0.295822666113089
0.281356878131
0.290562379534443
0.291877451174855
0.283987021374948
0.290562379534443
0.28267194975156
0.283987021374948
0.283987021374948
0.274781520070739
0.278726734898392
0.281356878131
0.274781520070739
0.280041806513282
0.270836305268595
0.270836305268595
0.274781520070739
0.272151376866482
0.276096591677124
0.270836305268595
0.268206162081334
0.273466448467197
0.264260947321695
0.26689109049196
0.265576018905413
0.262945875740819
0.264260947321695
0.259000661015172
0.26163080416277
0.257685589445622
0.252425303195743
0.259000661015172
0.256370517878899
0.255055446315019
0.253740374753967
0.24453487390587
0.255055446315019
0.251110231640354
0.24453487390587
0.251110231640354
0.240589659299154
0.24453487390587
0.247165016991168
0.24321980236747
0.239274587769238
0.236644444717903
0.236644444717903
0.237959516242157
0.235329373196485
0.234014301677888
0.537795897956691
2.92334169238776
5.20237608401882
6.76338243149172
7.22892362701136
6.6936827999892
5.30495259312747
3.40860555291977
1.66744396980256
1.29527795100077
1.5451420362402
1.522785771609
1.32815479820417
1.24925036801815
1.20190771500544
1.09144153946719
0.988865823557852
0.945468410638419
0.911276511785374
0.89944085494848
0.902071000891873
0.950728702944396
1.02042758040444
1.11642793450203
1.24530514678786
1.48070339346393
1.76870473011673
2.11982984291968
2.46174963751966
2.75106654999176
2.97462972229777
3.09693196684144
3.16005571667338
3.19950806403256
3.21002869047821
3.19819298574117
3.19819298574117
3.17189142058086
3.12717876272405
3.05221931512769
2.95884878950732
2.80498471854347
2.57616130764763
2.30262539957378
1.97517153055696
1.67138919389703
1.41100446136412
1.21374337790065
1.10985256728495
1.03883860600884
0.999386408986474
0.982290457759824
0.978345238316031
0.984920604070282
1.00070148217819
1.03094816639393
1.10327720014121
1.23478455697015
1.41363460959369
1.68980024002827
2.02251424691341
2.38284505107723
2.7366007007873
2.99041065554234
3.13638430962995
3.19687790745295
3.21265884712144
3.21528900377739
3.21923423878518
3.20871361216137
3.19161759433189
3.14953509119378
3.09561688879761
3.0167122119598
2.88783459756269
2.68005238479657
2.41966719003356
2.0987886315582
1.77659517972119
1.49648428491084
1.27292169595751
1.15061984521356
1.07697573229909
1.02700294662594
1.00596177497426
0.996756262611804
0.998071335797682
1.01253714103506
1.04541397243502
1.10196212672125
1.19927756772778
1.35445627729826
1.58590934455336
1.90284238816145
2.25659773584507
2.63533976693342
2.93386231351717
3.11008274745394
3.19819298574117
3.22975486561266
3.24948104146345
3.2521111982977
3.24027549264391
3.22712470888669
3.19687790745295
3.14953509119378
3.07589071852032
2.9706844890576
2.79051886792765
2.54459946526823
2.23555651939292
1.89363686160483
1.59248471713087
1.34393568551852
1.19664742046189
1.11248271416299
1.05330441224299
1.02568787337579
1.01516728747983
1.0164823607066
1.02042758040444
1.04409889914394
1.0861812459105
1.17034594845035
1.29264780330431
1.51226517678668
1.78843085433119
2.14744643401759
2.52224316133089
2.86679335726637
3.08772642060119
3.19424775088606
3.25079611987898
3.2521111982977
3.24422072783317
3.24685088464194
3.24948104146345
3.21134376879824
3.16926126413475
3.11402798169949
3.01408205626122
2.87073858976067
2.63007945918626
2.33681738078106
2.03171977555127
1.69243038952362
1.42678535091975
1.23872977812968
1.14272940410396
1.09144153946719
1.04541397243502
1.03094816639393
1.02568787337579
1.03094816639393
1.04804411902597
1.08486617252864
1.15588013934539
1.26897647456789
1.44256624090314
1.69506053903095
2.03434992661803
2.40125612025299
2.77868317225111
3.02986299064224
3.18109696824236
3.24948104146345
3.26263182576219
3.24290564943356
3.24948104146345
3.25474135514471
3.22975486561266
3.19030251605957
3.13243907522267
3.05484947100958
2.93780754649266
2.73134039207946
2.45517425489132
2.14481628242643
1.79895145418941
1.51621039982269
1.29790809870904
1.17429116917707
1.11642793450203
1.06382499881748
1.04146875257054
1.03357831292053
1.03489338618822
1.05198933893434
1.07697573229909
1.13746911008963
1.21900367259731
1.37944268353503
1.61089576074558
1.91993836644584
2.28026910529277
2.649805613495
2.96147894494087
3.14427477853017
3.23764533586699
3.26263182576219
3.24685088464194
3.24553580623596
3.25474135514471
3.24027549264391
3.19950806403256
3.14690493485563
3.07852087451614
2.97462972229777
2.80761487324163
2.55117484894982
2.24870727958349
1.92651374284534
1.60826561162187
1.36497686926757
1.21111323056999
1.12563344872915
1.07697573229909
1.04672904572903
1.04015367928822
1.04146875257054
1.04672904572903
1.07434558557934
1.11116764072251
1.187441905124
1.32552465035988
1.52541592034441
1.8068419042097
2.16191226798755
2.5419693118173
2.88783459756269
3.10482243517091
3.22054931712747
3.2639469042096
3.2586865904391
3.24159057103714
3.25737151200445
3.25474135514471
3.22317947382161
3.17320649880869
3.11665813787904
3.02460267913135
2.88783459756269
2.65112069047384
2.36837921143457
2.04618560656908
1.70952636153604
1.43730594419447
1.25188051551977
1.15719521288569
1.10853749385034
1.05987977883009
1.04541397243502
1.04409889914394
1.04935919232583
1.06777021883122
1.09933197989015
1.16114043352422
1.28081213881649
1.45571698288292
1.71873188513759
2.04750068213442
2.41572196074393
2.79051886792765
3.04564392547829
3.19424775088606
3.26526198266018
3.26526198266018
3.25079611987898
3.25605643357299
3.26526198266018
3.23501517910281
3.19424775088606
3.1429597003722
3.06142486076968
2.9443829348481
2.73397054642713
2.46700994367801
2.14744643401759
1.80815697922363
1.52541592034441
1.31631913299804
1.19796249409336
1.13878418358881
1.08749631929527
1.06250992548542
1.05198933893434
1.06250992548542
1.08092095240068
1.11248271416299
1.15851028642893
1.24530514678786
1.40048386856453
1.62010128277286
1.9304589687214
2.28684448587148
2.66295638342353
2.9759448000508
3.16137079487262
3.25737151200445
3.2744675319036
3.2586865904391
3.25342627671962
3.26526198266018
3.2481659630511
3.21134376879824
3.16663110770133
3.0811510305246
2.99567096672482
2.83391642091278
2.57484623084611
2.26974849652655
1.92651374284534
1.61352590988128
1.38075775757712
1.2282091884299
1.15456506580802
1.098016906479
1.0717154388713
1.06514007215247
1.0611948521563
1.07303051222386
1.07960587903056
1.13220881612229
1.20979815690907
1.34525075948063
1.55434755722134
1.82656802973539
2.17637810232745
2.54591454199834
2.89309490776248
3.11402798169949
3.23370010072549
3.27841276734147
3.26263182576219
3.25079611987898
3.26263182576219
3.26000166887695
3.22317947382161
3.17452157703969
3.11928829407126
3.03775345800337
2.88651952002061
2.65638099842032
2.36048875360486
2.03961022878807
1.70426606240124
1.43730594419447
1.26634632698956
1.16903087488065
1.12168822832849
1.08223602577375
1.06250992548542
1.06382499881748
1.06382499881748
1.08355109914973
1.12168822832849
1.18086653711377
1.29001765561967
1.46623757668085
1.71610173552212
2.05013083327422
2.41835211360059
2.77210778587372
3.04827408132856
3.20213822062489
3.26657706111397
3.25737151200445
3.24685088464194
3.25342627671962
3.26526198266018
3.24027549264391
3.18767235952448
3.13243907522267
3.06931532858619
2.94306785717071
2.74975147277571
2.46964009677574
2.14613135822048
1.82130772952884
1.51884054852827
1.31631913299804
1.19664742046189
1.13878418358881
1.09407168626311
1.06777021883122
1.06908529217498
1.06908529217498
1.08486617252864
1.11116764072251
1.15851028642893
1.2558257367943
1.40311401674662
1.63456710339779
1.93966449587159
2.29210479038975
2.67742223070489
2.97989003332882
3.16926126413475
3.26657706111397
3.27972784582713
3.25474135514471
3.2639469042096
3.2744675319036
3.25737151200445
3.21528900377739
3.16268587307504
3.10482243517091
3.01013682273704
2.83260134349943
2.58536684534524
2.27895402918625
1.92651374284534
1.62667665573928
1.37023716532332
1.22952426213205
1.16245550707628
1.11905808140939
1.08486617252864
1.07434558557934
1.07697573229909
1.0861812459105
1.10722242041866
1.14930477168796
1.2282091884299
1.35708642527281
1.55960785499052
1.83445848013576
2.1868987093526
2.56301053977221
2.89177983020782
3.12849384084395
3.2521111982977
3.27972784582713
3.26657706111397
3.26000166887695
3.2744675319036
3.26920721803109
3.23238502235137
3.18635728126169
3.12586368460732
3.03906853590795
2.90493060589595
2.68268253890074
2.37889982204678
2.05933636235941
1.7279374088864
1.44782653765937
1.28212721263666
1.17692131634293
1.12957866915622
1.0861812459105
1.07960587903056
1.07434558557934
1.08355109914973
1.09144153946719
1.1282635956776
1.19401727320778
1.30974376354259
1.4820184677348
1.73977308249417
2.06854189159383
2.43281795453306
2.80498471854347
3.0666851726347
3.21265884712144
3.28498815980171
3.27972784582713
3.2521111982977
3.26657706111397
3.27841276734147
3.24948104146345
3.20213822062489
3.14822001302311
3.07589071852032
2.96147894494087
2.76421732232413
2.48279086245007
2.1645424196582
1.82130772952884
1.54251188741531
1.32552465035988
1.205852935944
1.14141433059597
1.10196212672125
1.07960587903056
1.07434558557934
1.07697573229909
1.09144153946719
1.11116764072251
1.16640072775009
1.26503125320482
1.41100446136412
1.64245755116412
1.93966449587159
2.29868017110672
2.6839976159575
2.97989003332882
3.17057634235622
3.26526198266018
3.27972784582713
3.25605643357299
3.25605643357299
3.26920721803109
3.2481659630511
3.21002869047821
3.15874063847732
3.09430181075696
2.99172573333322
2.82471087908521
2.5735311540477
2.25791281189941
1.92782881813433
1.62404650654373
1.37944268353503
1.24135992558411
1.1677158013139
1.11511286105274
1.08486617252864
1.08092095240068
1.07697573229909
1.0861812459105
1.11116764072251
1.14798969816528
1.22294889365075
1.3491959813847
1.55434755722134
1.83182832999024
2.17374795060177
2.5603803862344
2.89835521801258
3.12980891896702
3.24290564943356
3.27709768885899
3.25474135514471
3.25079611987898
3.26657706111397
3.26657706111397
3.22186439547296
3.17452157703969
3.12060337217213
3.03906853590795
2.89835521801258
2.67479207662567
2.38284505107723
2.04092530433818
1.71610173552212
1.44519638927532
1.28344228645978
1.19138712596544
1.13220881612229
1.10196212672125
1.08881139268298
1.09012646607362
1.09275661286369
1.10985256728495
1.14009925709092
1.20190771500544
1.30974376354259
1.4820184677348
1.73582785793119
2.06722681597977
2.43807826041935
2.7918339452407
3.0666851726347
3.22186439547296
3.28104292431599
3.2757826103797
3.25342627671962
3.26263182576219
3.2757826103797
3.24685088464194
3.19819298574117
3.15216524754464
3.07326056253718
2.96410910038703
2.76553239957457
2.48279086245007
2.16848764718709
1.82393787962608
1.54119681300733
1.34262061155938
1.21374337790065
1.15456506580802
1.10985256728495
1.09670183307077
1.08749631929527
1.09538675966548
1.09933197989015
1.1282635956776
1.17955146352055
1.27029154836148
1.42415520263079
1.64114247652891
1.95939062597936
2.30920078041371
2.69188807836357
2.99698604452832
3.18241204649242
3.26920721803109
3.28104292431599
3.26657706111397
3.2639469042096
3.2744675319036
3.25079611987898
3.21134376879824
3.16794618591646
3.09298673271947
3.00093127795779
2.83917673059754
2.58010653807082
2.26974849652655
1.94097957119089
1.62273143195045
1.38996327595486
1.24530514678786
1.17823638993027
1.12694852220191
1.09407168626311
1.08486617252864
1.08355109914973
1.09407168626311
1.11905808140939
1.15982535997511
1.23478455697015
1.35708642527281
1.55434755722134
1.83971878046305
2.18032332993894
2.55117484894982
2.90361552831298
3.12454860649377
3.2481659630511
3.28498815980171
3.26131674731798
3.25342627671962
3.26920721803109
3.26657706111397
3.22449455217345
3.18109696824236
3.12323352838339
3.0403836138157
2.89572506288125
2.67347699959074
2.38021489838719
2.04224037989135
1.72399218440459
1.46229235398432
1.28475736028584
1.19401727320778
1.13878418358881
1.10459227356409
1.09012646607362
1.09407168626311
1.09670183307077
1.11905808140939
1.14404447761488
1.205852935944
1.3123739113159
1.48727876484804
1.73714293278251
2.05802128676667
2.43807826041935
2.8036696411991
3.07063040656669
3.22054931712747
3.27709768885899
3.26526198266018
3.25342627671962
3.2639469042096
3.27183737496097
3.2481659630511
3.19030251605957
3.14558985669131
3.07457564052716
2.95490355638064
2.76421732232413
2.4775305561432
2.16191226798755
1.83577355521306
1.53330636662217
1.33473016786669
1.22031874627884
1.15851028642893
1.11774300795425
1.098016906479
1.09670183307077
1.09275661286369
1.10459227356409
1.13220881612229
1.19007205234868
1.27818199118502
1.42284012849075
1.65034799903831
1.95150017385438
2.30657062806851
2.69583330960873
2.99698604452832
3.17583665527386
3.26920721803109
3.28367308130328
3.25342627671962
3.2639469042096
3.27315245343069
3.25737151200445
3.21791916044607
3.16794618591646
3.10876766937843
3.01145190057527
2.83523149832926
2.58931207583368
2.28289925751504
1.94097957119089
1.64114247652891
1.39522357223596
1.2558257367943
1.18086653711377
1.13352388960972
1.10985256728495
1.098016906479
1.10327720014121
1.10985256728495
1.12300330179244
1.16903087488065
1.23215440954521
1.37286731336899
1.5674983017339
1.84760923104457
2.19347408884278
2.56301053977221
2.91282107145978
3.13901446591733
3.25079611987898
3.28235800280805
3.26657706111397
3.24948104146345
3.2744675319036
3.26657706111397
3.22712470888669
3.18504220300209
3.12717876272405
3.0416986917266
2.90624568348205
2.68531269301739
2.38021489838719
2.05407606000674
1.71084143632725
1.45966220553483
1.29133272946051
1.20059264136513
1.15061984521356
1.11248271416299
1.09670183307077
1.09933197989015
1.10196212672125
1.12168822832849
1.15193491874211
1.21374337790065
1.31894928080091
1.48727876484804
1.74240323221787
2.0645966647608
2.4262425722447
2.80235456385785
3.06273993873119
3.22054931712747
3.27709768885899
3.26789213957094
3.25605643357299
3.26657706111397
3.26920721803109
3.24422072783317
3.19556282916791
3.1429597003722
3.07194548455035
2.95621863408638
2.76553239957457
2.48805116880646
2.154021813049
1.82919817985678
1.54645711065712
1.33999046364998
1.2282091884299
1.16245550707628
1.12563344872915
1.10590734698992
1.098016906479
1.10327720014121
1.11511286105274
1.14141433059597
1.18875697873487
1.28344228645978
1.42415520263079
1.64640277508773
1.95939062597936
2.31183093277119
2.69320315544217
2.99698604452832
3.18241204649242
3.27315245343069
3.2757826103797
3.25605643357299
3.26263182576219
3.2757826103797
3.26000166887695
3.21265884712144
3.16794618591646
3.10482243517091
3.00882174490196
2.8444370403325
2.5879969990011
2.28158418140237
1.94623987249837
1.63193695416631
1.40048386856453
1.25977095809539
1.18875697873487
1.13746911008963
1.11905808140939
1.10853749385034
1.10722242041866
1.12168822832849
1.13089374263779
1.17297609559856
1.25188051551977
1.37023716532332
1.57275859962256
1.84497908083865
2.20267962025759
2.5722160772524
2.91150599385794
3.14164462221741
3.2586865904391
3.28235800280805
3.26657706111397
3.26131674731798
3.2744675319036
3.2744675319036
3.23106994398042
3.18372712474567
3.12849384084395
3.0416986917266
2.91413614906477
2.69057300128809
2.38152997473066
2.05539113559035
1.73056755855597
1.46229235398432
1.29790809870904
1.20979815690907
1.16114043352422
1.11905808140939
1.11379778760639
1.10985256728495
1.11774300795425
1.12957866915622
1.16508565418921
1.23083933583716
1.33078494606031
1.50305965647363
1.74108815735452
2.07643234534213
2.44070841338104
2.81156010531236
3.07852087451614
3.23106994398042
3.28761831680813
3.27183737496097
3.25737151200445
3.27052229649444
3.27972784582713
3.24422072783317
3.20082314232713
3.15085016936762
3.08246610853359
2.97199956680117
2.77342286314295
2.4893662454033
2.17374795060177
1.83182832999024
1.55303248278651
1.34788090741372
1.23083933583716
1.17166102202298
1.12431837525933
1.11248271416299
1.10459227356409
1.10985256728495
1.12300330179244
1.14272940410396
1.19270219958513
1.29527795100077
1.43073057337549
1.64771784973492
1.9633358520828
2.31709123752309
2.70109361797929
2.99961620014481
3.18241204649242
3.27183737496097
3.28235800280805
3.2586865904391
3.26131674731798
3.2757826103797
3.26000166887695
3.21923423878518
3.16794618591646
3.10613751323691
3.00750666707004
2.84969735011767
2.59720253689449
2.28421433363078
1.9567604752589
1.63982740189669
1.40311401674662
1.25845588432541
1.19007205234868
1.13746911008963
1.11379778760639
1.10722242041866
1.11248271416299
1.11642793450203
1.13483896310009
1.17166102202298
1.25451066303317
1.38075775757712
1.57144352514592
1.85023938126256
2.1868987093526
2.57879146125999
2.90624568348205
3.12980891896702
3.24948104146345
3.27972784582713
3.26263182576219
3.25474135514471
3.26789213957094
3.26526198266018
3.22843978724809
3.17978188999547
3.12323352838339
3.0416986917266
2.90361552831298
2.67347699959074
2.38942043285632
2.04487053100679
1.7279374088864
1.47149787365122
1.28870258178178
1.2084830832511
1.15982535997511
1.12694852220191
1.10985256728495
1.11116764072251
1.11511286105274
1.13089374263779
1.16245550707628
1.22952426213205
1.32683972428055
1.48464861628546
1.7450333819536
2.0645966647608
2.44465364284675
2.8036696411991
3.0653700946637
3.21923423878518
3.27709768885899
3.2639469042096
3.25474135514471
3.27052229649444
3.26526198266018
3.24553580623596
3.19950806403256
3.14690493485563
3.07852087451614
2.96147894494087
2.76553239957457
2.49462655182161
2.15796704050452
1.83708863029337
1.55566263165915
1.34656583344569
1.24267499931575
1.17429116917707
1.14141433059597
1.12563344872915
1.11642793450203
1.12431837525933
1.13615403659339
1.16114043352422
1.21242830423385
1.29659302485343
1.43862101836718
1.64903292438512
1.96465092745667
2.31709123752309
2.69714838669669
3.00356143359322
3.18109696824236
3.26657706111397
3.27841276734147
3.17583665527386
2.1868987093526
0.748207482728482
0.558837053122453
0.590398787247864
0.453631284622645
0.524645176350639
0.473357364821943
0.449686068659901
0.466782004684092
0.465466932665088
0.427329845356219
0.429959989231499
0.431275061173423
0.43259013311819
0.426014773422864
0.419439413798834
0.424699701492351
0.422069557639894
0.418124341882582
0.420754485717936
0.415494198058632
0.427329845356219
0.416809269969185
0.414179126150934
0.408918838548651
0.401028407230726
0.406288694764612
0.406288694764612
0.406288694764612
0.408918838548651
0.402343479109923
0.401028407230726
0.398398263480878
0.404973622876867
0.394453047877469
0.393137976015375
0.391822904156115
0.389192760446143
0.391822904156115
0.393137976015375
0.389192760446143
0.387877688595431
0.383932473060383
0.383932473060383
0.379987257550958
0.382617401221061
0.382617401221061
0.381302329384589
0.381302329384589
0.378672185720177
0.378672185720177
0.376042042067148
0.379987257550958
0.373411898425509
0.373411898425509
0.37209682660896
0.37209682660896
0.366836539371214
0.366836539371214
0.36815161117638
0.36815161117638
0.36815161117638
0.366836539371214
0.364206395769408
0.36815161117638
0.36552146756889
0.364206395769408
0.361576252178985
0.361576252178985
0.362891323972782
0.362891323972782
0.36552146756889
0.360261180388044
0.358946108599945
0.35631596503228
0.35631596503228
0.355000893252715
0.355000893252715
0.35631596503228
0.355000893252715
0.353685821475985
0.352370749702111
0.349740606162875
0.352370749702111
0.352370749702111
0.348425534397528
0.344480319118531
0.348425534397528
0.348425534397528
0.348425534397528
0.349740606162875
0.347110462635015
0.344480319118531
0.352370749702111
0.345795390875352
0.347110462635015
0.348425534397528
0.348425534397528
0.343165247364553
0.679823709592675
4.73815188498033
9.08714777814064
12.3906767707548
14.3659683560801
15.3207400666392
15.1826530999887
14.0122036858807
11.9724738128337
8.90434973715013
5.16818391893934
1.49122398771422
0.704810087333733
1.35971657325921
1.50568980511959
1.38207283162219
1.43862101836718
1.17297609559856
0.879714760743731
0.979660311461039
1.09275661286369
1.22426396734111
1.30974376354259
1.40968938725378
1.73188263339527
2.32629677095732
3.19293267260738
3.85310237158877
4.36992902255346
4.65793188189834
4.85519420701059
5.00379854206459
5.1326766730295
5.27207550460645
5.35755593921997
5.39437828475457
5.32073359637868
5.26681517064181
5.14188225506368
4.96960639034615
4.76050828150942
4.43831324865838
3.98198021674173
3.4151809469628
2.79840933185293
2.17769317819489
1.73977308249417
1.44256624090314
1.27292169595751
1.18086653711377
1.11642793450203
1.08749631929527
1.06908529217498
1.10722242041866
1.16245550707628
1.27555184356536
1.45966220553483
1.80552682919878
2.37889982204678
3.08509626456106
3.74789599058179
4.3054900484744
4.63031516241423
4.84598863015311
5.00248345926378
5.13662192245226
5.25103416907662
5.32467884726866
5.34572018587028
5.31152801108878
5.24314366847887
5.15766325322532
5.05640185688102
4.89070143358233
4.61321909871197
4.22132486981001
3.63479915415977
3.00356143359322
2.32892692339479
1.85023938126256
1.54119681300733
1.3491959813847
1.23872977812968
1.16640072775009
1.12431837525933
1.12037315486747
1.13089374263779
1.17166102202298
1.24662022052834
1.39259342408948
1.67401934330835
2.1658574954981
2.84312196289405
3.54537376554237
4.17529704344945
4.58428729988901
4.82757747693419
4.99722312809451
5.13004650676469
5.23788333481547
5.32204868000525
5.34703526956207
5.32993918183669
5.28128108917644
5.2128967506617
5.12873142363741
4.98933263144237
4.7526177885058
4.3883401594673
3.86230793091762
3.20739853384772
2.5419693118173
2.00278811461969
1.63851232726747
1.41231953547742
1.27423676975997
1.19664742046189
1.15324999227359
1.14009925709092
1.15324999227359
1.16903087488065
1.22689411473069
1.33210001999281
1.57933397205061
1.98963736013707
2.6129834593519
3.33627622373027
3.99513101903232
4.50669748375852
4.80127583062519
5.00511362486878
5.15766325322532
5.25366433596992
5.32730901454581
5.35624085550071
5.33914476746288
5.29706209168706
5.2352531680043
5.15634817002643
5.03930577896951
4.84598863015311
4.53168403344707
4.07272075921664
3.43885236618139
2.74580624114636
2.14218613084747
1.72662233405612
1.46623757668085
1.32815479820417
1.23083933583716
1.17692131634293
1.15719521288569
1.14404447761488
1.17297609559856
1.2084830832511
1.30711361578111
1.49648428491084
1.8384037053767
2.37626966937524
3.07326056253718
3.7873483810214
4.35151788629005
4.7289463102214
4.95119523267775
5.12741634051353
5.23393808460385
5.30232242596696
5.34440510218193
5.34835035325728
5.31415817829731
5.26418500368004
5.19711575077939
5.08796384838121
4.91568800190606
4.65004139046636
4.2292153547348
3.64268963034271
2.96542417811484
2.31709123752309
1.83577355521306
1.54382696182626
1.37286731336899
1.26897647456789
1.20190771500544
1.16640072775009
1.15456506580802
1.16245550707628
1.20059264136513
1.27029154836148
1.41757983196033
1.70689621196263
2.16059719215682
2.83523149832926
3.54668884467872
4.18713276984204
4.63689057168118
4.90122209378038
5.08796384838121
5.2128967506617
5.28654142329182
5.33519951645963
5.34703526956207
5.32730901454581
5.28654142329182
5.22736266765289
5.13136158989539
4.98801754867888
4.75393287066466
4.38965524070033
3.85178729169768
3.22054931712747
2.54459946526823
1.97911675676965
1.62667665573928
1.42284012849075
1.31368898520699
1.22426396734111
1.18481175791108
1.15719521288569
1.16114043352422
1.18875697873487
1.24925036801815
1.36629194327706
1.59642994071324
2.00673334102373
2.59720253689449
3.30208418057162
4.00433658083054
4.51195780990867
4.8446735477584
5.04851135931202
5.18264983465278
5.26681517064181
5.31678834551957
5.34440510218193
5.33914476746288
5.29706209168706
5.25366433596992
5.16949900216895
5.04325102766734
4.84204338297909
4.54746501281847
4.06483027664247
3.44674283948522
2.7484363955628
2.15270673723661
1.74897860657974
1.48859383913378
1.3413055376032
1.24662022052834
1.19927756772778
1.18218161070993
1.17692131634293
1.19270219958513
1.23215440954521
1.33473016786669
1.51358025112904
1.85286953149264
2.38021489838719
3.06800025060887
3.78997854048797
4.38439491578813
4.7789194323223
5.00116837646637
5.17212916863841
5.26155483673197
5.31152801108878
5.34966543695594
5.35098052065802
5.32467884726866
5.28391125622728
5.2128967506617
5.10111467875144
4.93541424091899
4.6592469638154
4.24762648668828
3.67030629789966
2.98252018886327
2.34339276202092
1.86470520767755
1.56092292944029
1.39390849816124
1.28607243411488
1.22426396734111
1.19533234683336
1.18481175791108
1.19533234683336
1.22426396734111
1.29659302485343
1.44519638927532
1.71873188513759
2.18558363346375
2.82997118868214
3.54800392381829
4.20422881954726
4.67634302904238
4.9538253980183
5.1379370056
5.24182858505789
5.30232242596696
5.33914476746288
5.35492577178488
5.33125426548728
5.29969225882015
5.2352531680043
5.13925208875116
4.99722312809451
4.7697138568334
4.40017589068415
3.88071905005436
3.21002869047821
2.55380500244418
2.02514439793759
1.64903292438512
1.44388131508774
1.32157942861563
1.24267499931575
1.20059264136513
1.19796249409336
1.20453786229487
1.22294889365075
1.27292169595751
1.37681253545971
1.62273143195045
2.00541826555267
2.61166838246334
3.30997465187813
3.99381593878853
4.54220468630792
4.88018077360062
5.08007335032246
5.21552691735661
5.28128108917644
5.33388443279875
5.35492577178488
5.35229560436354
5.31284309469134
5.26155483673197
5.1800196681287
5.05114152515475
4.8604545367177
4.54351976793055
4.06877551791479
3.45594839181904
2.75764193611884
2.16191226798755
1.74766353170135
1.49385413630657
1.35971657325921
1.26503125320482
1.21242830423385
1.19533234683336
1.19138712596544
1.20979815690907
1.25451066303317
1.34656583344569
1.522785771609
1.86996550828275
2.37232444039103
3.05616454895527
3.77945790269963
4.37650442851943
4.78680992572982
5.03404544741996
5.18133475138903
5.26286992020429
5.31152801108878
5.34703526956207
5.35492577178488
5.32993918183669
5.27470567160932
5.20632133398427
5.10374484486633
4.93278407567328
4.67897319297376
4.26735270021425
3.66241582130927
3.00750666707004
2.33681738078106
1.85812983198905
1.57407367410219
1.39653864631365
1.30053824642914
1.23215440954521
1.19927756772778
1.20190771500544
1.20716800959608
1.24662022052834
1.317634206898
1.46229235398432
1.73451278308287
2.19610424066027
2.84049180802658
3.53353805346016
4.22000978900076
4.68554860286095
4.98012705216919
5.16160850284249
5.25760958633554
5.31415817829731
5.34703526956207
5.3601861066688
5.35098052065802
5.30758276030171
5.24182858505789
5.15634817002643
5.00511362486878
4.7697138568334
4.42779259790345
3.89123968984799
3.24290564943356
2.54591454199834
2.01330871842456
1.64245755116412
1.45440190867156
1.34656583344569
1.25714081055838
1.22426396734111
1.20190771500544
1.21242830423385
1.22952426213205
1.28081213881649
1.41100446136412
1.62667665573928
2.02908962449667
2.60114776746686
3.31260480900585
4.00565166110052
4.55141025773644
4.89859192871058
5.11558059255196
5.23262300120681
5.29706209168706
5.3325693491413
5.35229560436354
5.35624085550071
5.32467884726866
5.25892466979759
5.18791016774191
5.06166218866166
4.85913945428586
4.55930074766259
4.09639220764849
3.44411268170443
2.7865736360073
2.17637810232745
1.7542389061234
1.51752547417399
1.36760701728952
1.27818199118502
1.22426396734111
1.20979815690907
1.21900367259731
1.22294889365075
1.26766140077725
1.35445627729826
1.54645711065712
1.8594449071207
2.36969428775031
3.07326056253718
3.77156742449483
4.3883401594673
4.80653615977912
5.04719627639575
5.20763641731292
5.27865092213931
5.32204868000525
5.34703526956207
5.35624085550071
5.33914476746288
5.28654142329182
5.21026658398048
5.11295042637575
4.93804440617826
4.6842335208768
4.27392810488819
3.66373090073292
3.01145190057527
2.36311890620244
1.8633901325338
1.57670382307042
1.41100446136412
1.30842868966037
1.24662022052834
1.21768859891873
1.21374337790065
1.22163381996332
1.24925036801815
1.31894928080091
1.46229235398432
1.73582785793119
2.17900825406539
2.8444370403325
3.53485313256752
4.19633833499866
4.68949384883353
4.99327787975317
5.16949900216895
5.26813025412783
5.31284309469134
5.34309001849702
5.36544644160768
5.35492577178488
5.31284309469134
5.25629450287691
5.15634817002643
5.00379854206459
4.78417976124718
4.43436800460034
3.8991301698302
3.2521111982977
2.58010653807082
2.00673334102373
1.65560829768104
1.45703205709725
1.36234672125746
1.27423676975997
1.23478455697015
1.22163381996332
1.22031874627884
1.24004485185542
1.30579854190481
1.4202099802196
1.64640277508773
2.01725394490154
2.61166838246334
3.29945402349499
4.01485722308217
4.57376664617292
4.92752374522244
5.1326766730295
5.25103416907662
5.29837717525189
5.32993918183669
5.35887102294267
5.35887102294267
5.32336376363524
5.26813025412783
5.17870458487178
5.05377169101109
4.87360536122187
4.56061582932864
4.08850172471962
3.47698965488717
2.77736809496938
2.18295348169523
1.77001980504328
1.51358025112904
1.38338790567023
1.29001765561967
1.24135992558411
1.22557904103443
1.22557904103443
1.23872977812968
1.27555184356536
1.37023716532332
1.54382696182626
1.87917103445824
2.39073550922138
3.05353439306705
3.7807729824118
4.39886080942454
4.82363222990186
5.06560743753286
5.21421183400744
5.28259617270015
5.32467884726866
5.34309001849702
5.35887102294267
5.34045985113749
5.29048667391432
5.21552691735661
5.11163534329277
4.94198965409255
4.67634302904238
4.2620923765346
3.68871741039698
3.03643838010194
2.35785860101961
1.88574641038858
1.57538874858481
1.41626475783515
1.317634206898
1.25451066303317
1.2282091884299
1.21374337790065
1.23741470440689
1.25714081055838
1.32815479820417
1.47675817066919
1.73319770823757
2.19873439249002
2.83260134349943
3.54931900296108
4.21869470819482
4.70658991506382
5.00248345926378
5.18264983465278
5.27470567160932
5.31284309469134
5.34440510218193
5.3601861066688
5.3536106880725
5.31152801108878
5.23656825140818
5.15240292045021
5.0103739561195
4.7736591034513
4.42384735392523
3.91096589002377
3.23238502235137
2.5722160772524
2.03303485108313
1.67007411919587
1.46755265091898
1.3491959813847
1.27423676975997
1.24399007305032
1.2282091884299
1.24004485185542
1.25714081055838
1.31500405910104
1.4281004250687
1.63456710339779
2.03434992661803
2.60377792119732
3.32312543764446
4.02143262459592
4.56587615602626
4.93278407567328
5.14977275408311
5.2549794194217
5.30758276030171
5.33782968379169
5.36413135786781
5.3720218603586
5.34177493481554
5.27602075511589
5.19843083408412
5.07086776940873
4.87097519629402
4.57639680958189
4.10822793226364
3.46252378643951
2.8036696411991
2.19347408884278
1.75686905591328
1.52410084597522
1.38470297972122
1.30711361578111
1.2558257367943
1.23741470440689
1.23741470440689
1.25056544176748
1.29527795100077
1.38733312783211
1.56092292944029
1.89626701203445
2.39073550922138
3.08904149862601
3.7873483810214
4.406751297032
4.84335846536705
5.09322418048846
5.2313079178132
5.29443192456768
5.32599393090553
5.3536106880725
5.37465202788302
5.3601861066688
5.30100734239183
5.22210233415368
5.11163534329277
4.94593490203732
4.69343909483631
4.29496940040054
3.68477217195129
3.03380822430858
2.38152997473066
1.87917103445824
1.59248471713087
1.4202099802196
1.32420957644217
1.27029154836148
1.24399007305032
1.23609963068704
1.24004485185542
1.27029154836148
1.34788090741372
1.48596369056526
1.75949920571519
2.19215901293862
2.84969735011767
3.53748329079191
4.2081740618661
4.71053516119755
5.02747003305947
5.19843083408412
5.28259617270015
5.31415817829731
5.34177493481554
5.36281627413137
5.36281627413137
5.32073359637868
5.24840400219701
5.15371800363886
5.00642870767637
4.7881250079762
4.43173784191161
3.89781508982501
3.25474135514471
2.58010653807082
2.02777454897394
1.67664949273166
1.45834713131456
1.35182612933556
1.28212721263666
1.25056544176748
1.24135992558411
1.24662022052834
1.26503125320482
1.317634206898
1.43862101836718
1.64771784973492
2.02119917140588
2.60903822869556
3.29813894496146
4.01617230337836
4.57902697300422
4.93935948881298
5.15503308683095
5.26813025412783
5.30232242596696
5.33125426548728
5.36281627413137
5.36939169284792
5.34045985113749
5.28522633975783
5.19580066747807
5.06297727161533
4.87360536122187
4.56850631939511
4.10954301279286
3.492770602728
2.79051886792765
2.20267962025759
1.7831705544744
1.52015562288553
1.39916879447794
1.30316839416106
1.26897647456789
1.2558257367943
1.25188051551977
1.26634632698956
1.29790809870904
1.39127835002069
1.5674983017339
1.87522580893631
2.3959958147125
3.06010978281133
3.78471822156781
4.42516243524798
4.85519420701059
5.11426550946215
5.25234925252155
5.29574700812565
5.32073359637868
5.35492577178488
5.36676152535099
5.33914476746288
5.28785650682922
5.20763641731292
5.09190909745654
4.94593490203732
4.68028827494449
4.26340745744955
3.70318328494722
3.02723283488047
2.38679028013543
1.90415746339593
1.59116964260939
1.43073057337549
1.33078494606031
1.28081213881649
1.25977095809539
1.25188051551977
1.26371617942304
1.28607243411488
1.36366179526103
1.50568980511959
1.75029368146114
2.20267962025759
2.8273410338774
3.54668884467872
4.2292153547348
4.71842565355571
5.03667561318795
5.21552691735661
5.29048667391432
5.31284309469134
5.34045985113749
5.36281627413137
5.36413135786781
5.32336376363524
5.24445875190327
5.15634817002643
5.00774379048735
4.78549484348682
4.44883389962622
3.91622621019467
3.2521111982977
2.58668192217161
2.05013083327422
1.67270426860119
1.47412802215425
1.36497686926757
1.29264780330431
1.26503125320482
1.2558257367943
1.25977095809539
1.27686691737372
1.33604524180807
1.44519638927532
1.65692337234922
2.03434992661803
2.59720253689449
3.31260480900585
4.01485722308217
4.59480795381911
4.95251031534634
5.1760744183682
5.27865092213931
5.31021292748967
5.33519951645963
5.36676152535099
5.37859727919544
5.34177493481554
5.27733583862589
5.19580066747807
5.0721828523862
4.88149585608651
4.59349287206614
4.1253239794001
3.48488012874973
2.83128626608922
2.19347408884278
1.78185547951773
1.53988173860235
1.39916879447794
1.32157942861563
1.28212721263666
1.26897647456789
1.26503125320482
1.27555184356536
1.317634206898
1.40442909084212
1.58459427004684
1.8975820872538
2.38416012742688
3.07720579651664
3.77419758388343
4.43173784191161
4.85256404217728
5.12215600805209
5.26550008715922
5.3036375095455
5.32993918183669
5.35887102294267
5.37070677660154
5.36281627413137
5.30495259312747
5.22210233415368
5.12347109116234
4.9538253980183
4.68949384883353
4.30812021052596
3.71238884168329
3.06142486076968
2.38284505107723
1.90678761387397
1.60037516432253
1.44388131508774
1.34656583344569
1.29133272946051
1.27818199118502
1.26634632698956
1.27555184356536
1.30579854190481
1.37681253545971
1.52015562288553
1.77133487997284
2.22240575950897
2.84180688545874
3.52959281615738
4.24236616320694
4.73026139231973
5.04719627639575
5.22210233415368
5.29311684101314
5.31810342913584
5.33651460012394
5.36413135786781
5.36544644160768
5.32336376363524
5.24182858505789
5.14714258772966
5.0103739561195
4.78944009022593
4.45672438799186
3.93069209093403
3.26131674731798
2.5879969990011
2.04750068213442
1.69506053903095
1.48070339346393
1.35708642527281
1.30053824642914
1.27686691737372
1.26240110564421
1.27029154836148
1.29001765561967
1.34393568551852
1.45834713131456
1.65955352169456
2.04487053100679
2.60246284433053
3.31655004472137
4.01880246398058
4.58560238161856
4.96434605951598
5.18133475138903
5.27865092213931
5.31415817829731
5.33914476746288
5.36544644160768
5.38122744675425
5.34835035325728
5.28391125622728
5.19711575077939
5.07481301835134
4.88149585608651
4.59086270857023
4.13452954347307
3.49014044472239
2.83917673059754
2.19741931657361
1.77791025466581
1.53593651540529
1.39522357223596
1.3202643547068
1.28344228645978
1.26766140077725
1.27029154836148
1.29133272946051
1.32946987213077
1.41626475783515
1.58722441906288
1.8975820872538
2.41440688432022
3.07852087451614
3.77814282299071
4.44094341138038
4.86834503137967
5.13530683930794
5.26418500368004
5.30889784389397
5.33125426548728
5.36150119039836
5.38780286571142
5.37991236297313
5.31678834551957
5.22999283442301
5.12478617427599
4.96697622492429
4.70264466896031
4.31995593992196
3.73079995563184
3.07983595251878
2.3946807383351
1.91993836644584
1.60300531341034
1.44914161185587
1.35445627729826
1.28344228645978
1.27818199118502
1.26897647456789
1.27686691737372
1.30316839416106
1.38207283162219
1.51752547417399
1.76475950535515
2.21583037968191
2.84180688545874
3.55326424040879
4.24236616320694
4.73683680286182
5.06560743753286
5.23919841822619
5.29969225882015
5.32336376363524
5.27865092213931
4.27787334773225
2.27895402918625
0.395768119742428
0.815276190895112
0.882344906599918
0.489138229444308
0.589083714959635
0.610124871916049
0.474672436858086
0.528590392802379
0.545686331057858
0.495713589825151
0.483877941191118
0.489138229444308
0.485193013250125
0.475987508897084
0.495713589825151
0.500973878181306
0.50491909447846
0.515439671396798
0.491768373588066
0.490453301514755
0.490453301514755
0.472042292788657
0.468097076705952
0.474672436858086
0.475987508897084
0.474672436858086
0.473357364821943
0.472042292788657
0.474672436858086
0.475987508897084
0.478617652983665
0.472042292788657
0.465466932665088
0.462836788635663
0.453631284622645
0.453631284622645
0.458891572612949
0.462836788635663
0.458891572612949
0.454946356615942
0.453631284622645
0.449686068659901
0.44837099667803
0.451001140644628
0.44837099667803
0.451001140644628
0.443110708779088
0.445740852722842
0.447055924699008
0.445740852722842
0.44837099667803
0.44442578074954
0.436535348969628
0.43390520506582
0.435220277016292
0.43259013311819
0.435220277016292
0.431275061173423
0.43259013311819
0.431275061173423
0.431275061173423
0.431275061173423
0.43259013311819
0.426014773422864
0.424699701492351
0.427329845356219
0.428644917292438
0.423384629564694
0.424699701492351
0.426014773422864
0.424699701492351
0.422069557639894
0.424699701492351
0.428644917292438
0.423384629564694
0.423384629564694
0.424699701492351
0.424699701492351
0.422069557639894
0.424699701492351
0.422069557639894
0.424699701492351
0.423384629564694
0.423384629564694
0.424699701492351
0.419439413798834
0.422069557639894
0.422069557639894
0.422069557639894
0.422069557639894
0.411548982344094
0.419439413798834
0.423384629564694
0.415494198058632
0.424699701492351
0.415494198058632
0.416809269969185
0.671933274732758
5.5153660105165
11.8330729218842
16.8383849767861
20.3918562451107
22.7091291001221
23.9808745667616
24.1505287007919
23.3574950634413
21.4597461002146
18.6650908464311
14.7960098624313
10.1287035252468
5.49826991706192
1.24135992558411
0.758728063904023
1.23872977812968
1.96859615359653
2.68925792421574
2.63139453611839
1.84497908083865
1.15719521288569
1.34525075948063
2.12114491865571
3.13112399709326
4.07272075921664
4.70001450490809
5.09979959569909
5.55350345186533
6.01378314690928
6.52798182972678
6.81993119655844
7.06716773629346
7.32624020578526
7.43670769792789
7.34596654176696
7.1776351678811
7.03429052947169
6.98694735563743
6.91461751580063
6.6502849213239
6.22156669268229
5.60873699276954
4.72631614603481
3.70581344399847
2.69188807836357
2.05144590884868
1.65955352169456
1.4649225024457
1.36366179526103
1.28607243411488
1.27029154836148
1.27949706499928
1.28607243411488
1.33867538969972
1.50700487944706
1.88180118482131
2.55906530947015
3.49803091877781
4.49880699463335
5.4167347101446
6.1308257662974
6.60031161133734
6.8449178623171
6.94880980235736
7.00930385380614
7.06716773629346
7.13292215675975
7.16842954759957
7.15133339612256
7.07768844295646
6.96985121068652
6.83045189777167
6.61346248188456
6.27285504982482
5.77706782184481
5.03667561318795
4.12400889883141
3.13901446591733
2.23029621540255
1.73056755855597
1.50437473079513
1.39259342408948
1.32157942861563
1.28344228645978
1.28607243411488
1.3123739113159
1.36497686926757
1.49385413630657
1.7542389061234
2.30262539957378
3.13243907522267
4.19765341574853
5.16555375249036
5.97827584091579
6.5187762219342
6.86464417831053
7.00404350120148
7.04612632366578
7.05664702986326
7.09741476857733
7.125031625823
7.15264848467582
7.11451091811141
7.02113964737901
6.8962062855914
6.70025823649184
6.42145980739524
5.99274178008568
5.3325693491413
4.47382044652857
3.49540076074647
2.49988685828947
1.85812983198905
1.56092292944029
1.43730594419447
1.36760701728952
1.32815479820417
1.30711361578111
1.32289450252743
1.36366179526103
1.46097727975809
1.67007411919587
2.11062431285291
2.84706719521881
3.78471822156781
4.8446735477584
5.69553256940144
6.3583356570442
6.79757470724694
7.00009823678611
7.06453755966409
7.05007158846257
7.06716773629346
7.12634671430335
7.16974463620026
7.12108636040383
7.03034526480574
6.91987786741927
6.76732769395456
6.53718743769446
6.16107273989085
5.5837503901755
4.81048140667995
3.83732141311064
2.84049180802658
2.01593886940617
1.63193695416631
1.49253906200891
1.41231953547742
1.35840149926453
1.31894928080091
1.33078494606031
1.37155223934467
1.43862101836718
1.59642994071324
1.92125344171968
2.5603803862344
3.44016744505733
4.47776569088619
5.44172130440491
6.18474428574484
6.70157332380315
6.97248138679291
7.07242808959585
7.06585264797696
7.0711130012648
7.12108636040383
7.18552569969334
7.1776351678811
7.09741476857733
6.97379647485156
6.81993119655844
6.62135300438491
6.32151323978831
5.85728800264493
5.12347109116234
4.19633833499866
3.17715173351122
2.22766606342577
1.72530725922886
1.53067621785099
1.44125116672152
1.38601805377518
1.33604524180807
1.32683972428055
1.36892209130494
1.42284012849075
1.54382696182626
1.78974592930292
2.32366661853216
3.13375415335526
4.13058430170778
5.15371800363886
5.99274178008568
6.56348917571038
6.92908348289125
7.07637335461085
7.08294879637528
7.05664702986326
7.08426388473909
7.15264848467582
7.17105972480461
7.10399021063298
7.00141332492094
6.86069891504682
6.67132631655208
6.44250119266805
6.04403011329391
5.40752912309886
4.55272533938246
3.54537376554237
2.52224316133089
1.86207505739308
1.57407367410219
1.46886772516009
1.42415520263079
1.37286731336899
1.35445627729826
1.38601805377518
1.4202099802196
1.50831995377749
1.69374546427579
2.12114491865571
2.83917673059754
3.76893726511921
4.84993387735749
5.7533962955635
6.41882963430026
6.86595926607233
7.06453755966409
7.10267512221457
7.07374317793055
7.06585264797696
7.14870321902696
7.21182747335042
7.17500499063955
7.05533194157585
6.91330242790502
6.76864278144937
6.57400987131741
6.21893652066625
5.6758063006574
4.85387912459225
3.86493809075518
2.85495765995307
2.05670621117698
1.65297814835368
1.51358025112904
1.44388131508774
1.39259342408948
1.36366179526103
1.37681253545971
1.40442909084212
1.47018279940416
1.63062187955506
1.95413032455057
2.57484623084611
3.44542776059323
4.483026016743
5.47065315194441
6.24260806932011
6.75680699412569
7.05664702986326
7.13160706826118
7.10004494538867
7.06716773629346
7.12240144887324
7.20130676371224
7.19999167502391
7.10530529905504
6.96064559442833
6.81072558318628
6.6371340497728
6.36754126179336
5.89674055534712
5.16160850284249
4.25683205290785
3.23238502235137
2.28026910529277
1.76475950535515
1.55171740835465
1.47018279940416
1.42678535091975
1.39259342408948
1.39390849816124
1.42152505435369
1.46097727975809
1.56355307834878
1.80815697922363
2.3157761613305
3.10087720099192
4.14110494648105
5.1326766730295
5.99537195088947
6.62398317858037
6.99220770805336
7.13423724526196
7.10793547591008
7.06716773629346
7.08557897310654
7.15264848467582
7.20130676371224
7.16053901607202
7.03823579417035
6.90409681273709
6.75154664429768
6.49773483335131
6.05849605439621
5.40358387155944
4.55272533938246
3.55852455705083
2.55906530947015
1.90547253863344
1.61747113360725
1.50963502811091
1.45440190867156
1.40179894265409
1.39653864631365
1.41757983196033
1.45966220553483
1.53988173860235
1.72530725922886
2.14218613084747
2.83391642091278
3.79786901896573
4.84072830059451
5.7731225673862
6.44381627927788
6.91593260369986
7.12897689127497
7.14607304194596
7.08557897310654
7.08689406147762
7.16842954759957
7.24207451486335
7.21051238463286
7.07900353130571
6.91067225212466
6.76075225653451
6.58321548016147
6.26496453299077
5.70079290786521
4.92226341482577
3.9267468506932
2.9075607610713
2.07906249661595
1.68453994107362
1.53988173860235
1.48596369056526
1.42941549922061
1.39259342408948
1.41889490608849
1.44125116672152
1.50174458215511
1.64903292438512
1.95150017385438
2.557750232709
3.41386586814779
4.47119028364013
5.4575023119469
6.24918349970525
6.78442383166817
7.09609968017713
7.16579937040913
7.11056565277968
7.08426388473909
7.10793547591008
7.19473132030712
7.21577273952504
7.12766180278734
6.98037191519916
6.83308207311108
6.66080561882313
6.38332229891149
5.90989140694746
5.2128967506617
4.28839399546194
3.19819298574117
2.29868017110672
1.78054040456408
1.57012845067226
1.49516921060722
1.45045668605533
1.41231953547742
1.41100446136412
1.43862101836718
1.4820184677348
1.58459427004684
1.81604742937056
2.3210364661193
3.08509626456106
4.1253239794001
5.12610125739305
6.00063229253919
6.61740774311861
7.02245473557193
7.16711445900253
7.14212777635182
7.08689406147762
7.125031625823
7.20919729591895
7.23418398210827
7.16974463620026
7.05007158846257
6.90146663700738
6.72787507078434
6.51220078790383
6.09268828051245
5.47854365610844
4.62505483506096
3.57693566570411
2.62087392074856
1.92782881813433
1.62404650654373
1.522785771609
1.45571698288292
1.42678535091975
1.40442909084212
1.42284012849075
1.46097727975809
1.52804606909173
1.71741681032837
2.1132544642853
2.82471087908521
3.77288250418751
4.81179648898698
5.76391697377141
6.4582822322213
6.91198734001303
7.14212777635182
7.15659375035751
7.10662038748074
7.10793547591008
7.19210114297064
7.22760853824628
7.19736149765821
7.09478459178056
6.94880980235736
6.78179365659567
6.60162669837593
6.29389642867271
5.74024544811699
4.9262086626182
3.98987069807681
2.92334169238776
2.10536401002475
1.68980024002827
1.5504023339258
1.48333354200864
1.43730594419447
1.42284012849075
1.43204564753334
1.46886772516009
1.52410084597522
1.66875904449771
1.99095243557166
2.56169546300175
3.45594839181904
4.50143715766173
5.50484533755232
6.27417013597623
6.80415014517153
7.10267512221457
7.15790883892536
7.11319582966386
7.09872985698118
7.16579937040913
7.25785558076863
7.28152718061484
7.17368990202426
7.01982455918971
6.85412347634622
6.67790175274936
6.42803524019503
5.9453987080174
5.26155483673197
4.32916150741546
3.23370010072549
2.33550230454232
1.80815697922363
1.57670382307042
1.50831995377749
1.46623757668085
1.43467579585796
1.42941549922061
1.45308683446318
1.50437473079513
1.60958068618223
1.86207505739308
2.32761184717452
3.09430181075696
4.12926922112592
5.12873142363741
6.01246806145647
6.66343579323382
7.04744141192774
7.19736149765821
7.15922392749687
7.09478459178056
7.1237165373463
7.23286889332856
7.28021209170336
7.20130676371224
7.05270176501194
6.89094593423329
6.72524489602149
6.51483096150526
6.15318222486041
5.52062634708148
4.64872630857276
3.64268963034271
2.61824376693723
1.92519866755938
1.62667665573928
1.53462144101224
1.49648428491084
1.44651146346586
1.43336072169417
1.45308683446318
1.47807324493113
1.55434755722134
1.74634845682596
2.13298060041738
2.83786165317164
3.75578646843594
4.78680992572982
5.74550578705382
6.46880292554203
6.94617962638146
7.18815587699331
7.19078605430787
7.11319582966386
7.09478459178056
7.16842954759957
7.26048575847074
7.25654049192305
7.13292215675975
6.97642665097971
6.80941049557612
6.62661335279018
6.26890979139186
5.71262866961209
4.95514048069365
3.98461037717366
2.94701309021233
2.09484340451487
1.69769068855031
1.56092292944029
1.51358025112904
1.46886772516009
1.43336072169417
1.45177176025776
1.47544309641024
1.53199129223508
1.66875904449771
1.98437705842907
2.57616130764763
3.40992063172197
4.49486175011577
5.45092689207743
6.25575893017891
6.82650663478965
7.13555233376783
7.20525202979915
7.13423724526196
7.09215441499835
7.16711445900253
7.27363664720095
7.28810262522713
7.17895025650734
7.01982455918971
6.87253470493554
6.70420349843656
6.43592575967232
5.940138366957
5.26286992020429
4.35546312972033
3.2744675319036
2.36443398250585
1.82788310479457
1.61352590988128
1.53725158980132
1.48333354200864
1.45703205709725
1.45834713131456
1.47544309641024
1.52936114346986
1.62404650654373
1.86996550828275
2.33681738078106
3.10350735710808
4.12400889883141
5.12215600805209
6.01246806145647
6.66212070602668
7.05007158846257
7.20393694109986
7.16842954759957
7.10399021063298
7.13818251079048
7.24075942606169
7.30125351472653
7.24864995892651
7.09215441499835
6.92119295533298
6.73839576997965
6.51614604831133
6.11898999452967
5.52720176786544
4.6631922095867
3.63479915415977
2.61824376693723
1.93966449587159
1.63062187955506
1.55829278054375
1.51884054852827
1.47281294790125
1.45177176025776
1.47149787365122
1.51226517678668
1.5885394935754
1.77001980504328
2.15007658562099
2.81156010531236
3.73343011481924
4.79207025473552
5.75208121080318
6.45696714557226
6.96590594655412
7.2078822072087
7.20262185240423
7.10793547591008
7.10530529905504
7.18815587699331
7.26969138054344
7.24601978129026
7.1237165373463
6.96590594655412
6.81861610892302
6.62661335279018
6.28206065295911
5.7389303633915
4.95908572874004
4.0122270624996
2.95753371179527
2.11719969145677
1.70558113718043
1.57144352514592
1.53462144101224
1.49516921060722
1.46623757668085
1.48990891342252
1.51226517678668
1.56618322726921
1.69637561378913
2.00804841649781
2.5735311540477
3.39150952878284
4.46461487647733
5.46407773190256
6.25181367188409
6.8436027746131
7.16579937040913
7.23549907089164
7.14607304194596
7.09609968017713
7.14738813048464
7.24733487010656
7.25654049192305
7.17368990202426
7.01719438282203
6.85806873955574
6.68316210177183
6.41093911510075
5.95065904913388
5.28391125622728
4.37518934731959
3.30208418057162
2.36837921143457
1.82393787962608
1.61221083531193
1.5648681528075
1.51489532547438
1.47938831919604
1.47807324493113
1.50305965647363
1.54777218507703
1.64771784973492
1.8883765607819
2.35259829588606
3.12717876272405
4.10559777121504
5.12873142363741
6.00983789056136
6.68447718903642
7.10267512221457
7.23549907089164
7.1776351678811
7.08820914985234
7.10793547591008
7.20919729591895
7.26706120279008
7.2210330944757
7.08426388473909
6.90409681273709
6.75680699412569
6.53587235083121
6.1715934267958
5.55481853610163
4.67502794708172
3.6650459801598
2.62613422840857
1.94229464651321
1.64903292438512
1.58590934455336
1.54382696182626
1.48727876484804
1.47412802215425
1.49385413630657
1.53330636662217
1.6069505370645
1.78580070439677
2.1658574954981
2.82997118868214
3.75447138878547
4.79470041925858
5.7547113803273
6.4582822322213
6.97511156291382
7.21182747335042
7.21445765079651
7.13423724526196
7.11714109501744
7.19473132030712
7.27758191389141
7.25654049192305
7.13029197976625
6.98300209136358
6.81335575841742
6.60820213362268
6.31625289469328
5.79416392486125
5.00379854206459
4.08061124190901
3.01276697841667
2.19741931657361
1.73451278308287
1.60563546251013
1.55829278054375
1.51752547417399
1.47938831919604
1.47675817066919
1.51489532547438
1.56092292944029
1.69374546427579
1.99489766189367
2.5380240816642
3.39150952878284
4.43436800460034
5.39832353622173
6.23471755297476
6.8449178623171
7.18684078834151
7.25522540308115
7.16711445900253
7.08689406147762
7.12766180278734
7.24601978129026
7.31045913759417
7.23286889332856
7.08820914985234
6.89883646129216
6.6805319272534
6.40699385554905
5.98616635313763
5.27602075511589
4.34757264288962
3.29945402349499
2.36311890620244
1.82788310479457
1.62799173034154
1.55697770609996
1.51884054852827
1.47938831919604
1.47149787365122
1.50042950783958
1.54119681300733
1.64640277508773
1.87391073376839
2.35785860101961
3.11008274745394
4.07140567877941
5.13004650676469
6.01904348875566
6.6542301828592
7.09215441499835
7.23812924846934
7.19473132030712
7.11845618347594
7.15001830757294
7.25522540308115
7.29336298098293
7.23286889332856
7.09741476857733
6.92776839495582
6.76469751897573
6.54770813272917
6.16633308331507
5.54035260969254
4.72763122812642
3.67425153623854
2.68531269301739
1.97122630437159
1.68059471688914
1.58985456809089
1.5504023339258
1.49253906200891
1.47807324493113
1.49648428491084
1.52936114346986
1.60432038795874
1.78185547951773
2.1645424196582
2.84180688545874
3.72685471687509
4.80259091290861
5.7165739235903
6.44381627927788
6.94880980235736
7.19867658633923
7.2302387157801
7.15264848467582
7.13292215675975
7.21182747335042
7.29730824783824
7.26311593618749
7.14870321902696
7.00009823678611
6.82913681010739
6.62792843990045
6.31230763590926
5.79284883999292
5.05377169101109
4.07929616145207
3.05221931512769
2.16191226798755
1.7450333819536
1.60826561162187
1.57275859962256
1.52673099471658
1.48859383913378
1.49911443352702
1.52410084597522
1.57801889755903
1.70689621196263
1.98306198300966
2.55512007919601
3.37046826904963
4.43962833001772
5.41015929080901
6.23866281113151
6.83439716078619
7.16185410465082
7.24207451486335
7.16053901607202
7.12108636040383
7.16842954759957
7.26706120279008
7.2907328030977
7.18947096564877
7.04875650019334
6.88437049511702
6.71209402242304
6.45565205892678
6.01904348875566
5.31678834551957
4.39886080942454
3.3757285839061
2.41572196074393
1.85812983198905
1.64903292438512
1.57801889755903
1.53462144101224
1.48990891342252
1.48727876484804
1.52410084597522
1.55171740835465
1.65429322301586
1.86733535797411
2.32629677095732
3.06800025060887
4.0253778655435
5.09190909745654
5.99931720712149
6.6542301828592
7.09478459178056
7.24733487010656
7.18947096564877
7.11056565277968
7.14212777635182
7.23549907089164
7.30388369267039
7.23812924846934
7.07900353130571
6.92776839495582
6.7581220815917
6.56874952348527
6.19658005910106
5.58769564313355
4.75656303499247
3.71633408033306
2.71555946625586
1.97122630437159
1.6819097916143
1.59379979165533
1.54777218507703
1.50305965647363
1.49122398771422
1.50963502811091
1.53462144101224
1.62010128277286
1.78580070439677
2.13824090350196
2.82076564692043
3.69134756937697
4.7736591034513
5.70999850031067
6.47537835898341
7.00404350120148
7.24470469247763
7.24075942606169
7.12766180278734
7.10267512221457
7.18815587699331
7.27626682499093
7.28810262522713
7.16185410465082
6.99483788428309
6.82519154713618
6.616092656037
6.33203393014875
5.86123325777356
5.09190909745654
4.09639220764849
3.05353439306705
2.18295348169523
1.75029368146114
1.62273143195045
1.59642994071324
1.5504023339258
1.50042950783958
1.51358025112904
1.54251188741531
1.59379979165533
1.72399218440459
2.00541826555267
2.557750232709
3.36126271817401
4.43173784191161
5.40358387155944
6.24523824146355
6.85675365181562
7.18815587699331
7.26574611391889
7.16974463620026
7.09609968017713
7.14081268782773
7.24338960366867
7.28810262522713
7.22760853824628
7.07505826626888
6.91856277950917
6.71603928446481
6.45039171238052
6.03482451463218
5.37859727919544
4.46198471363552
3.37309842647146
2.44859887234028
1.86733535797411
1.65692337234922
1.60300531341034
1.55697770609996
1.51884054852827
1.50568980511959
1.53199129223508
1.57933397205061
1.66875904449771
1.8883765607819
2.31840631371875
3.07326056253718
4.03458342786924
5.09453926352378
5.98485126775855
6.68579227630462
7.13160706826118
7.27363664720095
7.20919729591895
7.10925056434306
7.07374317793055
6.27153996367695
4.37518934731959
1.66875904449771
0.423384629564694
1.07040036552169
1.00859192138982
0.527275320648933
0.660097622637366
0.678508637108813
0.569357630980612
0.616700233615781
0.602234437971212
0.573302847724754
0.566727486498856
0.574617919978543
0.562782269797744
0.570672703225789
0.608809799584726
0.589083714959635
0.593028931832947
0.585138498112158
0.577248064494718
0.569357630980612
0.545686331057858
0.548316475447841
0.548316475447841
0.549631547647131
0.549631547647131
0.552261692054323
0.55357676426221
0.561467197569783
0.564097342028582
0.554891836472969
0.550946619849292
0.539110970133059
0.539110970133059
0.531220537117854
0.539110970133059
0.537795897956691
0.539110970133059
0.540426042312284
0.535165753612567
0.540426042312284
0.535165753612567
0.541741114494378
0.543056186679344
0.540426042312284
0.536480825783194
0.531220537117854
0.527275320648933
0.531220537117854
0.535165753612567
0.537795897956691
0.531220537117854
0.531220537117854
0.531220537117854
0.52596024849835
0.527275320648933
0.523330104205783
0.519384887788412
0.52596024849835
0.523330104205783
0.528590392802379
0.523330104205783
0.52596024849835
0.527275320648933
0.524645176350639
0.528590392802379
0.516754743524473
0.524645176350639
0.523330104205783
0.518069815655004
0.522015032063798
0.519384887788412
0.523330104205783
0.524645176350639
0.516754743524473
0.523330104205783
0.516754743524473
0.519384887788412
0.52069995992467
0.515439671396798
0.519384887788412
0.518069815655004
0.518069815655004
0.516754743524473
0.516754743524473
0.522015032063798
0.511494455030963
0.515439671396798
0.516754743524473
0.512809527150047
0.516754743524473
0.510179382914735
0.511494455030963
0.511494455030963
0.510179382914735
0.514124599271987
0.508864310801378
0.618015305964356
5.62188783674246
13.1797401346772
19.2042931116896
24.0793861785227
27.2612689756723
28.6843247114576
28.7724520349255
27.9495495951229
26.6395160410966
25.2662500218937
24.2536501865611
22.8143405243288
17.8891671103488
12.1079294409428
5.69027223099326
0.694289507105353
0.77450893601435
2.154021813049
3.19950806403256
4.11348825440027
4.25025664844878
3.67293645678901
3.02723283488047
3.18504220300209
4.246311405813
5.8165203681566
7.27363664720095
8.43354649148404
9.0042968582209
9.00824213977354
8.64659147487006
8.34017495615454
8.35990133526511
8.58478211753248
8.89514408238289
9.03059873589603
8.81097810468828
8.40592955650724
8.01534736898115
7.67079366008684
7.33939109634799
6.86069891504682
6.20578566079827
5.26286992020429
4.02143262459592
2.73265546925173
1.78448562943408
1.51752547417399
1.40968938725378
1.32946987213077
1.33736031575241
1.36760701728952
1.40048386856453
1.52673099471658
1.80026652918526
2.37100936406913
3.32970083064742
4.61979450776126
5.94408362274704
6.98957753183814
7.8180837638692
8.23365252367211
8.31124293500064
8.24022798174914
8.19156959421335
8.29809201689995
8.53612369322038
8.72286686365671
8.69919518989608
8.49930110531769
8.29809201689995
8.0850471962648
7.87068738367952
7.51035270711428
7.01982455918971
6.35965074342627
5.47328331998529
4.26340745744955
2.9509583232823
1.98437705842907
1.59116964260939
1.50305965647363
1.46360742821352
1.43204564753334
1.43073057337549
1.46755265091898
1.53462144101224
1.70032083808167
2.12640522163036
3.00619158924128
4.19765341574853
5.52588668370174
6.72129963390419
7.65238240038976
8.19156959421335
8.34675041576333
8.28494109917758
8.22707706568946
8.299407108693
8.50982184441376
8.68209898184084
8.72286686365671
8.68078388894033
8.47825962785638
8.26258453991731
8.01271718702588
7.72602744354143
7.3157194935992
6.66212070602668
5.75208121080318
4.66450729151718
3.34416669553517
2.27632387698241
1.71215651112146
1.55960785499052
1.50700487944706
1.48070339346393
1.47807324493113
1.49911443352702
1.54908725949992
1.66744396980256
2.00673334102373
2.69846346378777
3.74526583132303
5.11689567564517
6.36622617538996
7.36963814603517
8.07847174041009
8.39277863567816
8.39672391188704
8.28888637445458
8.27968073219451
8.4217106620032
8.62554999057348
8.75837437662667
8.78467623988936
8.54664443316981
8.32176366975366
8.12844520726292
7.82991957780634
7.48273582731481
6.95407015435266
6.14529170995704
5.05114152515475
3.83337617356437
2.57879146125999
1.830513254922
1.58196412104274
1.54251188741531
1.5109501024473
1.49648428491084
1.51358025112904
1.54645711065712
1.62141635736015
1.86865043312692
2.41309180789961
3.38624921377269
4.64609614479561
6.00326246338511
7.07505826626888
7.92197591874445
8.37173716314077
8.46379361266673
8.33096931286132
8.28099582393461
8.36647679515812
8.56768591380075
8.77941586711396
8.82018375773107
8.65316693891348
8.40724464861102
8.1402810291552
7.93512682608694
7.61950515273743
7.14081268782773
6.42408998050447
5.44172130440491
4.2936543194062
2.97462972229777
2.04355545544755
1.65297814835368
1.5832791955433
1.55303248278651
1.52673099471658
1.52410084597522
1.55829278054375
1.62799173034154
1.77791025466581
2.21320022777255
3.02591775700433
4.17135180137792
5.55481853610163
6.77784839401395
7.71550672237846
8.3072976595307
8.51902749132275
8.44932759793719
8.34017495615454
8.37042207113942
8.5453293406628
8.73207251489899
8.78204605349398
8.71366121260227
8.5071916596169
8.29151655799149
8.04033409830446
7.75758960845734
7.33281565102077
6.67790175274936
5.81520528322897
4.70132958693252
3.36520795424436
2.27237864869968
1.7279374088864
1.6069505370645
1.58196412104274
1.54251188741531
1.53856666420035
1.55303248278651
1.61221083531193
1.72136203476509
2.03829515324099
2.72081977481375
3.77156742449483
5.11163534329277
6.38332229891149
7.43670769792789
8.16526776526259
8.51508221405319
8.51639730647256
8.36779188714809
8.31913348604269
8.467738889491
8.71234611960982
8.8149233845407
8.74259325940594
8.57820665448242
8.33885986424415
8.09951319947586
7.87594774598885
7.48668109575802
6.95670033037206
6.20052531695008
5.19580066747807
3.87677381018556
2.6129834593519
1.83445848013576
1.61747113360725
1.58590934455336
1.55829278054375
1.53856666420035
1.55171740835465
1.59642994071324
1.66744396980256
1.90678761387397
2.44728379583934
3.42175634108596
4.69343909483631
6.04139994223012
7.13292215675975
7.99562100468211
8.44932759793719
8.54006897067283
8.39277863567816
8.26126944823014
8.33359949664045
8.5611104509987
8.77678568074931
8.83333469097617
8.63212545431103
8.40987483282998
8.22050160780119
7.95353809699481
7.66290312012767
7.20393694109986
6.47800853238493
5.46802298391733
4.28313367157063
2.96016386722253
2.06591174036876
1.70426606240124
1.63588217801802
1.60958068618223
1.57407367410219
1.56881337620158
1.60169023886494
1.65955352169456
1.81604742937056
2.24476205149411
3.05353439306705
4.20685898108984
5.577174968648
6.78179365659567
7.71813690264692
8.32833912909735
8.55585008082571
8.48746527412583
8.35595605937478
8.3809428072564
8.56505572866849
8.75968946975334
8.73338760794893
8.67157823874386
8.48220490480617
8.26389963160826
8.04296428041727
7.77863105292462
7.35780234375235
6.77653330649392
5.92435734411217
4.74867254204941
3.43227697184977
2.28289925751504
1.73977308249417
1.63456710339779
1.61747113360725
1.57407367410219
1.56223800389304
1.59116964260939
1.64114247652891
1.7450333819536
2.05407606000674
2.72081977481375
3.81233489647892
5.09979959569909
6.41488437468448
7.48273582731481
8.19551486868601
8.55190480323602
8.56242554355148
8.41513520131344
8.31650330234687
8.4361766758549
8.65316693891348
8.81755357112819
8.81097810468828
8.60582359993403
8.3809428072564
8.1231848420753
7.87068738367952
7.53533940928735
6.9961529724034
6.19658005910106
5.10374484486633
3.87414365028932
2.65506592142903
1.95807555061761
1.67401934330835
1.64640277508773
1.62536158114001
1.59379979165533
1.58985456809089
1.61878620818856
1.70821128674783
1.94492479716695
2.50120193491419
3.42175634108596
4.64215089915504
5.99011160929593
7.13818251079048
7.97852482297164
8.48088981248578
8.59661795126308
8.4769445355474
8.37436734715485
8.42434084630569
8.62949526880455
8.79782717209671
8.77941586711396
8.68472916765338
8.43880686024096
8.21524124155849
8.02323791493696
7.72076708293022
7.22497836072708
6.47537835898341
5.47328331998529
4.30680512949853
2.99830112233499
2.09484340451487
1.71215651112146
1.64508770044353
1.63456710339779
1.60826561162187
1.61615605902893
1.63456710339779
1.68453994107362
1.83182832999024
2.25791281189941
3.08904149862601
4.23842092063062
5.60873699276954
6.80151996999088
7.77731596261751
8.3769975311841
8.62028961965223
8.55453498829201
8.39672391188704
8.40592955650724
8.57820665448242
8.77810077392971
8.82938941096226
8.76758002859394
8.5413840631646
8.30598256771496
8.06532082898245
7.80624795023388
7.38804939462209
6.75680699412569
5.90594615143061
4.73946696710219
3.42044126225492
2.32629677095732
1.78185547951773
1.65297814835368
1.64114247652891
1.61089576074558
1.60037516432253
1.6148409844536
1.66744396980256
1.76738965519319
2.06065143795519
2.76290224507682
3.80181425824849
5.14714258772966
6.39910333654177
7.46563966444426
8.2112959669161
8.5795217470848
8.600563229242
8.44669741349033
8.3783126232044
8.49404073586103
8.72155177063744
8.8149233845407
8.78467623988936
8.612399063385
8.3769975311841
8.17578849666199
7.93381173533587
7.61292970348476
7.01324911829774
6.23208738088797
5.13004650676469
3.82022537528835
2.62876438225725
1.90284238816145
1.6819097916143
1.65297814835368
1.63588217801802
1.6148409844536
1.62273143195045
1.6621836710519
1.73188263339527
1.9567604752589
2.49462655182161
3.41912618342707
4.7131653253035
6.00194737796038
7.15396357323274
8.01140209605386
8.51245202922586
8.63344054707002
8.50061619769137
8.38883335950343
8.45195778239925
8.66894805300789
8.81097810468828
8.79651207885869
8.68078388894033
8.42960121495624
8.20866578384003
7.98904555010316
7.70893127177233
7.25522540308115
6.54244778518321
5.59032581178956
4.33836707507133
3.04301376964067
2.07380219408051
1.71215651112146
1.65429322301586
1.6516630736945
1.61352590988128
1.61747113360725
1.65692337234922
1.70032083808167
1.85023938126256
2.25791281189941
3.11008274745394
4.2726130239468
5.63635376551306
6.81861610892302
7.7930970465485
8.40461446440725
8.66105749589182
8.59793304391889
8.42960121495624
8.42434084630569
8.59793304391889
8.7873064263001
8.85700637178673
8.79519698562451
8.57163119152776
8.33096931286132
8.08636228744701
7.80098758871504
7.38410412700713
6.77127295644981
5.9453987080174
4.76839877463416
3.44937299727883
2.34339276202092
1.79763637919659
1.67927964216698
1.6819097916143
1.63719725264125
1.62667665573928
1.65955352169456
1.69243038952362
1.78448562943408
2.07643234534213
2.79446409987619
3.81891029547864
5.16423866927099
6.42672015362795
7.50772252801567
8.25600908151922
8.63738582536988
8.65974240305254
8.457218151369
8.36647679515812
8.49141055115553
8.69261972518286
8.90566483070373
8.86489693233401
8.64659147487006
8.39803900396425
8.16921303950911
7.89830428646999
7.56295629218759
7.03823579417035
6.24260806932011
5.16160850284249
3.84784205204395
2.64454530561083
1.91862329117502
1.69506053903095
1.69243038952362
1.65692337234922
1.62536158114001
1.63982740189669
1.68717009054495
1.74766353170135
1.95281524920096
2.50120193491419
3.41912618342707
4.65267155426361
6.02298874517735
7.19604640898084
8.02981337000327
8.5611104509987
8.69919518989608
8.56374063610808
8.41250501706411
8.45458796687652
8.66368768158187
8.8385950643819
8.81229319796858
8.68867444640089
8.47168416634948
8.22839215727844
8.01140209605386
7.73128780421207
7.25654049192305
6.54113269830566
5.55087328340311
4.35414804857359
3.00093127795779
2.09221325316789
1.73188263339527
1.67270426860119
1.66086859637173
1.63851232726747
1.63851232726747
1.66086859637173
1.70689621196263
1.84103385555242
2.26711834436569
3.10087720099192
4.26998286207391
5.64555935676739
6.83702733614726
7.82728939690534
8.44143704464221
8.68735935348122
8.61108397068717
8.4217106620032
8.42697103062337
8.60450850725529
8.79519698562451
8.91487048568685
8.81360829125271
8.580836839691
8.35332587546686
8.09425283461921
7.80624795023388
7.39725501918569
6.79231435697218
5.9493439638495
4.78417976124718
3.51644202535734
2.36180382990211
1.8068419042097
1.68322486634246
1.68848516528511
1.6621836710519
1.65297814835368
1.66875904449771
1.70821128674783
1.80158160418411
2.09484340451487
2.8089299505954
3.85178729169768
5.1379370056
6.46748783886446
7.55112048503084
8.265214723303
8.67157823874386
8.68209898184084
8.51376712163761
8.4217106620032
8.53612369322038
8.76626493544425
8.87147239956262
8.79388189239417
8.59267267331852
8.35727115133444
8.15606212548591
7.96537391439431
7.65501258030199
7.07637335461085
6.25312875797882
5.18396491791994
3.8833492099832
2.69714838669669
1.91336299012205
1.71610173552212
1.70032083808167
1.68322486634246
1.65034799903831
1.66744396980256
1.70952636153604
1.76738965519319
1.98043183217995
2.51040747137388
3.47830473385623
4.72237089978014
6.02035857422604
7.20130676371224
8.07584155809452
8.5795217470848
8.70708574767834
8.57294628411106
8.44406722905867
8.48351999713038
8.69261972518286
8.82938941096226
8.90434973715013
8.74259325940594
8.51376712163761
8.26915999840987
8.06006046451656
7.78257632386829
7.27889700279555
6.52798182972678
5.5285168520326
4.35151788629005
3.10613751323691
2.12640522163036
1.75949920571519
1.70558113718043
1.70689621196263
1.66744396980256
1.67138919389703
1.70032083808167
1.74766353170135
1.88048610963826
2.29210479038975
3.10613751323691
4.25814713380958
5.63240851217038
6.87253470493554
7.82202903514804
8.4453823212726
8.71629139859866
8.64001601092225
8.47957472016918
8.45064269016633
8.62291980510522
8.81360829125271
8.86226674546952
8.7741554944
8.5453293406628
8.31913348604269
8.10608865563126
7.87857792716591
7.47221511162846
6.83176698543957
5.92567242932997
4.74472729562328
3.49014044472239
2.34996814333776
1.81473235433852
1.70558113718043
1.70952636153604
1.67796456744782
1.66349874573506
1.68848516528511
1.73845800763684
1.83314340506148
2.12772029738166
2.79446409987619
3.87940397009483
5.16029341963335
6.47669344568238
7.55243557470014
8.2678449067038
8.67420842449514
8.69261972518286
8.54269915566018
8.4453823212726
8.55453498829201
8.7544290972697
8.85700637178673
8.80571773160553
8.65053675328463
8.42302575415254
8.18630922830258
7.96800409607982
7.63397114141919
7.07505826626888
6.27417013597623
5.21947216742459
3.91228097006161
2.73397054642713
1.93440419462473
1.72267710958334
1.71741681032837
1.69506053903095
1.67007411919587
1.68980024002827
1.73714293278251
1.79632130420678
1.99095243557166
2.51303762467597
3.46120870750899
4.73683680286182
6.08611285222834
7.21577273952504
8.09688301704001
8.59530285861107
8.70708574767834
8.57294628411106
8.43880686024096
8.49667092058174
8.72549704970677
8.85569127837565
8.87804786688751
8.73733288712179
8.47957472016918
8.265214723303
8.05085482684581
7.75890469870865
7.29862333679734
6.58058530618813
5.64818952572842
4.37518934731959
3.03775345800337
2.10010370724541
1.75555398101683
1.73319770823757
1.72399218440459
1.68453994107362
1.68322486634246
1.70163591285185
1.74371830708423
1.89626701203445
2.30394047573562
3.16268587307504
4.31601069676015
5.65739511720133
6.85412347634622
7.8496459350393
8.45984833587668
8.72681214273754
8.60319341458037
8.44801250571186
8.45064269016633
8.60845378530296
8.79256679916767
8.93722707714688
8.8385950643819
8.61502924879213
8.37305225514591
8.13633575515723
7.85753647816745
7.42487189395755
6.81861610892302
5.99668703629663
4.8262623945867
3.54668884467872
2.38547520377961
1.83971878046305
1.73582785793119
1.73845800763684
1.70821128674783
1.69506053903095
1.71347158591868
1.76081428062067
1.84892430615205
2.13692582772624
2.84575211777409
3.85967777109308
5.19317050088569
6.43855593285992
7.54322994709261
8.30203729229043
8.68209898184084
8.68998953932438
8.52823313841838
8.44669741349033
8.5611104509987
8.7859913330928
8.84254034447658
8.87673277341482
8.67815370315077
8.45458796687652
8.23891289012618
7.99693609560915
7.64712204060977
7.09478459178056
6.29258134246813
5.2313079178132
3.92148653041782
2.70766900351272
1.97648660595816
1.7542389061234
1.73977308249417
1.73451278308287
1.70163591285185
1.71215651112146
1.74634845682596
1.8068419042097
2.01856902039994
2.54854469546787
3.51118170912742
4.73946696710219
6.06638656790415
7.2302387157801
8.0903075610162
8.600563229242
8.71497630559855
8.5795217470848
8.42434084630569
8.44801250571186
8.65448203173364
8.84517053122561
8.95300820120179
8.75048381794725
8.50982184441376
8.31650330234687
8.09293774341445
7.77731596261751
7.31440440459244
6.59505126321876
5.62583309000193
4.37518934731959
3.06142486076968
2.12772029738166
1.77133487997284
1.74634845682596
1.7450333819536
1.70426606240124
1.71215651112146
1.7450333819536
1.78843085433119
1.91467806538075
2.33418722830665
3.15874063847732
4.30943529155672
5.67317613155058
6.8896308464028
7.85753647816745
8.49535582821948
8.74390835248656
8.65974240305254
8.42565593846263
8.4217106620032
8.61502924879213
8.81755357112819
8.94117235810851
8.83333469097617
8.59135758067797
8.36121642723613
8.18367904536982
7.90487973975811
7.47090002218425
6.85017821316921
6.00457754881333
4.82889255928503
3.50986663007799
2.38810535649433
1.83577355521306
1.73319770823757
1.74371830708423
1.70689621196263
1.68848516528511
1.72004695994983
1.76607458027267
1.85681475686042
2.15007658562099
2.86547827977456
3.89123968984799
5.16686883571314
6.48195379251397
7.57084683045841
8.28888637445458
8.69393481811785
8.71366121260227
8.54006897067283
8.43880686024096
8.55979535844974
8.80045735858428
8.90566483070373
8.82281394434933
8.61897452693148
8.39540881981362
8.18104886245214
7.96274373272377
7.62082024259907
7.0895242382307
6.35307531155143
5.27076042111015
3.9517333727151
2.7366007007873
1.93966449587159
1.73056755855597
1.74240323221787
1.71610173552212
1.68717009054495
1.7147866607189
1.7450333819536
1.80421175419088
2.02645947345425
2.5722160772524
3.48619520773808
4.7789194323223
6.05981113997206
7.22366327197296
8.10871883811974
8.61634434150142
8.73733288712179
8.59661795126308
8.40066918813007
8.43749176804602
8.66105749589182
8.85043090476984
8.87936296036403
8.73601779406033
8.52428786106882
8.30335238409481
8.05348500901868
7.76284996948488
7.31308931558936
6.61346248188456
5.6666007088443
4.43305292325432
3.10876766937843
2.15007658562099
1.79500622921997
1.75686905591328
1.75686905591328
1.71610173552212
1.7279374088864
1.75686905591328
1.80158160418411
1.94229464651321
2.3210364661193
3.16005571667338
4.30943529155672
5.67317613155058
6.87121961715567
7.89041374264752
8.52034258375355
8.77152530806607
8.70051028285021
8.51376712163761
8.45984833587668
8.61502924879213
8.10345847315782
6.32808867123696
3.64268963034271
0.582508353561529
0.850783157092629
1.34656583344569
1.07303051222386
0.754782845941513
0.803440535965592
0.817906336466869
0.771878790633707
0.785029517652688
0.737686901737909
0.71533066774677
0.724536175759702
0.724536175759702
0.711385450070239
0.744262264835349
0.765303427232716
0.752152700647635
0.745577337463502
0.741632119587699
0.740317046968222
0.714015595185039
0.714015595185039
0.711385450070239
0.71533066774677
0.696919652145141
0.700864869726459
0.714015595185039
0.72190603059871
0.725851248344533
0.72190603059871
0.732426611311972
0.7127005226262
0.702179942259335
0.700864869726459
0.687714144556345
0.691659362077097
0.686399072055188
0.696919652145141
0.700864869726459
0.710070377517162
0.7127005226262
0.703495014795088
0.7127005226262
0.707440232419678
0.703495014795088
0.698234724669362
0.691659362077097
0.683768927061536
0.686399072055188
0.68902921706038
0.694289507105353
0.696919652145141
0.694289507105353
0.698234724669362
0.700864869726459
0.704810087333733
0.708755304966978
0.707440232419678
0.699549797196468
0.702179942259335
0.695604579623812
0.687714144556345
0.683768927061536
0.686399072055188
0.6903442895673
0.68902921706038
0.691659362077097
0.691659362077097
0.6903442895673
0.691659362077097
0.68902921706038
0.691659362077097
0.694289507105353
0.692974434589779
0.692974434589779
0.6903442895673
0.691659362077097
0.68902921706038
0.686399072055188
0.686399072055188
0.686399072055188
0.685083999556923
0.685083999556923
0.677193564627842
0.683768927061536
0.682453854569033
0.6903442895673
0.686399072055188
0.6903442895673
0.68902921706038
0.68902921706038
0.6903442895673
0.686399072055188
0.691659362077097
0.685083999556923
0.687714144556345
