8.53215776126459
1596.45491852613
1557.00337942051
1490.59329389467
1409.06012857953
1317.00656657621
1221.66539026546
1136.84463046651
1069.11953489975
1022.43524940601
1007.31217164572
1017.17504841056
1059.91418259385
1123.69412597472
1207.19983361326
1300.56843179896
1393.27951707145
1478.1003082467
1547.14049501217
1589.87966184452
1606.97532935356
1593.8248158456
1555.68832815758
1487.96319163365
1405.11497566823
1315.03399038235
1224.29549150683
1138.15968092896
1069.77706006892
1025.72287504734
1010.59979721928
1022.43524940601
1059.91418259385
1122.3790755388
1206.54230831793
1298.59585565187
1391.30694065864
1476.1277315867
1545.16791814811
1590.53718750972
1608.94790640248
1597.11244419791
1556.34585378872
1491.25081946154
1409.06012857953
1314.37646498564
1221.00786495665
1136.18710523619
1067.80448456319
1023.0927745331
1005.33959630864
1018.49009865589
1060.57170775469
1125.66670163313
1209.8299348007
1301.22595718257
1395.25209348998
1479.41535935658
1546.48296939017
1589.22213617997
1606.97532935356
1593.16729017711
1552.40070001168
1489.27824276287
1409.71765406698
1316.34904117763
1222.98044088492
1138.81720616109
1071.74963558001
1027.69545043922
1007.96969675926
1019.80514890357
1059.2566574336
1123.03660075646
1206.54230831793
1298.59585565187
1391.30694065864
1478.75783380132
1545.82544376881
1589.87966184452
1609.60543208677
1596.45491852613
1555.68832815758
1491.25081946154
1407.74507760656
1315.69151577968
1220.35033964846
1136.84463046651
1067.80448456319
1023.75029966078
1007.31217164572
1020.4626740283
1060.57170775469
1125.66670163313
1211.1449853981
1300.56843179896
1391.30694065864
1477.44278269272
1545.82544376881
1587.90708485285
1606.97532935356
1591.8522388421
1553.05822563955
1491.25081946154
1409.06012857953
1315.03399038235
1224.95301681871
1140.13225662715
1070.43458523869
1025.0653499179
1006.65464653277
1018.49009865589
1059.91418259385
1125.00917641306
1205.88478302321
1297.93833027076
1393.27951707145
1478.75783380132
1546.48296939017
1591.8522388421
1610.92048345733
1596.45491852613
1554.37327689726
1489.93576832845
1406.43002663612
1314.37646498564
1221.00786495665
1135.52958000648
1067.80448456319
1028.35297557103
1007.96969675926
1021.12019915361
1063.201808404
1127.63927729695
1207.8573589092
1299.91090641597
1393.27951707145
1476.78525713939
1543.19534128993
1588.56461051609
1606.31780367191
1595.13986718455
1558.31843068606
1490.59329389467
1409.06012857953
1317.00656657621
1224.29549150683
1136.84463046651
1069.11953489975
1024.40782478904
1004.02454608686
1018.49009865589
1058.59913227395
1124.35165119359
1206.54230831793
1299.25338103361
1395.25209348998
1480.07288491249
1545.16791814811
1589.22213617997
1610.26295777172
1597.11244419791
1554.37327689726
1491.25081946154
1407.08755212102
1312.40388879927
1221.66539026546
1138.81720616109
1069.11953489975
1025.0653499179
1009.94227210339
1021.12019915361
1062.54428324078
1125.66670163313
1205.88478302321
1295.96575413114
1392.62199159988
1477.44278269272
1541.88029005439
1586.59203352836
1608.94790640248
1595.13986718455
1555.68832815758
1492.56587059721
1409.06012857953
1317.00656657621
1225.6105421312
1137.50215569743
1068.46200973117
1025.72287504734
1008.62722187338
1016.51752328878
1060.57170775469
1123.69412597472
1205.2272577291
1301.22595718257
1393.93704254366
1477.44278269272
1547.79802063483
1591.19471317558
1607.63285503587
1595.79739285501
1556.34585378872
1487.96319163365
1407.74507760656
1313.0614141941
1219.69281434088
1137.50215569743
1071.09211040905
1025.0653499179
1008.62722187338
1019.80514890357
1062.54428324078
1125.66670163313
1207.8573589092
1300.56843179896
1391.96446612894
1475.47020603466
1545.82544376881
1586.59203352836
1606.31780367191
1596.45491852613
1555.03080252709
1491.25081946154
1409.71765406698
1317.00656657621
1223.63796619557
1140.13225662715
1070.43458523869
1024.40782478904
1006.65464653277
1017.83257353293
1060.57170775469
1123.03660075646
1206.54230831793
1303.19853333713
1391.96446612894
1478.1003082467
1546.48296939017
1592.50976450927
1608.29038071885
1596.45491852613
1555.03080252709
1488.62071719794
1409.06012857953
1314.37646498564
1222.32291557488
1135.52958000648
1070.43458523869
1026.38040017738
1007.31217164572
1022.43524940601
1062.54428324078
1125.66670163313
1206.54230831793
1299.91090641597
1391.30694065864
1477.44278269272
1545.16791814811
1585.27698220649
1608.94790640248
1597.11244419791
1555.03080252709
1490.59329389467
1408.40260309273
1315.03399038235
1224.29549150683
1136.18710523619
1069.77706006892
1023.75029966078
1006.65464653277
1017.83257353293
1061.88675807815
1123.69412597472
1205.2272577291
1301.8834825668
1393.27951707145
1476.78525713939
1546.48296939017
1591.8522388421
1607.63285503587
1595.79739285501
1555.68832815758
1488.62071719794
1405.77250115186
1314.37646498564
1222.98044088492
1136.18710523619
1070.43458523869
1027.03792530801
1007.96969675926
1021.12019915361
1062.54428324078
1126.3242268538
1206.54230831793
1299.91090641597
1391.30694065864
1474.81268048325
1545.82544376881
1587.24955919028
1606.97532935356
1595.79739285501
1556.34585378872
1489.93576832845
1409.71765406698
1317.00656657621
1223.63796619557
1136.84463046651
1070.43458523869
1023.0927745331
1006.65464653277
1019.14762377944
1057.94160711489
1122.3790755388
1209.8299348007
1301.22595718257
1393.93704254366
1479.41535935658
1546.48296939017
1591.19471317558
1610.26295777172
1593.16729017711
1553.71575126808
1490.59329389467
1406.43002663612
1313.0614141941
1222.32291557488
1137.50215569743
1069.77706006892
1027.03792530801
1007.96969675926
1020.4626740283
1062.54428324078
1126.3242268538
1206.54230831793
1298.59585565187
1392.62199159988
1476.78525713939
1543.85286690867
1587.90708485285
1606.97532935356
1594.48234151474
1557.66090505296
1492.56587059721
1410.37517955505
1315.69151577968
1223.63796619557
1138.15968092896
1069.77706006892
1023.0927745331
1005.99712142041
1019.14762377944
1059.91418259385
1123.03660075646
1209.17240950292
1301.22595718257
1395.25209348998
1477.44278269272
1547.14049501217
1591.19471317558
1606.97532935356
1594.48234151474
1554.37327689726
1489.27824276287
1406.43002663612
1315.03399038235
1221.66539026546
1138.15968092896
1071.09211040905
1025.72287504734
1007.96969675926
1023.75029966078
1062.54428324078
1125.00917641306
1205.88478302321
1299.25338103361
1389.99188971992
1476.1277315867
1545.16791814811
1587.90708485285
1607.63285503587
1596.45491852613
1556.34585378872
1490.59329389467
1407.74507760656
1318.32161737524
1224.29549150683
1137.50215569743
1067.80448456319
1025.72287504734
1007.31217164572
1017.83257353293
1059.2566574336
1125.00917641306
1207.19983361326
1299.91090641597
1393.93704254366
1479.41535935658
1547.14049501217
1590.53718750972
1610.26295777172
1593.8248158456
1554.37327689726
1489.93576832845
1405.77250115186
1315.69151577968
1221.66539026546
1137.50215569743
1071.09211040905
1025.72287504734
1008.62722187338
1020.4626740283
1063.201808404
1124.35165119359
1207.8573589092
1299.91090641597
1391.30694065864
1474.81268048325
1545.16791814811
1587.90708485285
1606.97532935356
1595.79739285501
1556.34585378872
1489.93576832845
1409.71765406698
1318.32161737524
1224.29549150683
1138.15968092896
1068.46200973117
1024.40782478904
1006.65464653277
1019.14762377944
1061.22923291612
1123.03660075646
1207.8573589092
1301.8834825668
1393.93704254366
1476.78525713939
1547.79802063483
1590.53718750972
1609.60543208677
1594.48234151474
1557.00337942051
1489.27824276287
1405.77250115186
1315.03399038235
1221.00786495665
1136.18710523619
1071.09211040905
1025.0653499179
1009.28474698809
1020.4626740283
1063.85933356781
1126.3242268538
1207.8573589092
1301.22595718257
1391.96446612894
1475.47020603466
1545.82544376881
1587.24955919028
1606.31780367191
1596.45491852613
1555.68832815758
1490.59329389467
1411.69023053312
1317.66409197542
1224.29549150683
1139.47473139382
1071.09211040905
1023.75029966078
1006.65464653277
1019.14762377944
1060.57170775469
1122.3790755388
1206.54230831793
1301.22595718257
1393.27951707145
1478.75783380132
1545.82544376881
1590.53718750972
1609.60543208677
1598.42749554343
1555.03080252709
1488.62071719794
1406.43002663612
1315.03399038235
1221.00786495665
1136.18710523619
1071.09211040905
1025.0653499179
1009.94227210339
1021.77772427952
1061.22923291612
1125.66670163313
1208.51488420576
1301.22595718257
1392.62199159988
1476.78525713939
1545.16791814811
1587.24955919028
1606.31780367191
1595.79739285501
1553.71575126808
1490.59329389467
1409.06012857953
1317.00656657621
1224.29549150683
1140.13225662715
1071.09211040905
1024.40782478904
1007.31217164572
1019.14762377944
1059.91418259385
1122.3790755388
1207.19983361326
1299.25338103361
1392.62199159988
1479.41535935658
1545.16791814811
1588.56461051609
1610.92048345733
1597.11244419791
1557.00337942051
1491.25081946154
1406.43002663612
1313.71893958956
1222.98044088492
1136.84463046651
1068.46200973117
1022.43524940601
1007.96969675926
1020.4626740283
1061.88675807815
1125.00917641306
1210.48746009909
1299.91090641597
1394.5945680165
1478.75783380132
1547.14049501217
1588.56461051609
1606.97532935356
1593.16729017711
1553.05822563955
1488.62071719794
1407.74507760656
1317.00656657621
1222.98044088492
1137.50215569743
1069.77706006892
1027.69545043922
1009.94227210339
1019.14762377944
1059.91418259385
1124.35165119359
1206.54230831793
1296.62327951039
1393.27951707145
1477.44278269272
1545.82544376881
1588.56461051609
1610.92048345733
1597.76996987034
1556.34585378872
1491.25081946154
1410.37517955505
1314.37646498564
1220.35033964846
1137.50215569743
1068.46200973117
1022.43524940601
1007.96969675926
1018.49009865589
1059.2566574336
1125.00917641306
1209.17240950292
1299.91090641597
1393.93704254366
1481.38793602624
1547.14049501217
1588.56461051609
1607.63285503587
1595.13986718455
1554.37327689726
1489.27824276287
1407.74507760656
1314.37646498564
1222.98044088492
1138.15968092896
1071.74963558001
1024.40782478904
1011.25732233576
1021.12019915361
1058.59913227395
1124.35165119359
1206.54230831793
1297.28080489026
1390.64941518896
1476.78525713939
1545.16791814811
1587.90708485285
1610.26295777172
1597.11244419791
1555.03080252709
1491.90834502905
1409.06012857953
1317.00656657621
1222.32291557488
1136.84463046651
1070.43458523869
1023.0927745331
1005.99712142041
1019.80514890357
1061.22923291612
1125.00917641306
1208.51488420576
1301.8834825668
1393.27951707145
1478.75783380132
1546.48296939017
1587.24955919028
1606.97532935356
1593.8248158456
1555.03080252709
1488.62071719794
1408.40260309273
1315.69151577968
1222.98044088492
1139.47473139382
1070.43458523869
1026.38040017738
1009.94227210339
1020.4626740283
1060.57170775469
1123.69412597472
1207.8573589092
1297.28080489026
1391.96446612894
1476.1277315867
1544.51039252807
1589.87966184452
1609.60543208677
1596.45491852613
1557.00337942051
1492.56587059721
1408.40260309273
1317.66409197542
1221.00786495665
1136.84463046651
1067.80448456319
1024.40782478904
1005.33959630864
1019.80514890357
1062.54428324078
1125.00917641306
1209.8299348007
1301.22595718257
1394.5945680165
1480.73041046904
1545.82544376881
1586.59203352836
1606.31780367191
1593.8248158456
1553.71575126808
1487.96319163365
1409.06012857953
1315.03399038235
1223.63796619557
1138.81720616109
1073.06468592371
1025.72287504734
1009.28474698809
1020.4626740283
1058.59913227395
1123.03660075646
1207.19983361326
1298.59585565187
1391.96446612894
1477.44278269272
1547.14049501217
1590.53718750972
1607.63285503587
1595.79739285501
1557.66090505296
1490.59329389467
1408.40260309273
1317.00656657621
1221.00786495665
1135.52958000648
1069.11953489975
1025.0653499179
1008.62722187338
1021.12019915361
1061.22923291612
1127.63927729695
1208.51488420576
1299.91090641597
1393.93704254366
1477.44278269272
1545.16791814811
1588.56461051609
1605.66027799091
1593.16729017711
1554.37327689726
1491.25081946154
1408.40260309273
1316.34904117763
1222.32291557488
1140.78978186109
1069.77706006892
1025.0653499179
1006.65464653277
1019.80514890357
1058.59913227395
1122.3790755388
1207.19983361326
1299.25338103361
1392.62199159988
1477.44278269272
1545.82544376881
1590.53718750972
1608.94790640248
1596.45491852613
1555.03080252709
1487.96319163365
1409.06012857953
1314.37646498564
1219.69281434088
1136.18710523619
1069.11953489975
1025.0653499179
1007.31217164572
1021.77772427952
1060.57170775469
1126.3242268538
1208.51488420576
1300.56843179896
1391.96446612894
1477.44278269272
1544.51039252807
1588.56461051609
1604.3452266309
1592.50976450927
1555.03080252709
1490.59329389467
1409.06012857953
1317.00656657621
1221.66539026546
1140.13225662715
1071.09211040905
1023.75029966078
1007.96969675926
1018.49009865589
1057.94160711489
1123.03660075646
1206.54230831793
1297.93833027076
1393.27951707145
1477.44278269272
1547.14049501217
1589.22213617997
1610.92048345733
1595.13986718455
1553.05822563955
1489.93576832845
1406.43002663612
1315.03399038235
1221.00786495665
1136.84463046651
1067.14695939581
1025.72287504734
1009.28474698809
1019.80514890357
1062.54428324078
1125.00917641306
1207.19983361326
1300.56843179896
1391.30694065864
1476.1277315867
1546.48296939017
1588.56461051609
1605.66027799091
1596.45491852613
1552.40070001168
1491.90834502905
1407.74507760656
1314.37646498564
1223.63796619557
1138.15968092896
1069.77706006892
1025.0653499179
1005.99712142041
1019.14762377944
1059.2566574336
1122.3790755388
1205.2272577291
1300.56843179896
1390.64941518896
1478.75783380132
1546.48296939017
1589.22213617997
1609.60543208677
1597.76996987034
1551.74317438446
1490.59329389467
1406.43002663612
1314.37646498564
1222.32291557488
1136.84463046651
1069.11953489975
1027.03792530801
1007.96969675926
1019.80514890357
1061.88675807815
1127.63927729695
1207.19983361326
1299.25338103361
1391.96446612894
1477.44278269272
1543.85286690867
1590.53718750972
1606.31780367191
1597.11244419791
1557.00337942051
1491.25081946154
1409.06012857953
1315.03399038235
1224.95301681871
1136.18710523619
1071.09211040905
1021.77772427952
1006.65464653277
1019.14762377944
1059.2566574336
1122.3790755388
1210.48746009909
1298.59585565187
1395.90961896409
1479.41535935658
1546.48296939017
1589.22213617997
1609.60543208677
1593.16729017711
1554.37327689726
1487.30566607001
1407.74507760656
1312.40388879927
1222.32291557488
1137.50215569743
1071.09211040905
1025.72287504734
1010.59979721928
1020.4626740283
1060.57170775469
1122.3790755388
1208.51488420576
1296.62327951039
1391.30694065864
1476.1277315867
1545.16791814811
1590.53718750972
1609.60543208677
1595.79739285501
1557.00337942051
1491.25081946154
1409.06012857953
1315.03399038235
1220.35033964846
1136.84463046651
1067.80448456319
1023.75029966078
1004.02454608686
1019.14762377944
1061.22923291612
1125.00917641306
1209.17240950292
1299.91090641597
1394.5945680165
1476.1277315867
1544.51039252807
1589.87966184452
1605.00275231058
1595.79739285501
1552.40070001168
1490.59329389467
1407.74507760656
1316.34904117763
1224.29549150683
1138.15968092896
1071.74963558001
1027.03792530801
1007.31217164572
1019.14762377944
1059.91418259385
1122.3790755388
1205.88478302321
1297.93833027076
1391.96446612894
1477.44278269272
1545.82544376881
1591.19471317558
1608.29038071885
1596.45491852613
1555.03080252709
1490.59329389467
1404.45745018524
1317.00656657621
1219.69281434088
1138.15968092896
1067.14695939581
1027.69545043922
1004.68207119745
1024.40782478904
1059.91418259385
1126.98175207507
1207.19983361326
1300.56843179896
1390.64941518896
1478.75783380132
1541.88029005439
1589.22213617997
1605.66027799091
1595.13986718455
1553.71575126808
1493.88092173546
1405.77250115186
1318.9791427757
1222.32291557488
1140.78978186109
1068.46200973117
1027.03792530801
1005.33959630864
1019.80514890357
1057.28408195643
1126.3242268538
1203.91220714272
1303.19853333713
1389.33436425152
1482.04546158408
1541.88029005439
1594.48234151474
1605.00275231058
1597.11244419791
1551.74317438446
1491.90834502905
1405.11497566823
1315.69151577968
1218.37776372755
1139.47473139382
1068.46200973117
1028.35297557103
1005.33959630864
1024.40782478904
1059.2566574336
1128.95432774251
1203.91220714272
1301.22595718257
1388.67683878375
1479.41535935658
1537.93513636341
1593.16729017711
1602.37264959582
1599.08502121719
1553.05822563955
1493.88092173546
1406.43002663612
1319.63666817678
1219.69281434088
1140.78978186109
1065.17438389723
1027.03792530801
1001.39444565035
1021.12019915361
1057.94160711489
1128.29680251943
1204.56973243561
1304.51358410995
1388.67683878375
1482.04546158408
1543.85286690867
1592.50976450927
1605.00275231058
1596.45491852613
1551.08564875789
1493.22339616601
1403.14239922115
1317.66409197542
1217.72023842181
1139.47473139382
1067.80448456319
1029.66802583642
1003.36702097685
1025.72287504734
1057.94160711489
1126.3242268538
1204.56973243561
1300.56843179896
1388.67683878375
1478.75783380132
1540.56523882146
1594.48234151474
1603.03017527352
11.8197793147911
5.24453621948939
13.1348279394943
5.90206052690478
9.84720638126452
5.90206052690478
8.53215776126459
4.58701191254363
10.5047306919697
3.92948760606743
10.5047306919697
4.58701191254363
12.4773036269074
5.24453621948939
12.4773036269074
6.55958483478997
11.1622550031452
4.58701191254363
10.5047306919697
4.58701191254363
9.18968207102955
1.95691468945564
7.87463345196976
5.90206052690478
9.18968207102955
5.24453621948939
11.8197793147911
5.90206052690478
11.8197793147911
6.55958483478997
9.84720638126452
6.55958483478997
6.55958483478997
5.24453621948939
7.87463345196976
3.27196330006074
9.18968207102955
4.58701191254363
11.8197793147911
7.87463345196976
9.84720638126452
8.53215776126459
9.84720638126452
7.21710914314488
7.87463345196976
5.24453621948939
8.53215776126459
3.92948760606743
7.21710914314488
5.90206052690478
10.5047306919697
7.21710914314488
9.84720638126452
8.53215776126459
9.18968207102955
9.18968207102955
6.55958483478997
6.55958483478997
7.21710914314488
4.58701191254363
7.21710914314488
4.58701191254363
7.87463345196976
7.87463345196976
7.87463345196976
7.21710914314488
8.53215776126459
8.53215776126459
7.87463345196976
4.58701191254363
7.21710914314488
3.92948760606743
7.21710914314488
3.92948760606743
7.21710914314488
7.21710914314488
8.53215776126459
9.18968207102955
9.18968207102955
8.53215776126459
8.53215776126459
5.90206052690478
6.55958483478997
5.24453621948939
7.87463345196976
4.58701191254363
7.21710914314488
6.55958483478997
8.53215776126459
8.53215776126459
8.53215776126459
7.87463345196976
9.84720638126452
7.21710914314488
7.21710914314488
7.21710914314488
5.24453621948939
7.21710914314488
3.92948760606743
6.55958483478997
2973.31523577865
2840.49475409022
2628.1135568
2355.89752780064
2049.4902665368
1739.13800485127
1454.42938870856
1222.32291557488
1069.77706006892
1005.33959630864
1044.13357891179
1174.98109486
1387.3617878501
1658.26233455937
1965.98445206704
2278.96693437307
2563.01840747834
2791.18022720549
2945.04156610087
3005.5340705174
2968.71254526275
2839.17969998135
2626.14097640561
2355.2400013179
2049.4902665368
1740.45305648468
1454.42938870856
1224.29549150683
1072.40716075156
1009.28474698809
1045.44862920558
1174.98109486
1384.73168599041
1658.91986029333
1962.69682180865
2273.70672322734
2560.3883005946
2791.83775420097
2945.69909328549
3008.16417956293
2971.34265412406
2841.80980820232
2630.74366400344
2356.55505428413
2048.17521425192
1735.85037577955
1453.11433764751
1220.35033964846
1069.11953489975
1009.28474698809
1044.13357891179
1177.61119592788
1388.67683878375
1659.57738602796
1967.2995041753
2277.6518815822
2559.7307738756
2790.52270021079
2945.69909328549
3007.50665230031
2968.71254526275
2839.83722703538
2630.08613720141
2356.55505428413
2050.80531882453
1739.13800485127
1455.74443977219
1224.95301681871
1070.43458523869
1008.62722187338
1043.47605376579
1173.00851906548
1385.38921145438
1659.57738602796
1965.32692601396
2277.6518815822
2562.36088075624
2791.83775420097
2947.01414765719
3009.47923409065
2968.71254526275
2841.15228114587
2628.1135568
2354.58247483591
2047.51768811055
1736.50790159255
1453.77186317771
1223.63796619557
1070.43458523869
1010.59979721928
1045.44862920558
1178.26872119636
1386.70426238423
1660.89243749921
1964.66939996158
2275.02177600934
2560.3883005946
2789.8651732169
2943.06898455191
3007.50665230031
2970.6851269075
2843.12486231763
2628.77108359969
2358.52763373907
2048.83274039401
1739.13800485127
1451.79928658901
1223.63796619557
1067.80448456319
1005.33959630864
1042.16100347556
1177.61119592788
1386.70426238423
1661.54996323583
1965.98445206704
2277.6518815822
2563.01840747834
2793.15280819435
2945.04156610087
3006.19159777755
2968.71254526275
2839.17969998135
2626.79850320296
2356.55505428413
2048.83274039401
1740.45305648468
1456.40196530496
1225.6105421312
1069.77706006892
1009.28474698809
1041.50347833133
1174.98109486
1384.07416052707
1658.26233455937
1962.03929575908
2275.67930240145
2561.04582731438
2793.15280819435
2945.69909328549
3008.82170682638
2970.6851269075
2844.43991643617
2628.1135568
2356.55505428413
2048.17521425192
1738.48047903558
1451.79928658901
1222.32291557488
1066.48943422902
1010.59979721928
1045.44862920558
1176.95367066
1386.70426238423
1662.20748897312
1966.64197812082
2276.99435518788
2560.3883005946
2789.20764622381
2944.38403891707
3006.19159777755
2968.71254526275
2841.80980820232
2626.14097640561
2358.52763373907
2047.51768811055
1740.45305648468
1455.74443977219
1224.95301681871
1067.80448456319
1007.96969675926
1043.47605376579
1175.63862012606
1384.73168599041
1659.57738602796
1964.66939996158
2278.30940797727
2561.70335403492
2793.81033519224
2945.69909328549
3009.47923409065
2969.37007247685
2841.80980820232
2626.79850320296
2357.21258076836
2046.86016196988
1737.82295322056
1452.45681211794
1223.63796619557
1071.09211040905
1010.59979721928
1046.10615435336
1174.98109486
1388.01931331661
1660.89243749921
1965.32692601396
2275.67930240145
2557.75819372322
2790.52270021079
2942.41145737056
3008.16417956293
2970.6851269075
2843.12486231763
2629.42861040016
2359.18516022555
2050.14779268031
1740.45305648468
1450.48423553308
1223.63796619557
1067.14695939581
1007.96969675926
1041.50347833133
1175.63862012606
1386.04673691899
1661.54996323583
1967.2995041753
2279.62446076961
2561.70335403492
2793.15280819435
2944.38403891707
3006.19159777755
2967.39749083702
2841.15228114587
2624.16839601823
2355.2400013179
2050.14779268031
1739.79553066764
1455.74443977219
1224.29549150683
1072.40716075156
1011.91484745283
1044.79110405839
1176.29614539272
1385.38921145438
1658.91986029333
1964.66939996158
2275.02177600934
2560.3883005946
2792.49528119726
2949.64425641039
3006.84912503852
2973.97276299849
2843.12486231763
2628.77108359969
2357.21258076836
2047.51768811055
1737.82295322056
1452.45681211794
1221.00786495665
1068.46200973117
1008.62722187338
1046.76367950174
1176.95367066
1388.67683878375
1661.54996323583
1967.95703023049
2277.6518815822
2560.3883005946
2789.8651732169
2944.38403891707
3004.21901599958
2968.71254526275
2839.83722703538
2627.45603000109
2357.87010725334
2049.4902665368
1741.11058230239
1455.08691424006
1226.92559275802
1069.11953489975
1007.31217164572
1042.81852862038
1174.32356959456
1385.38921145438
1657.60480882608
1967.2995041753
2277.6518815822
2563.01840747834
2793.15280819435
2947.67167484426
3008.82170682638
2970.6851269075
2841.80980820232
2627.45603000109
2354.58247483591
2048.83274039401
1736.50790159255
1451.79928658901
1224.95301681871
1070.43458523869
1008.62722187338
1046.10615435336
1177.61119592788
1387.3617878501
1661.54996323583
1964.0118739099
2273.70672322734
2560.3883005946
2788.55011923152
2944.38403891707
3008.82170682638
2969.37007247685
2842.46733525957
2630.08613720141
2355.89752780064
2051.46284496946
1739.79553066764
1453.11433764751
1223.63796619557
1067.80448456319
1004.68207119745
1046.10615435336
1174.98109486
1386.70426238423
1660.89243749921
1966.64197812082
2278.96693437307
2561.70335403492
2792.49528119726
2945.69909328549
3005.5340705174
2970.02759969176
2839.17969998135
2627.45603000109
2356.55505428413
2047.51768811055
1741.11058230239
1453.77186317771
1226.2680674443
1070.43458523869
1009.94227210339
1045.44862920558
1171.69346853884
1386.70426238423
1658.26233455937
1962.69682180865
2275.67930240145
2559.7307738756
2792.49528119726
2944.38403891707
3010.13676135575
2970.6851269075
2841.80980820232
2629.42861040016
2354.58247483591
2048.17521425192
1736.50790159255
1453.77186317771
1221.66539026546
1069.77706006892
1009.94227210339
1046.76367950174
1177.61119592788
1388.01931331661
1660.89243749921
1967.95703023049
2276.3368287943
2559.07324715737
2789.20764622381
2944.38403891707
3005.5340705174
2968.71254526275
2839.83722703538
2628.77108359969
2357.87010725334
2048.17521425192
1742.42563393985
1455.74443977219
1224.29549150683
1068.46200973117
1005.33959630864
1042.16100347556
1171.03594327643
1386.70426238423
1658.26233455937
1965.98445206704
2278.96693437307
2561.70335403492
2792.49528119726
2947.01414765719
3010.13676135575
2970.6851269075
2839.17969998135
2625.48344960904
2353.92494835467
2048.83274039401
1735.19284996723
1453.77186317771
1225.6105421312
1069.77706006892
1011.91484745283
1045.44862920558
1178.26872119636
1388.01931331661
1658.91986029333
1964.66939996158
2276.3368287943
2560.3883005946
2790.52270021079
2943.72651173408
3008.82170682638
2970.02759969176
2841.80980820232
2628.77108359969
2357.87010725334
2049.4902665368
1738.48047903558
1455.74443977219
1224.29549150683
1069.11953489975
1004.02454608686
1042.81852862038
1171.69346853884
1388.67683878375
1660.89243749921
1967.2995041753
2276.99435518788
2561.70335403492
2793.15280819435
2946.35662047093
3004.87654325808
2968.05501804947
2839.83722703538
2626.79850320296
2355.2400013179
2048.83274039401
1739.13800485127
1455.08691424006
1224.95301681871
1072.40716075156
1010.59979721928
1044.13357891179
1174.98109486
1386.04673691899
1658.91986029333
1964.0118739099
2274.36424961797
2559.7307738756
2790.52270021079
2945.69909328549
3006.84912503852
2971.34265412406
2843.12486231763
2630.08613720141
2358.52763373907
2050.80531882453
1738.48047903558
1452.45681211794
1221.66539026546
1067.80448456319
1007.31217164572
1045.44862920558
1176.29614539272
1388.67683878375
1660.89243749921
1966.64197812082
2276.3368287943
2561.70335403492
2789.8651732169
2943.06898455191
3006.84912503852
2968.05501804947
2838.52217292812
2627.45603000109
2357.21258076836
2049.4902665368
1739.13800485127
1455.74443977219
1225.6105421312
1071.74963558001
1009.94227210339
1044.79110405839
1174.98109486
1385.38921145438
1658.26233455937
1964.0118739099
2275.67930240145
2559.7307738756
2791.83775420097
2946.35662047093
3007.50665230031
2972.65770855963
2841.80980820232
2630.08613720141
2355.2400013179
2048.83274039401
1737.82295322056
1453.77186317771
1222.98044088492
1067.80448456319
1007.96969675926
1046.10615435336
1176.95367066
1388.01931331661
1658.91986029333
1966.64197812082
2277.6518815822
2559.7307738756
2791.18022720549
2943.06898455191
3005.5340705174
2968.71254526275
2839.17969998135
2628.1135568
2357.21258076836
2049.4902665368
1739.79553066764
1455.08691424006
1225.6105421312
1071.09211040905
1007.96969675926
1042.81852862038
1173.66604432972
1386.04673691899
1656.28975736148
1964.0118739099
2276.3368287943
2561.04582731438
2791.18022720549
2945.69909328549
3008.16417956293
2972.00018134144
2841.15228114587
2628.77108359969
2355.2400013179
2048.83274039401
1737.82295322056
1451.79928658901
1222.32291557488
1069.11953489975
1008.62722187338
1047.42120465071
1177.61119592788
1388.01931331661
1660.23491176325
1967.95703023049
2276.99435518788
2561.04582731438
2789.8651732169
2943.72651173408
3006.84912503852
2970.02759969176
2840.49475409022
2627.45603000109
2356.55505428413
2049.4902665368
1739.79553066764
1455.74443977219
1226.2680674443
1072.40716075156
1008.62722187338
1043.47605376579
1173.66604432972
1385.38921145438
1657.60480882608
1962.69682180865
2275.67930240145
2559.7307738756
2791.83775420097
2946.35662047093
3008.82170682638
2972.65770855963
2842.46733525957
2629.42861040016
2355.89752780064
2048.17521425192
1737.16542740622
1452.45681211794
1222.32291557488
1068.46200973117
1006.65464653277
1044.79110405839
1176.95367066
1388.01931331661
1659.57738602796
1965.98445206704
2276.99435518788
2562.36088075624
2790.52270021079
2945.04156610087
3007.50665230031
2969.37007247685
2837.86464587569
2627.45603000109
2355.2400013179
2049.4902665368
1739.79553066764
1455.08691424006
1224.95301681871
1071.09211040905
1009.94227210339
1045.44862920558
1173.66604432972
1387.3617878501
1657.60480882608
1964.66939996158
2274.36424961797
2559.07324715737
2791.83775420097
2946.35662047093
3009.47923409065
2971.34265412406
2841.80980820232
2630.08613720141
2357.21258076836
2049.4902665368
1739.79553066764
1453.77186317771
1222.98044088492
1067.80448456319
1005.99712142041
1044.79110405839
1174.98109486
1389.33436425152
1660.89243749921
1967.2995041753
2276.99435518788
2562.36088075624
2791.83775420097
2943.72651173408
3006.19159777755
2968.71254526275
2838.52217292812
2627.45603000109
2356.55505428413
2050.80531882453
1740.45305648468
1456.40196530496
1225.6105421312
1071.09211040905
1008.62722187338
1044.13357891179
1174.32356959456
1386.70426238423
1656.28975736148
1964.66939996158
2275.02177600934
2559.07324715737
2791.18022720549
2945.69909328549
3008.16417956293
2972.65770855963
2841.80980820232
2631.40119080625
2355.2400013179
2049.4902665368
1737.16542740622
1454.42938870856
1221.00786495665
1067.80448456319
1006.65464653277
1046.10615435336
1174.98109486
1388.67683878375
1660.89243749921
1968.61455628637
2277.6518815822
2563.01840747834
2788.55011923152
2945.69909328549
3004.21901599958
2969.37007247685
2837.86464587569
2627.45603000109
2356.55505428413
2050.14779268031
1737.82295322056
1456.40196530496
1224.29549150683
1071.74963558001
1007.96969675926
1043.47605376579
1172.35099380186
1385.38921145438
1656.94728309344
1964.0118739099
2273.70672322734
2561.04582731438
2791.83775420097
2947.67167484426
3008.16417956293
2972.65770855963
2842.46733525957
2630.08613720141
2354.58247483591
2050.14779268031
1737.82295322056
1454.42938870856
1221.66539026546
1068.46200973117
1007.31217164572
1046.10615435336
1176.29614539272
1388.01931331661
1660.23491176325
1967.95703023049
2275.67930240145
2560.3883005946
2789.8651732169
2943.72651173408
3004.21901599958
2968.71254526275
2837.20711882407
2628.1135568
2355.2400013179
2050.80531882453
1739.13800485127
1455.74443977219
1223.63796619557
1071.09211040905
1005.99712142041
1043.47605376579
1173.00851906548
1385.38921145438
1657.60480882608
1965.98445206704
2277.6518815822
2561.70335403492
2791.18022720549
2947.01414765719
3008.82170682638
2972.00018134144
2839.83722703538
2628.1135568
2354.58247483591
2049.4902665368
1736.50790159255
1453.77186317771
1223.63796619557
1071.09211040905
1009.94227210339
1047.42120465071
1175.63862012606
1388.67683878375
1658.91986029333
1966.64197812082
2274.36424961797
2559.07324715737
2788.55011923152
2943.06898455191
3006.19159777755
2972.00018134144
2841.15228114587
2630.08613720141
2356.55505428413
2050.80531882453
1740.45305648468
1455.74443977219
1221.66539026546
1067.80448456319
1005.99712142041
1042.81852862038
1173.00851906548
1388.01931331661
1660.23491176325
1966.64197812082
2276.99435518788
2563.6759342012
2791.83775420097
2945.04156610087
3005.5340705174
2969.37007247685
2837.20711882407
2627.45603000109
2354.58247483591
2050.14779268031
1738.48047903558
1457.05949083838
1224.95301681871
1071.74963558001
1009.28474698809
1046.10615435336
1174.32356959456
1386.04673691899
1657.60480882608
1965.32692601396
2273.70672322734
2559.07324715737
2791.18022720549
2947.67167484426
3008.16417956293
2972.65770855963
2841.80980820232
2631.40119080625
2355.2400013179
2048.17521425192
1737.16542740622
1454.42938870856
1222.98044088492
1068.46200973117
1007.31217164572
1046.10615435336
1176.29614539272
1388.01931331661
1660.23491176325
1966.64197812082
2276.99435518788
2561.04582731438
2791.18022720549
2944.38403891707
3004.87654325808
2969.37007247685
2838.52217292812
2629.42861040016
2357.87010725334
2051.46284496946
1739.13800485127
1456.40196530496
1224.29549150683
1071.74963558001
1005.33959630864
1042.16100347556
1172.35099380186
1386.04673691899
1655.63223163018
1965.32692601396
2277.6518815822
2562.36088075624
2792.49528119726
2947.01414765719
3008.82170682638
2970.6851269075
2839.17969998135
2628.1135568
2354.58247483591
2047.51768811055
1735.85037577955
1452.45681211794
1224.29549150683
1071.09211040905
1009.28474698809
1045.44862920558
1176.95367066
1388.67683878375
1658.26233455937
1965.32692601396
2275.02177600934
2559.7307738756
2788.55011923152
2944.38403891707
3006.84912503852
2972.00018134144
2842.46733525957
2630.08613720141
2356.55505428413
2050.80531882453
1739.13800485127
1453.77186317771
1222.98044088492
1067.80448456319
1005.33959630864
1043.47605376579
1174.32356959456
1388.67683878375
1660.23491176325
1966.64197812082
2278.30940797727
2563.01840747834
2791.18022720549
2945.04156610087
3005.5340705174
2969.37007247685
2837.86464587569
2626.14097640561
2354.58247483591
2050.14779268031
1739.13800485127
1455.74443977219
1225.6105421312
1072.40716075156
1008.62722187338
1043.47605376579
1173.00851906548
1385.38921145438
1657.60480882608
1964.0118739099
2274.36424961797
2561.04582731438
2791.83775420097
2946.35662047093
3009.47923409065
2972.00018134144
2841.80980820232
2628.77108359969
2354.58247483591
2048.17521425192
1737.16542740622
1452.45681211794
1222.32291557488
1071.74963558001
1009.94227210339
1046.76367950174
1177.61119592788
1389.33436425152
1660.89243749921
1965.98445206704
2275.67930240145
2560.3883005946
2790.52270021079
2943.06898455191
3006.84912503852
2971.34265412406
2841.80980820232
2628.77108359969
2358.52763373907
2052.12037111511
1741.11058230239
1455.74443977219
1223.63796619557
1069.11953489975
1006.65464653277
1043.47605376579
1173.66604432972
1386.70426238423
1662.20748897312
1967.2995041753
2276.99435518788
2563.01840747834
2793.15280819435
2944.38403891707
3006.84912503852
2969.37007247685
2837.86464587569
2628.1135568
2355.2400013179
2048.17521425192
1739.13800485127
1455.74443977219
1224.29549150683
1072.40716075156
1011.25732233576
1046.76367950174
1174.98109486
1384.73168599041
1657.60480882608
1965.32692601396
2275.02177600934
2559.7307738756
2792.49528119726
2945.69909328549
3008.16417956293
2972.00018134144
2843.7823893765
2630.08613720141
2357.87010725334
2047.51768811055
1737.16542740622
1453.11433764751
1223.63796619557
1068.46200973117
1009.28474698809
1047.42120465071
1177.61119592788
1388.01931331661
1660.89243749921
1966.64197812082
2278.30940797727
2559.07324715737
2789.8651732169
2943.06898455191
3006.19159777755
2969.37007247685
2841.15228114587
2629.42861040016
2358.52763373907
2051.46284496946
1739.13800485127
1455.74443977219
1223.63796619557
1069.11953489975
1005.33959630864
1042.81852862038
1173.00851906548
1386.70426238423
1658.91986029333
1967.2995041753
2277.6518815822
2563.6759342012
2792.49528119726
2947.01414765719
3006.84912503852
2969.37007247685
2838.52217292812
2625.48344960904
2353.26742187417
2047.51768811055
1739.13800485127
1455.74443977219
1225.6105421312
1071.09211040905
1011.25732233576
1046.10615435336
1176.95367066
1385.38921145438
1658.91986029333
1964.66939996158
2274.36424961797
2559.07324715737
2791.18022720549
2945.69909328549
3009.47923409065
8.53215776126459
9.18968207102955
8.53215776126459
7.87463345196976
7.21710914314488
5.90206052690478
4.58701191254363
6.55958483478997
5.24453621948939
6.55958483478997
9.18968207102955
8.53215776126459
9.84720638126452
8.53215776126459
10.5047306919697
7.87463345196976
6.55958483478997
6.55958483478997
6.55958483478997
4.58701191254363
7.21710914314488
5.90206052690478
8.53215776126459
7.21710914314488
10.5047306919697
9.18968207102955
10.5047306919697
7.21710914314488
6.55958483478997
4.58701191254363
7.21710914314488
4.58701191254363
6.55958483478997
6.55958483478997
8.53215776126459
7.87463345196976
9.84720638126452
10.5047306919697
10.5047306919697
8.53215776126459
7.21710914314488
5.24453621948939
5.90206052690478
5.24453621948939
6.55958483478997
5.90206052690478
6.55958483478997
9.84720638126452
11.1622550031452
10.5047306919697
9.84720638126452
9.84720638126452
7.87463345196976
5.90206052690478
5.24453621948939
5.24453621948939
5.90206052690478
5.90206052690478
8.53215776126459
9.18968207102955
9.84720638126452
7.87463345196976
8.53215776126459
9.84720638126452
7.87463345196976
5.90206052690478
3.92948760606743
4.58701191254363
5.90206052690478
4.58701191254363
6.55958483478997
8.53215776126459
8.53215776126459
9.18968207102955
9.84720638126452
7.87463345196976
7.87463345196976
5.90206052690478
5.90206052690478
5.24453621948939
4.58701191254363
5.90206052690478
6.55958483478997
7.21710914314488
10.5047306919697
7.87463345196976
11.1622550031452
9.84720638126452
9.18968207102955
7.21710914314488
5.90206052690478
4.58701191254363
4.58701191254363
5.24453621948939
4.58701191254363
8.53215776126459
8.53215776126459
9.84720638126452
9.84720638126452
10.5047306919697
4352.15173881013
4136.48224275787
3783.38941715609
3323.11983459913
2803.67324025652
2272.39167044829
1788.45244295655
1391.30694065864
1126.3242268538
1011.91484745283
1065.17438389723
1278.21256912637
1633.93388286975
2089.59936259563
2609.70280672502
3137.69706648396
3624.92512582181
4021.41471861435
4291.00153570159
4405.41160006052
4353.46679703473
4139.76988673404
3786.01953032139
3327.06500061678
2805.64582129099
2275.02177600934
1788.45244295655
1389.33436425152
1121.06402510528
1007.96969675926
1061.88675807815
1275.58246768268
1633.27635716101
2092.22946734813
2612.33291384122
3142.29975849371
3629.52782233999
4022.72977586892
4292.97412276648
4402.78148330344
4350.17915148062
4137.13977155118
3783.38941715609
3325.09241760407
2806.30334830408
2276.3368287943
1791.08254642939
1394.5945680165
1126.3242268538
1011.91484745283
1062.54428324078
1276.89751840329
1631.30378003876
2087.62678403877
2607.73022639603
3138.3545939114
3626.24018196538
4024.04483312727
4294.28918081462
4406.06912925227
4352.15173881013
4141.74247313124
3784.70447373691
3325.09241760407
2802.35818623755
2273.70672322734
1788.45244295655
1389.99188971992
1124.35165119359
1010.59979721928
1066.48943422902
1280.84267058
1632.61883145293
2094.20204592003
2611.675387061
3138.3545939114
3624.92512582181
4024.70236175787
4288.37141962874
4404.75407086977
4350.83668058947
4138.45482914069
3783.38941715609
3327.72252828941
2806.30334830408
2276.3368287943
1791.08254642939
1394.5945680165
1121.06402510528
1008.62722187338
1064.51685873222
1276.23999304267
1629.33120292247
2092.22946734813
2613.64796740399
3142.29975849371
3628.21276618745
4026.67494765532
4292.97412276648
4406.06912925227
4352.15173881013
4138.45482914069
3782.07436057895
3324.4348899349
2802.35818623755
2273.70672322734
1791.08254642939
1391.30694065864
1125.66670163313
1013.88742280756
1065.83190906283
1276.89751840329
1633.93388286975
2089.59936259563
2609.04527994791
3139.66964876881
3624.26759775138
4020.09966136355
4295.60423886667
4405.41160006052
4352.80926792194
4141.08494433121
3787.33458690954
3325.74994527411
2806.96087531797
2273.70672322734
1788.45244295655
1392.62199159988
1121.06402510528
1008.62722187338
1065.83190906283
1276.89751840329
1632.61883145293
2093.54451972868
2610.3603335029
3141.64223106123
3626.8977100385
4021.41471861435
4292.97412276648
4402.78148330344
4351.49420969931
4137.13977155118
3781.41683229175
3325.09241760407
2805.64582129099
2275.67930240145
1791.08254642939
1392.62199159988
1125.00917641306
1011.25732233576
1063.201808404
1272.9523662489
1632.61883145293
2088.94183640929
2607.73022639603
3139.01212133969
3628.21276618745
4022.07224724116
4293.63165179006
4408.69924602915
4352.15173881013
4140.42741553215
3784.70447373691
3323.77736226658
2803.01571324664
2276.99435518788
1784.50728776769
1390.64941518896
1123.69412597472
1009.28474698809
1065.17438389723
1280.84267058
1631.96130574552
2091.57194115893
2612.99044062221
3142.29975849371
3624.92512582181
4020.75718998848
4294.28918081462
4402.12395411665
4349.52162237274
4137.79730034546
3787.33458690954
3324.4348899349
2805.64582129099
2276.99435518788
1793.05512404118
1391.30694065864
1124.35165119359
1010.59979721928
1060.57170775469
1274.26741696455
1630.64625433267
2091.57194115893
2609.70280672502
3138.3545939114
3628.21276618745
4026.67494765532
4294.94670984016
4405.41160006052
4354.78185526326
4137.13977155118
3781.41683229175
3323.11983459913
2806.30334830408
2271.07661767218
1789.76749469161
1393.93704254366
1123.69412597472
1010.59979721928
1067.14695939581
1278.21256912637
1632.61883145293
2090.25688878268
2610.3603335029
3138.3545939114
3624.92512582181
4022.07224724116
4292.31659374387
4404.75407086977
4352.15173881013
4139.11235793689
3787.99211520498
3327.06500061678
2806.30334830408
2277.6518815822
1787.79491709004
1388.67683878375
1121.06402510528
1010.59979721928
1059.2566574336
1278.87009448885
1634.59140857915
2090.91441497044
2612.33291384122
3140.98470362958
3628.87029426327
4025.3598903894
4291.65906472224
4402.78148330344
4350.83668058947
4136.48224275787
3780.75930400546
3323.77736226658
2806.30334830408
2273.04919683744
1793.05512404118
1393.27951707145
1125.00917641306
1011.91484745283
1063.85933356781
1275.58246768268
1629.98872862724
2090.91441497044
2609.70280672502
3136.38201163159
3626.8977100385
4024.70236175787
4292.97412276648
4404.75407086977
4354.1243261485
4139.11235793689
3784.04694544604
3321.80477926681
2804.9882942787
2275.67930240145
1786.47986535906
1390.64941518896
1123.69412597472
1010.59979721928
1066.48943422902
1279.52761985194
1633.27635716101
2091.57194115893
2610.3603335029
3138.3545939114
3624.92512582181
4024.04483312727
4288.37141962874
4403.43901249123
4354.78185526326
4136.48224275787
3787.99211520498
3326.40747294502
2806.96087531797
2278.30940797727
1788.45244295655
1388.67683878375
1122.3790755388
1009.94227210339
1061.88675807815
1276.23999304267
1635.90645999995
2092.88699353805
2611.675387061
3141.64223106123
3628.21276618745
4024.04483312727
4293.63165179006
4400.80889574602
4350.83668058947
4135.82471396551
3782.73188886706
3325.09241760407
2804.9882942787
2278.96693437307
1789.76749469161
1393.27951707145
1125.66670163313
1008.62722187338
1063.85933356781
1276.89751840329
1628.01615151492
2090.25688878268
2610.3603335029
3139.01212133969
3628.87029426327
4022.72977586892
4294.94670984016
4406.06912925227
4354.78185526326
4140.42741553215
3783.38941715609
3324.4348899349
2803.01571324664
2271.73414405987
1788.45244295655
1391.30694065864
1123.69412597472
1011.91484745283
1065.17438389723
1278.87009448885
1634.59140857915
2090.25688878268
2612.33291384122
3138.3545939114
3623.61006968184
4022.72977586892
4290.34400668192
4404.09654168
4354.1243261485
4135.16718517411
3787.33458690954
3325.74994527411
2806.96087531797
2278.30940797727
1787.1373912242
1392.62199159988
1120.40649988942
1008.62722187338
1061.88675807815
1276.23999304267
1633.27635716101
2088.94183640929
2611.01786028156
3140.98470362958
3628.21276618745
4024.04483312727
4294.94670984016
4402.78148330344
4351.49420969931
4137.13977155118
3782.73188886706
3320.48972393793
2806.96087531797
2276.99435518788
1789.10996882374
1394.5945680165
1124.35165119359
1011.91484745283
1065.83190906283
1276.23999304267
1631.96130574552
2088.28431022367
2607.73022639603
3137.03953905736
3626.8977100385
4022.72977586892
4294.28918081462
4404.75407086977
4355.439384379
4140.42741553215
3784.04694544604
3323.11983459913
2804.9882942787
2275.67930240145
1787.1373912242
1389.99188971992
1126.3242268538
1009.28474698809
1063.85933356781
1280.84267058
1632.61883145293
2091.57194115893
2612.99044062221
3135.72448420667
3626.24018196538
4021.41471861435
4289.68647766322
4404.75407086977
4349.52162237274
4136.48224275787
3786.677058615
3326.40747294502
2806.96087531797
2278.96693437307
1789.76749469161
1389.99188971992
1124.35165119359
1007.96969675926
1061.88675807815
1274.9249423233
1631.96130574552
2090.91441497044
2614.30549418654
3139.66964876881
3628.21276618745
4026.01741902189
4290.34400668192
4405.41160006052
4349.52162237274
4135.16718517411
3784.04694544604
3322.46230693254
2807.61840233266
2275.67930240145
1788.45244295655
1394.5945680165
1124.35165119359
1012.57237257048
1067.14695939581
1272.9523662489
1632.61883145293
2088.94183640929
2607.73022639603
3137.69706648396
3625.58265389315
4025.3598903894
4294.28918081462
4404.75407086977
4354.1243261485
4138.45482914069
3784.04694544604
3325.09241760407
2804.9882942787
2274.36424961797
1786.47986535906
1391.96446612894
1123.69412597472
1007.96969675926
1067.80448456319
1280.18514521566
1633.93388286975
2092.22946734813
2613.64796740399
3137.69706648396
3624.92512582181
4021.41471861435
4290.34400668192
4402.78148330344
4354.1243261485
4137.79730034546
3786.01953032139
3326.40747294502
2806.30334830408
2277.6518815822
1789.76749469161
1390.64941518896
1123.69412597472
1007.96969675926
1062.54428324078
1276.23999304267
1631.96130574552
2088.28431022367
2611.01786028156
3140.98470362958
3626.8977100385
4024.70236175787
4295.60423886667
4404.09654168
4350.83668058947
4138.45482914069
3781.41683229175
3321.80477926681
2804.9882942787
2275.02177600934
1788.45244295655
1393.93704254366
1125.66670163313
1009.94227210339
1066.48943422902
1274.26741696455
1631.30378003876
2090.25688878268
2609.70280672502
3136.38201163159
3626.8977100385
4022.72977586892
4293.63165179006
4408.04171683344
4352.15173881013
4139.76988673404
3786.677058615
3324.4348899349
2804.9882942787
2275.67930240145
1787.1373912242
1389.99188971992
1124.35165119359
1008.62722187338
1066.48943422902
1278.87009448885
1633.27635716101
2090.25688878268
2612.99044062221
3141.64223106123
3622.29501354546
4024.70236175787
4290.34400668192
4403.43901249123
4350.83668058947
4135.16718517411
3784.70447373691
3327.72252828941
2804.9882942787
2277.6518815822
1791.08254642939
1392.62199159988
1126.3242268538
1008.62722187338
1062.54428324078
1274.9249423233
1631.30378003876
2090.25688878268
2611.675387061
3139.66964876881
3629.52782233999
4026.67494765532
4292.97412276648
4405.41160006052
4352.15173881013
4137.13977155118
3781.41683229175
3323.77736226658
2804.33076726721
2273.04919683744
1790.42502056016
1390.64941518896
1124.35165119359
1011.91484745283
1066.48943422902
1279.52761985194
1635.24893428922
2090.25688878268
2607.07269962126
3140.98470362958
3624.26759775138
4022.72977586892
4291.00153570159
4405.41160006052
4352.15173881013
4140.42741553215
3784.04694544604
3328.3800559629
2807.61840233266
2276.3368287943
1787.79491709004
1393.27951707145
1121.72155032174
1006.65464653277
1063.85933356781
1277.55504376452
1631.96130574552
2090.91441497044
2611.01786028156
3140.98470362958
3626.8977100385
4026.01741902189
4291.00153570159
4403.43901249123
4350.17915148062
4134.50965638366
3783.38941715609
3325.74994527411
2804.33076726721
2276.3368287943
1789.76749469161
1395.90961896409
1121.72155032174
1011.25732233576
1063.201808404
1275.58246768268
1629.33120292247
2088.28431022367
2610.3603335029
3139.01212133969
3625.58265389315
4024.04483312727
4294.28918081462
4406.06912925227
4353.46679703473
4139.76988673404
3782.73188886706
3320.48972393793
2804.33076726721
2274.36424961797
1787.79491709004
1389.99188971992
1123.03660075646
1011.91484745283
1063.85933356781
1280.84267058
1635.24893428922
2092.22946734813
2609.70280672502
3140.32717619878
3623.61006968184
4024.04483312727
4291.00153570159
4401.46642493084
4354.1243261485
4140.42741553215
3784.04694544604
3329.03758363725
2805.64582129099
2275.67930240145
1790.42502056016
1390.64941518896
1121.72155032174
1010.59979721928
1061.22923291612
1274.9249423233
1632.61883145293
2089.59936259563
2614.96302096987
3139.01212133969
3630.18535041761
4024.04483312727
4291.65906472224
4402.78148330344
4352.80926792194
4133.19459880565
3783.38941715609
3325.09241760407
2804.9882942787
2276.3368287943
1790.42502056016
1392.62199159988
1123.03660075646
1012.57237257048
1065.17438389723
1274.26741696455
1631.30378003876
2090.91441497044
2607.73022639603
3138.3545939114
3622.95254161321
4026.67494765532
4291.65906472224
4404.09654168
4355.439384379
4139.76988673404
3783.38941715609
3324.4348899349
2804.33076726721
2273.70672322734
1789.10996882374
1389.33436425152
1119.74897467416
1012.57237257048
1065.17438389723
1276.23999304267
1631.96130574552
2093.54451972868
2609.04527994791
3140.32717619878
3625.58265389315
4024.04483312727
4287.05636159818
4406.06912925227
4350.17915148062
4138.45482914069
3781.41683229175
3329.69511131247
2802.35818623755
2280.9395135649
1788.45244295655
1393.27951707145
1118.43392424546
1014.54494792698
1056.62655679856
1277.55504376452
1628.67367721836
2094.20204592003
2607.07269962126
3143.61481336121
3624.26759775138
4029.30506219848
4288.37141962874
4410.67183362221
4348.20656415995
4138.45482914069
3780.1017757201
3328.3800559629
2799.72807820921
2278.30940797727
1787.79491709004
1393.27951707145
1121.06402510528
1017.83257353293
1062.54428324078
1280.18514521566
1629.33120292247
2093.54451972868
2605.75764607404
3142.95728592704
3620.97995741267
4027.33247628969
4290.34400668192
4408.69924602915
4352.15173881013
4141.08494433121
3783.38941715609
3329.03758363725
2801.70065922927
2280.9395135649
1782.53471018244
1395.25209348998
1119.74897467416
1009.94227210339
1064.51685873222
1281.50019594495
1629.98872862724
2096.17462449838
2608.38775317158
3144.27234079621
3624.26759775138
4026.01741902189
4289.02894864549
4404.75407086977
4347.54903505503
4137.13977155118
3780.75930400546
3326.40747294502
2803.67324025652
2279.62446076961
1787.79491709004
1395.90961896409
1122.3790755388
1014.54494792698
1061.88675807815
1275.58246768268
1629.33120292247
2091.57194115893
2609.70280672502
3142.95728592704
3625.58265389315
4027.99000492501
4290.34400668192
4408.69924602915
4352.15173881013
4139.11235793689
3784.04694544604
3325.74994527411
2803.01571324664
2275.67930240145
1785.1648136308
1393.27951707145
1120.40649988942
1013.22989768873
1066.48943422902
1277.55504376452
1633.93388286975
2092.88699353805
2612.33291384122
3140.98470362958
3623.61006968184
4024.70236175787
4289.02894864549
4404.09654168
4350.17915148062
4135.82471396551
3786.01953032139
3325.09241760407
2803.01571324664
2279.62446076961
1789.76749469161
1394.5945680165
1123.69412597472
1007.96969675926
1065.17438389723
1275.58246768268
1630.64625433267
2090.91441497044
2611.01786028156
3139.01212133969
3627.55523811253
4023.38730449762
4294.28918081462
4408.04171683344
4350.83668058947
4139.11235793689
3782.73188886706
3324.4348899349
2803.67324025652
2272.39167044829
1787.1373912242
1389.99188971992
1123.03660075646
1012.57237257048
1065.17438389723
1278.21256912637
1635.90645999995
2093.54451972868
2611.01786028156
3140.32717619878
3625.58265389315
4021.41471861435
4290.34400668192
4402.78148330344
4350.17915148062
4138.45482914069
3786.01953032139
3324.4348899349
2807.61840233266
2275.67930240145
1791.08254642939
1393.27951707145
1123.03660075646
1009.28474698809
1062.54428324078
1274.26741696455
1630.64625433267
2089.59936259563
2609.04527994791
3139.01212133969
3626.8977100385
4024.70236175787
4296.91929692263
4406.726658445
4351.49420969931
4136.48224275787
3784.70447373691
3323.11983459913
2804.33076726721
2272.39167044829
1787.1373912242
1392.62199159988
1124.35165119359
1011.25732233576
1066.48943422902
1278.21256912637
1632.61883145293
2093.54451972868
2611.01786028156
3139.01212133969
3625.58265389315
4022.07224724116
4289.68647766322
4403.43901249123
4352.80926792194
4137.13977155118
3786.01953032139
3327.72252828941
2806.96087531797
2276.99435518788
1791.08254642939
1391.30694065864
1123.03660075646
1005.99712142041
1063.85933356781
1276.23999304267
1629.33120292247
2090.25688878268
2612.33291384122
3137.69706648396
3628.87029426327
4024.04483312727
4294.94670984016
4406.726658445
4349.52162237274
4135.82471396551
3784.04694544604
3323.11983459913
2806.30334830408
2271.73414405987
1791.08254642939
1392.62199159988
1125.66670163313
1012.57237257048
1063.85933356781
1276.89751840329
1631.96130574552
2088.28431022367
2610.3603335029
3136.38201163159
3625.58265389315
4021.41471861435
4290.34400668192
4406.726658445
4352.80926792194
4138.45482914069
3786.01953032139
3326.40747294502
2807.61840233266
2273.04919683744
1789.10996882374
1388.67683878375
1123.03660075646
1006.65464653277
1064.51685873222
1277.55504376452
1633.93388286975
2092.22946734813
2611.675387061
3138.3545939114
3629.52782233999
4022.07224724116
4291.65906472224
4400.80889574602
4349.52162237274
4137.79730034546
3782.73188886706
3323.11983459913
2807.61840233266
2274.36424961797
1791.74007229931
1393.93704254366
1126.98175207507
1011.25732233576
1062.54428324078
1274.9249423233
1632.61883145293
2087.62678403877
2609.04527994791
3135.72448420667
3626.8977100385
4024.70236175787
4295.60423886667
4405.41160006052
4354.1243261485
4139.11235793689
3786.01953032139
3322.46230693254
2804.9882942787
2273.04919683744
1788.45244295655
1389.33436425152
1123.69412597472
1012.57237257048
1066.48943422902
1276.89751840329
1634.59140857915
2090.25688878268
2613.64796740399
3138.3545939114
3625.58265389315
4021.41471861435
4289.68647766322
4401.46642493084
4351.49420969931
4136.48224275787
3787.33458690954
3323.77736226658
2807.61840233266
2278.30940797727
1790.42502056016
1391.30694065864
1123.69412597472
1006.65464653277
1063.201808404
1275.58246768268
1631.30378003876
2089.59936259563
2612.33291384122
3138.3545939114
3628.21276618745
4023.38730449762
4294.28918081462
4406.06912925227
4351.49420969931
4134.50965638366
3784.04694544604
3322.46230693254
2804.9882942787
2274.36424961797
1790.42502056016
1390.64941518896
1126.3242268538
1011.25732233576
1065.17438389723
1277.55504376452
1633.27635716101
2088.28431022367
2607.73022639603
3136.38201163159
3624.92512582181
4020.75718998848
4292.31659374387
4406.06912925227
8.53215776126459
9.18968207102955
7.87463345196976
8.53215776126459
7.87463345196976
5.90206052690478
7.21710914314488
5.24453621948939
3.27196330006074
8.53215776126459
10.5047306919697
7.87463345196976
9.18968207102955
8.53215776126459
8.53215776126459
10.5047306919697
8.53215776126459
7.21710914314488
6.55958483478997
5.24453621948939
5.90206052690478
5.90206052690478
5.90206052690478
7.21710914314488
8.53215776126459
7.87463345196976
9.18968207102955
11.1622550031452
7.21710914314488
8.53215776126459
6.55958483478997
5.24453621948939
7.87463345196976
4.58701191254363
6.55958483478997
7.87463345196976
8.53215776126459
9.18968207102955
10.5047306919697
7.21710914314488
7.87463345196976
9.84720638126452
6.55958483478997
4.58701191254363
7.21710914314488
4.58701191254363
5.24453621948939
7.21710914314488
7.87463345196976
9.84720638126452
9.18968207102955
11.1622550031452
9.84720638126452
7.87463345196976
9.18968207102955
5.90206052690478
6.55958483478997
6.55958483478997
4.58701191254363
6.55958483478997
7.21710914314488
7.87463345196976
8.53215776126459
9.18968207102955
7.87463345196976
8.53215776126459
9.18968207102955
5.90206052690478
7.87463345196976
5.90206052690478
5.24453621948939
5.90206052690478
8.53215776126459
7.87463345196976
9.18968207102955
9.84720638126452
7.87463345196976
7.87463345196976
7.87463345196976
6.55958483478997
6.55958483478997
6.55958483478997
5.90206052690478
5.90206052690478
7.87463345196976
5.90206052690478
8.53215776126459
8.53215776126459
7.21710914314488
9.18968207102955
6.55958483478997
7.21710914314488
7.21710914314488
5.90206052690478
5.90206052690478
4.58701191254363
8.53215776126459
5.90206052690478
9.84720638126452
9.18968207102955
5739.54047522265
5448.25419422187
4957.07894761858
4317.30269729019
3582.84333112043
2834.57701062563
2141.54393358552
1572.78399477965
1184.18644864015
1013.88742280756
1077.66736214544
1370.26612594295
1857.49266274237
2501.21089896603
3235.01113492618
3979.99041702613
4670.39594537598
5239.15943686998
5629.07522287123
5798.06077082155
5735.59528708304
5442.99394738384
4956.42141756987
4315.33011011674
3585.47344318193
2838.52217292812
2142.2014598294
1576.07162302692
1186.81654974211
1012.57237257048
1076.3523117934
1367.63602414898
1858.80771462122
2498.58079237119
3231.06596962825
3978.67535989404
4671.05347497303
5241.13202840217
5629.73275404011
5803.32102255855
5740.85553794503
5446.93913250568
4957.73647766834
4314.01505200601
3581.52827509504
2835.23453767403
2140.88640734237
1571.46894348532
1185.50149918991
1015.85999816759
1080.2974628567
1370.92365139302
1858.80771462122
2501.86842561665
3234.3536073744
3978.0178313294
4670.39594537598
5239.15943686998
5628.41769170348
5799.37583374887
5737.56788114768
5448.91172508163
4957.07894761858
4314.67258106089
3584.81591516522
2835.89206472324
2143.51651231931
1574.75657172605
1182.87139809282
1011.91484745283
1076.3523117934
1366.32097325578
1857.49266274237
2500.55337231617
3231.72349717578
3979.33288845962
4674.99865257679
5243.76215046034
5632.36287872698
5802.66349108738
5738.88294386318
5444.96653993975
4954.44882743006
4312.04246484725
3580.21321907322
2831.28937539568
2140.22888109994
1573.44152042779
1187.47407501912
1017.17504841056
1078.32488732236
1370.92365139302
1860.78029244467
2501.21089896603
3234.3536073744
3977.36030276571
4671.05347497303
5239.81696737962
5630.39028521013
5800.03336521426
5739.54047522265
5448.25419422187
4957.07894761858
4315.33011011674
3586.78849921804
2835.23453767403
2142.85898607399
1571.46894348532
1183.52892336618
1011.91484745283
1076.3523117934
1367.63602414898
1860.12276650283
2502.52595226804
3236.3261900323
3981.96300273132
4674.99865257679
5242.44708942908
5631.04781638128
5799.37583374887
5736.91034979165
5444.96653993975
4953.79129738557
4312.04246484725
3582.18580310729
2835.89206472324
2142.85898607399
1574.75657172605
1186.81654974211
1015.20247304699
1077.66736214544
1368.29354959652
1859.46524056168
2500.55337231617
3232.38102472415
3981.30547416199
4673.68359337145
5243.10461994416
5632.36287872698
5803.32102255855
5740.19800658327
5448.91172508163
4955.76388752221
4312.04246484725
3580.87074708369
2832.60442948525
2140.88640734237
1571.46894348532
1184.84397391472
1014.54494792698
1077.66736214544
1371.58117684372
1860.78029244467
2503.18347892019
3233.03855227338
3979.99041702613
4671.7110045711
5239.81696737962
5629.07522287123
5798.06077082155
5738.22541250485
5445.62407079395
4958.39400771917
4315.33011011674
3584.1583871494
2835.89206472324
2143.51651231931
1572.78399477965
1183.52892336618
1012.57237257048
1075.03726144373
1366.97849870206
1858.15018868145
2501.21089896603
3233.69607982346
3981.30547416199
4674.34112297361
5242.44708942908
5634.33547225406
5802.00595961737
5737.56788114768
5444.96653993975
4954.44882743006
4311.38493579628
3579.55569106365
2831.28937539568
2144.17403856535
1575.41409737616
1186.1590244657
1014.54494792698
1078.32488732236
1370.92365139302
1859.46524056168
2500.55337231617
3231.72349717578
3979.33288845962
4671.05347497303
5241.13202840217
5632.36287872698
5803.32102255855
5742.17060067201
5446.93913250568
4957.07894761858
4313.35752295211
3582.84333112043
2833.26195653124
2142.85898607399
1571.46894348532
1182.87139809282
1011.25732233576
1075.03726144373
1366.97849870206
1858.15018868145
2501.21089896603
3234.3536073744
3981.96300273132
4674.34112297361
5239.81696737962
5629.73275404011
5800.69089668081
5736.25281843677
5445.62407079395
4955.76388752221
4314.67258106089
3585.47344318193
2836.54959177325
2144.17403856535
1576.07162302692
1188.13160029674
1013.88742280756
1076.3523117934
1366.32097325578
1856.17761086628
2498.58079237119
3229.75091453575
3978.67535989404
4673.02606377031
5242.44708942908
5631.70534755356
5803.32102255855
5740.19800658327
5450.2267868045
4956.42141756987
4312.04246484725
3581.52827509504
2833.26195653124
2140.88640734237
1573.44152042779
1184.84397391472
1015.20247304699
1077.66736214544
1368.9510750447
1859.46524056168
2502.52595226804
3232.38102472415
3979.33288845962
4672.3685341702
5238.50190636143
5627.76016053687
5798.71830228463
5737.56788114768
5447.59666336322
4957.73647766834
4315.98763917358
3585.47344318193
2836.54959177325
2144.83156481211
1575.41409737616
1184.84397391472
1013.22989768873
1075.69478661827
1366.32097325578
1856.17761086628
2499.89584566708
3231.72349717578
3980.64794559359
4673.68359337145
5242.44708942908
5631.70534755356
5802.00595961737
5738.88294386318
5446.93913250568
4955.76388752221
4313.35752295211
3580.87074708369
2833.91948357803
2142.2014598294
1575.41409737616
1186.81654974211
1015.85999816759
1078.98241249988
1369.60860049351
1858.15018868145
2499.89584566708
3231.06596962825
3979.33288845962
4671.05347497303
5239.81696737962
5628.41769170348
5801.34842814851
5740.19800658327
5448.91172508163
4957.73647766834
4315.33011011674
3584.81591516522
2836.54959177325
2142.85898607399
1572.78399477965
1184.18644864015
1012.57237257048
1075.69478661827
1366.32097325578
1858.80771462122
2501.21089896603
3233.69607982346
3979.99041702613
4673.68359337145
5242.44708942908
5630.39028521013
5800.69089668081
5738.22541250485
5446.28160164926
4954.44882743006
4312.04246484725
3582.18580310729
2836.54959177325
2142.2014598294
1576.07162302692
1186.1590244657
1016.51752328878
1078.98241249988
1368.29354959652
1855.52008492926
2499.89584566708
3229.75091453575
3979.99041702613
4669.73841577995
5241.13202840217
5631.04781638128
5801.34842814851
5739.54047522265
5449.56925594251
4957.73647766834
4315.98763917358
3583.50085913447
2834.57701062563
2140.88640734237
1572.78399477965
1182.87139809282
1012.57237257048
1075.03726144373
1369.60860049351
1860.12276650283
2502.52595226804
3233.03855227338
3981.96300273132
4673.68359337145
5240.47449789035
5629.07522287123
5800.03336521426
5736.25281843677
5444.96653993975
4953.79129738557
4313.35752295211
3584.1583871494
2835.89206472324
2144.83156481211
1576.07162302692
1187.47407501912
1016.51752328878
1077.66736214544
1366.97849870206
1856.83513680398
2499.89584566708
3230.40844208157
3978.67535989404
4670.39594537598
5242.44708942908
5631.70534755356
5803.32102255855
5739.54047522265
5449.56925594251
4958.39400771917
4314.67258106089
3581.52827509504
2834.57701062563
2140.22888109994
1574.09904607659
1182.87139809282
1012.57237257048
1077.66736214544
1370.92365139302
1858.80771462122
2502.52595226804
3233.69607982346
3982.6205313016
4672.3685341702
5240.47449789035
5628.41769170348
5798.71830228463
5736.25281843677
5446.93913250568
4955.10635747561
4314.67258106089
3582.84333112043
2837.20711882407
2143.51651231931
1576.72914867834
1186.1590244657
1015.20247304699
1075.69478661827
1366.97849870206
1856.83513680398
2500.55337231617
3229.75091453575
3981.30547416199
4672.3685341702
5242.44708942908
5631.70534755356
5803.32102255855
5740.19800658327
5450.2267868045
4954.44882743006
4314.01505200601
3580.21321907322
2833.26195653124
2140.22888109994
1574.09904607659
1186.1590244657
1015.85999816759
1077.66736214544
1371.58117684372
1859.46524056168
2503.18347892019
3231.72349717578
3979.99041702613
4671.05347497303
5239.81696737962
5629.07522287123
5800.03336521426
5736.91034979165
5446.93913250568
4957.73647766834
4315.33011011674
3584.1583871494
2837.20711882407
2144.17403856535
1576.07162302692
1184.18644864015
1012.57237257048
1075.03726144373
1366.97849870206
1856.83513680398
2499.23831901875
3231.06596962825
3981.30547416199
4673.02606377031
5242.44708942908
5632.36287872698
5803.97855403087
5739.54047522265
5448.91172508163
4956.42141756987
4314.01505200601
3582.18580310729
2832.60442948525
2139.57135485824
1573.44152042779
1185.50149918991
1015.20247304699
1078.32488732236
1370.26612594295
1859.46524056168
2503.18347892019
3233.03855227338
3980.64794559359
4671.05347497303
5239.15943686998
5629.73275404011
5798.06077082155
5735.59528708304
5446.28160164926
4955.76388752221
4315.33011011674
3583.50085913447
2837.86464587569
2143.51651231931
1576.72914867834
1184.84397391472
1015.20247304699
1074.37973626979
1368.29354959652
1856.83513680398
2499.89584566708
3229.75091453575
3979.33288845962
4671.05347497303
5242.44708942908
5631.04781638128
5803.32102255855
5738.22541250485
5449.56925594251
4958.39400771917
4314.67258106089
3582.18580310729
2835.89206472324
2140.88640734237
1572.12646913216
1182.87139809282
1013.88742280756
1076.3523117934
1369.60860049351
1859.46524056168
2503.84100557311
3233.03855227338
3982.6205313016
4674.34112297361
5242.44708942908
5628.41769170348
5800.03336521426
5734.93775573045
5445.62407079395
4953.79129738557
4313.35752295211
3582.18580310729
2837.20711882407
2142.2014598294
1575.41409737616
1187.47407501912
1017.83257353293
1078.32488732236
1368.29354959652
1858.80771462122
2501.86842561665
3230.40844208157
3978.67535989404
4669.08088618495
5239.81696737962
5628.41769170348
5803.97855403087
5740.19800658327
5449.56925594251
4958.39400771917
4315.98763917358
3584.81591516522
2836.54959177325
2142.2014598294
1574.09904607659
1182.87139809282
1012.57237257048
1074.37973626979
1367.63602414898
1860.12276650283
2502.52595226804
3232.38102472415
3981.30547416199
4673.68359337145
5244.4196809776
5631.70534755356
5800.69089668081
5736.25281843677
5446.28160164926
4954.44882743006
4312.69999389919
3580.21321907322
2834.57701062563
2142.85898607399
1576.07162302692
1186.1590244657
1017.17504841056
1078.98241249988
1370.92365139302
1858.80771462122
2500.55337231617
3231.06596962825
3978.67535989404
4669.08088618495
5240.47449789035
5627.76016053687
5802.00595961737
5738.88294386318
5450.2267868045
4957.07894761858
4317.30269729019
3584.1583871494
2837.86464587569
2140.88640734237
1574.09904607659
1181.55634754793
1012.57237257048
1076.3523117934
1368.29354959652
1858.15018868145
2503.84100557311
3233.03855227338
3982.6205313016
4673.02606377031
5243.76215046034
5631.70534755356
5802.66349108738
5737.56788114768
5446.28160164926
4953.13376734214
4313.35752295211
3580.21321907322
2833.26195653124
2140.88640734237
1576.07162302692
1186.81654974211
1015.85999816759
1078.98241249988
1371.58117684372
1861.43781838719
2503.84100557311
3231.06596962825
3979.99041702613
4670.39594537598
5239.81696737962
5628.41769170348
5800.69089668081
5738.22541250485
5448.25419422187
4957.73647766834
4315.33011011674
3584.1583871494
2837.20711882407
2142.85898607399
1576.07162302692
1183.52892336618
1013.22989768873
1075.69478661827
1366.32097325578
1857.49266274237
2502.52595226804
3231.06596962825
3981.96300273132
4674.34112297361
5243.10461994416
5632.36287872698
5802.66349108738
5739.54047522265
5446.28160164926
4954.44882743006
4312.04246484725
3580.87074708369
2831.94690244006
2139.57135485824
1572.78399477965
1184.84397391472
1013.88742280756
1079.63993767799
1370.92365139302
1860.78029244467
2503.18347892019
3233.69607982346
3980.64794559359
4671.05347497303
5239.81696737962
5628.41769170348
5800.03336521426
5736.91034979165
5448.25419422187
4955.76388752221
4314.67258106089
3584.81591516522
2836.54959177325
2143.51651231931
1576.07162302692
1185.50149918991
1013.88742280756
1075.69478661827
1366.32097325578
1856.17761086628
2500.55337231617
3231.72349717578
3981.96300273132
4673.02606377031
5244.4196809776
5631.70534755356
5803.97855403087
5739.54047522265
5448.25419422187
4955.10635747561
4314.01505200601
3580.21321907322
2832.60442948525
2138.91382861725
1572.78399477965
1184.84397391472
1015.85999816759
1077.00983696912
1370.92365139302
1859.46524056168
2503.18347892019
3233.03855227338
3980.64794559359
4670.39594537598
5241.13202840217
5627.76016053687
5800.03336521426
5736.25281843677
5446.93913250568
4955.10635747561
4315.33011011674
3584.81591516522
2837.86464587569
2143.51651231931
1575.41409737616
1185.50149918991
1013.22989768873
1075.69478661827
1367.63602414898
1856.83513680398
2500.55337231617
3231.06596962825
3981.30547416199
4673.02606377031
5242.44708942908
5633.02040990154
5802.66349108738
5740.19800658327
5447.59666336322
4954.44882743006
4313.35752295211
3581.52827509504
2831.94690244006
2140.22888109994
1572.78399477965
1184.84397391472
1015.85999816759
1078.98241249988
1369.60860049351
1862.0953443304
2502.52595226804
3233.69607982346
3980.64794559359
4671.7110045711
5240.47449789035
5628.41769170348
5798.71830228463
5736.91034979165
5445.62407079395
4957.07894761858
4315.33011011674
3584.1583871494
2837.20711882407
2143.51651231931
1575.41409737616
1184.84397391472
1012.57237257048
1075.69478661827
1368.29354959652
1857.49266274237
2501.21089896603
3231.72349717578
3979.99041702613
4674.34112297361
5243.10461994416
5633.02040990154
5804.63608550435
5738.88294386318
5446.93913250568
4954.44882743006
4312.69999389919
3580.87074708369
2832.60442948525
2139.57135485824
1572.12646913216
1186.1590244657
1015.85999816759
1079.63993767799
1370.26612594295
1860.78029244467
2503.18347892019
3233.03855227338
3979.33288845962
4671.05347497303
5238.50190636143
5628.41769170348
5799.37583374887
5737.56788114768
5446.28160164926
4956.42141756987
4314.67258106089
3584.1583871494
2835.89206472324
2144.17403856535
1574.75657172605
1184.18644864015
1011.91484745283
1075.69478661827
1365.66344781012
1857.49266274237
2499.89584566708
3231.72349717578
3980.64794559359
4674.34112297361
5241.78955891508
5633.02040990154
5803.32102255855
5740.85553794503
5446.93913250568
4955.10635747561
4312.04246484725
3580.21321907322
2832.60442948525
2138.91382861725
1572.12646913216
1186.1590244657
1015.85999816759
1078.98241249988
1369.60860049351
1861.43781838719
2503.18347892019
3233.69607982346
3979.99041702613
4673.02606377031
5239.81696737962
5629.07522287123
5799.37583374887
5736.25281843677
5446.28160164926
4956.42141756987
4315.98763917358
3583.50085913447
2837.20711882407
2142.85898607399
1574.75657172605
1184.18644864015
1013.22989768873
1077.00983696912
1366.32097325578
1856.83513680398
2499.23831901875
3231.72349717578
3981.96300273132
4673.68359337145
5244.4196809776
5632.36287872698
5802.66349108738
5738.88294386318
5446.28160164926
4955.76388752221
4312.69999389919
3579.55569106365
2831.28937539568
2139.57135485824
1572.78399477965
1184.84397391472
1016.51752328878
1079.63993767799
1371.58117684372
1861.43781838719
2504.49853222679
3233.69607982346
3980.64794559359
4671.7110045711
5239.15943686998
5627.76016053687
5800.03336521426
5738.22541250485
5448.91172508163
4955.76388752221
4315.33011011674
3584.1583871494
2836.54959177325
2144.17403856535
1574.09904607659
1184.18644864015
1011.91484745283
1075.03726144373
1367.63602414898
1857.49266274237
2499.89584566708
3232.38102472415
3981.96300273132
4673.68359337145
5243.10461994416
5633.02040990154
5803.32102255855
5740.19800658327
5445.62407079395
4955.10635747561
4312.69999389919
3578.89816305497
2830.6318483521
2139.57135485824
1573.44152042779
1185.50149918991
1016.51752328878
1079.63993767799
1371.58117684372
1861.43781838719
2503.84100557311
3232.38102472415
3979.99041702613
4671.7110045711
5239.81696737962
5628.41769170348
5799.37583374887
5738.22541250485
5447.59666336322
4956.42141756987
4315.33011011674
3584.81591516522
2836.54959177325
2143.51651231931
1574.75657172605
1184.18644864015
1011.91484745283
1075.69478661827
1366.32097325578
1856.83513680398
2501.21089896603
3233.69607982346
3981.96300273132
4673.68359337145
5243.10461994416
5632.36287872698
5803.32102255855
5738.22541250485
5444.96653993975
4954.44882743006
4310.7274067463
3580.87074708369
2831.94690244006
2141.54393358552
1574.75657172605
1184.84397391472
1014.54494792698
1078.98241249988
1371.58117684372
1860.78029244467
2499.89584566708
3231.06596962825
3979.99041702613
4671.05347497303
5239.15943686998
5630.39028521013
5801.34842814851
5740.19800658327
5446.93913250568
4957.73647766834
4315.98763917358
3584.1583871494
2834.57701062563
2141.54393358552
1572.12646913216
1184.18644864015
1012.57237257048
1075.69478661827
1368.29354959652
1862.0953443304
2503.84100557311
3235.01113492618
3982.6205313016
4674.34112297361
5243.10461994416
5631.04781638128
5800.03336521426
5736.91034979165
5445.62407079395
4953.79129738557
4311.38493579628
3582.18580310729
2834.57701062563
2141.54393358552
1575.41409737616
1186.1590244657
1015.85999816759
1078.32488732236
1369.60860049351
1859.46524056168
2500.55337231617
3231.72349717578
3979.99041702613
4671.05347497303
5241.13202840217
5631.04781638128
5802.00595961737
5740.19800658327
5448.25419422187
4957.73647766834
4315.33011011674
3582.18580310729
2833.26195653124
2140.22888109994
1570.81141783914
1183.52892336618
1011.91484745283
1078.98241249988
1370.92365139302
1860.78029244467
2503.18347892019
3235.01113492618
3982.6205313016
4673.02606377031
5239.81696737962
5629.07522287123
5799.37583374887
161.735334804906
5.90206052690478
7.87463345196976
7.87463345196976
9.18968207102955
9.84720638126452
8.53215776126459
9.18968207102955
8.53215776126459
7.87463345196976
3.92948760606743
5.90206052690478
4.58701191254363
5.24453621948939
6.55958483478997
9.18968207102955
9.84720638126452
9.18968207102955
10.5047306919697
9.84720638126452
7.21710914314488
7.21710914314488
6.55958483478997
5.90206052690478
5.24453621948939
5.90206052690478
5.24453621948939
7.87463345196976
9.18968207102955
9.84720638126452
9.84720638126452
9.84720638126452
8.53215776126459
7.87463345196976
5.24453621948939
5.90206052690478
5.90206052690478
5.90206052690478
5.90206052690478
8.53215776126459
9.84720638126452
9.18968207102955
9.18968207102955
10.5047306919697
9.18968207102955
7.21710914314488
5.90206052690478
5.24453621948939
5.24453621948939
5.24453621948939
6.55958483478997
7.87463345196976
9.84720638126452
10.5047306919697
9.84720638126452
9.18968207102955
9.18968207102955
8.53215776126459
6.55958483478997
6.55958483478997
5.24453621948939
4.58701191254363
6.55958483478997
8.53215776126459
8.53215776126459
9.84720638126452
8.53215776126459
11.1622550031452
9.18968207102955
7.87463345196976
5.24453621948939
5.24453621948939
4.58701191254363
6.55958483478997
4.58701191254363
7.21710914314488
9.84720638126452
10.5047306919697
7.87463345196976
10.5047306919697
8.53215776126459
7.21710914314488
6.55958483478997
5.90206052690478
6.55958483478997
5.24453621948939
6.55958483478997
7.21710914314488
9.84720638126452
9.84720638126452
9.84720638126452
8.53215776126459
9.18968207102955
8.53215776126459
4.58701191254363
5.24453621948939
5.90206052690478
5.24453621948939
6.55958483478997
6.55958483478997
6268.85359871515
6768.57850895666
6146.55261005684
5325.95347358456
4387.00078309332
3417.80382762654
2515.67648545653
1771.35677064821
1254.54165648973
1018.49009865589
1084.24261394149
1447.19660790445
2070.53110348235
2893.7544482124
3835.33415489202
4803.21694482136
5700.08859568318
6445.0723012985
6959.26320560304
7194.00279192479
7128.24938959349
6766.60590920772
6143.26494964469
5322.66582033094
4381.74054981645
3416.48877204437
2515.01895878983
1772.01429649774
1257.82928319689
1021.77772427952
1086.21518949194
1448.51165895398
2070.53110348235
2889.80928550281
3830.73145637969
4797.95670641903
5698.77353310284
6445.7298339355
6958.60567198072
7197.94799648358
7131.53705939781
6769.23604220884
6145.2375458884
5322.00828968352
4380.4254915071
3412.5436053188
2512.38885213068
1767.41161556532
1254.54165648973
1020.4626740283
1088.18776504778
1451.14176106072
2071.84615581569
2895.72702957815
3835.33415489202
4800.5868256119
5698.77353310284
6443.75723602821
6955.97553750436
7192.68772374908
7126.27678772665
6767.2634424561
6144.58001380597
5324.63841227982
4384.37066644699
3416.48877204437
2515.67648545653
1770.0417189512
1253.88413115015
1019.80514890357
1084.24261394149
1447.19660790445
2069.21605115186
2890.46681261905
3832.70404145087
4801.24435541271
5701.40365826811
6447.04489921318
6960.57827285156
7197.94799648358
7129.56445751128
6765.29084271478
6141.9498854882
5320.69322839195
4379.11043320171
3412.5436053188
2512.38885213068
1771.35677064821
1255.85670717074
1022.43524940601
1087.5302398619
1450.48423553308
2071.84615581569
2892.43939397263
3831.38898473583
4799.92929581213
5697.45847052706
6443.09970339491
6956.63307112152
7197.29046238715
7131.53705939781
6767.92097570574
6145.89507797202
5324.63841227982
4383.71313728787
3414.51618867766
2513.04637879432
1768.72666725691
1253.22660581119
1019.14762377944
1085.55766430786
1448.51165895398
2072.50368198344
2893.7544482124
3834.67662653035
4802.55941501744
5702.06118956228
6445.7298339355
6959.26320560304
7194.66032601462
7127.59185563656
6765.29084271478
6142.60741756585
5322.66582033094
4381.74054981645
3416.48877204437
2517.64906546123
1771.35677064821
1257.17175785422
1020.4626740283
1086.21518949194
1447.19660790445
2070.53110348235
2890.46681261905
3830.73145637969
4800.5868256119
5700.08859568318
6445.7298339355
6961.23580647775
7198.60553058134
7130.87952543432
6767.92097570574
6143.92248172473
5322.66582033094
4381.08302066128
3412.5436053188
2511.07379880571
1768.72666725691
1255.85670717074
1021.77772427952
1088.18776504778
1451.14176106072
2073.16120815189
2894.41197533351
3834.0190981696
4797.29917662341
5697.45847052706
6443.75723602821
6956.63307112152
7194.66032601462
7128.24938959349
6769.23604220884
6146.55261005684
5323.9808816291
4383.71313728787
3415.83124425459
2515.01895878983
1769.38419310372
1253.88413115015
1017.17504841056
1084.24261394149
1447.19660790445
2070.53110348235
2892.43939397263
3835.33415489202
4802.55941501744
5702.06118956228
6447.04489921318
6959.26320560304
7193.34525783628
7127.59185563656
6763.31824298489
6143.26494964469
5321.35075903719
4382.3980789726
3415.83124425459
2516.99153879223
1771.35677064821
1257.82928319689
1021.12019915361
1086.21518949194
1445.88155685749
2069.21605115186
2891.78186685396
3832.70404145087
4799.2717660134
5698.77353310284
6447.04489921318
6961.23580647775
7197.94799648358
7131.53705939781
6768.57850895666
6147.21014214286
5323.32335097947
4381.74054981645
3412.5436053188
2511.73132546781
1769.38419310372
1254.54165648973
1019.14762377944
1089.50281542132
1451.14176106072
2072.50368198344
2894.41197533351
3834.0190981696
4798.6142362157
5699.43106439244
6443.75723602821
6957.29060473996
7193.34525783628
7128.90692355173
6765.94837596062
6145.89507797202
5323.9808816291
4382.3980789726
3417.14629983502
2517.64906546123
1770.69924479937
1254.54165648973
1016.51752328878
1084.24261394149
1445.88155685749
2067.90099882423
2891.1243397361
3832.70404145087
4801.90188521456
5700.74612697507
6447.04489921318
6960.57827285156
7195.97539419824
7130.22199147214
6765.94837596062
6143.26494964469
5321.35075903719
4379.11043320171
3413.8586608905
2515.67648545653
1770.69924479937
1255.85670717074
1021.77772427952
1088.84529023425
1449.82671000607
2069.87357731675
2891.78186685396
3832.04651309289
4798.6142362157
5698.11600181437
6444.41476866274
6959.92073922665
7196.63292829204
7131.53705939781
6768.57850895666
6146.55261005684
5323.9808816291
4382.3980789726
3413.8586608905
2513.04637879432
1770.0417189512
1253.22660581119
1019.14762377944
1086.87271467662
1451.79928658901
2072.50368198344
2895.06950245542
3834.67662653035
4800.5868256119
5698.77353310284
6443.09970339491
6957.29060473996
7194.00279192479
7127.59185563656
6766.60590920772
6144.58001380597
5322.00828968352
4383.05560812974
3415.83124425459
2517.64906546123
1771.35677064821
1254.54165648973
1017.83257353293
1085.55766430786
1447.8541334289
2069.21605115186
2891.1243397361
3834.67662653035
4801.24435541271
5702.7187208576
6447.04489921318
6961.23580647775
7196.63292829204
7128.24938959349
6765.29084271478
6143.26494964469
5320.69322839195
4381.08302066128
3413.20113310421
2515.01895878983
1771.35677064821
1257.82928319689
1021.77772427952
1088.18776504778
1449.82671000607
2070.53110348235
2891.78186685396
3833.36156980978
4797.95670641903
5697.45847052706
6442.44217076284
6959.26320560304
7196.63292829204
7132.19459336261
6767.92097570574
6146.55261005684
5324.63841227982
4381.74054981645
3412.5436053188
2513.04637879432
1769.38419310372
1253.22660581119
1017.83257353293
1086.21518949194
1450.48423553308
2073.16120815189
2894.41197533351
3835.33415489202
4803.21694482136
5701.40365826811
6443.09970339491
6957.29060473996
7193.34525783628
7127.59185563656
6764.63330947022
6143.26494964469
5322.00828968352
4383.71313728787
3415.83124425459
2515.67648545653
1773.98687405038
1257.17175785422
1019.80514890357
1085.55766430786
1447.19660790445
2068.55852498769
2891.1243397361
3832.04651309289
4800.5868256119
5702.06118956228
6447.04489921318
6961.23580647775
7199.26306468041
7131.53705939781
6767.92097570574
6143.26494964469
5320.69322839195
4380.4254915071
3411.22854975059
2512.38885213068
1770.0417189512
1256.51423251217
1021.77772427952
1088.84529023425
1451.79928658901
2073.81873432106
2895.72702957815
3834.67662653035
4800.5868256119
5698.11600181437
6443.75723602821
6956.63307112152
7193.34525783628
7128.24938959349
6767.92097570574
6145.89507797202
5325.29594293164
4384.37066644699
3417.80382762654
2515.67648545653
1771.35677064821
1253.88413115015
1019.14762377944
1084.24261394149
1447.19660790445
2068.55852498769
2893.09692109211
3832.70404145087
4803.87447462632
5700.08859568318
6447.70243185387
6959.92073922665
7196.63292829204
7127.59185563656
6765.29084271478
6141.9498854882
5320.69322839195
4379.76796235391
3413.20113310421
2515.01895878983
1772.67182234794
1257.17175785422
1021.77772427952
1088.18776504778
1450.48423553308
2069.87357731675
2893.09692109211
3832.04651309289
4799.92929581213
5698.11600181437
6443.75723602821
6959.92073922665
7197.94799648358
7130.22199147214
6767.2634424561
6145.89507797202
5325.95347358456
4382.3980789726
3412.5436053188
2513.70390545872
1768.06914141078
1252.56908047284
1017.83257353293
1087.5302398619
1448.51165895398
2073.81873432106
2894.41197533351
3836.64921161813
4803.87447462632
5702.06118956228
6443.75723602821
6957.29060473996
7193.34525783628
7128.90692355173
6765.29084271478
6142.60741756585
5322.66582033094
4383.71313728787
3417.14629983502
2516.99153879223
1772.67182234794
1257.17175785422
1020.4626740283
1086.21518949194
1447.19660790445
2068.55852498769
2891.78186685396
3832.70404145087
4799.92929581213
5700.08859568318
6445.7298339355
6961.23580647775
7197.94799648358
7132.19459336261
6766.60590920772
6143.26494964469
5322.00828968352
4381.08302066128
3412.5436053188
2513.04637879432
1769.38419310372
1255.19918182993
1021.12019915361
1087.5302398619
1449.82671000607
2073.16120815189
2896.38455670169
3834.67662653035
4801.90188521456
5699.43106439244
6443.09970339491
6957.29060473996
7194.66032601462
7126.93432168095
6766.60590920772
6145.2375458884
5325.29594293164
4382.3980789726
3415.17371646569
2515.67648545653
1772.01429649774
1253.22660581119
1017.83257353293
1084.24261394149
1446.53908238065
2069.21605115186
2892.43939397263
3833.36156980978
4801.90188521456
5700.74612697507
6447.70243185387
6961.89334010524
7198.60553058134
7130.22199147214
6765.29084271478
6141.9498854882
5320.03569774782
4379.76796235391
3412.5436053188
2513.04637879432
1772.01429649774
1257.17175785422
1021.77772427952
1089.50281542132
1451.79928658901
2072.50368198344
2892.43939397263
3832.04651309289
4799.92929581213
5698.11600181437
6442.44217076284
6955.97553750436
7196.63292829204
7130.87952543432
6767.92097570574
6145.89507797202
5325.29594293164
4383.71313728787
3416.48877204437
2513.04637879432
1770.0417189512
1253.22660581119
1017.17504841056
1084.90013912438
1447.8541334289
2070.53110348235
2894.41197533351
3834.67662653035
4802.55941501744
5701.40365826811
6447.70243185387
6959.92073922665
7194.66032601462
7128.24938959349
6763.97577622692
6141.29235341175
5320.69322839195
4379.11043320171
3412.5436053188
2515.01895878983
1772.67182234794
1256.51423251217
1022.43524940601
1087.5302398619
1450.48423553308
2071.18862964867
2891.78186685396
3832.70404145087
4798.6142362157
5699.43106439244
6443.75723602821
6959.26320560304
7196.63292829204
7132.19459336261
6768.57850895666
6145.89507797202
5323.9808816291
4383.71313728787
3413.20113310421
2512.38885213068
1768.72666725691
1252.56908047284
1018.49009865589
1086.87271467662
1449.16918447971
2073.81873432106
2894.41197533351
3835.99168325462
4803.87447462632
5702.06118956228
6445.0723012985
6957.29060473996
7194.00279192479
7127.59185563656
6764.63330947022
6140.63482133649
5321.35075903719
4381.08302066128
3415.17371646569
2515.01895878983
1773.32934819882
1257.82928319689
1021.77772427952
1087.5302398619
1448.51165895398
2069.21605115186
2892.43939397263
3832.04651309289
4799.2717660134
5698.11600181437
6446.38736657372
6960.57827285156
7197.94799648358
7130.22199147214
6769.89357546229
6145.89507797202
5323.9808816291
4381.08302066128
3413.20113310421
2513.04637879432
1768.06914141078
1253.22660581119
1017.83257353293
1086.21518949194
1451.14176106072
2071.84615581569
2894.41197533351
3834.67662653035
4802.55941501744
5700.08859568318
6444.41476866274
6957.29060473996
7194.00279192479
7127.59185563656
6763.97577622692
6141.29235341175
5322.00828968352
4382.3980789726
3415.83124425459
2516.334012124
1771.35677064821
1257.82928319689
1021.12019915361
1085.55766430786
1448.51165895398
2069.87357731675
2890.46681261905
3831.38898473583
4800.5868256119
5701.40365826811
6445.7298339355
6959.92073922665
7197.29046238715
7130.87952543432
6768.57850895666
6145.2375458884
5322.00828968352
4380.4254915071
3411.88607753426
2511.73132546781
1769.38419310372
1252.56908047284
1019.14762377944
1087.5302398619
1449.82671000607
2073.16120815189
2894.41197533351
3835.99168325462
4802.55941501744
5700.08859568318
6444.41476866274
6957.29060473996
7193.34525783628
7127.59185563656
6763.97577622692
6142.60741756585
5323.32335097947
4382.3980789726
3415.17371646569
2515.01895878983
1771.35677064821
1257.17175785422
1019.80514890357
1084.90013912438
1447.19660790445
2069.21605115186
2891.78186685396
3832.04651309289
4800.5868256119
5702.06118956228
6446.38736657372
6960.57827285156
7197.94799648358
7132.19459336261
6767.92097570574
6143.26494964469
5322.00828968352
4378.45290405049
3412.5436053188
2512.38885213068
1769.38419310372
1253.22660581119
1020.4626740283
1088.18776504778
1451.79928658901
2073.81873432106
2896.38455670169
3834.67662653035
4801.90188521456
5698.11600181437
6443.09970339491
6957.94813835969
7194.66032601462
7127.59185563656
6765.94837596062
6145.2375458884
5323.32335097947
4383.05560812974
3415.17371646569
2515.01895878983
1772.01429649774
1254.54165648973
1018.49009865589
1086.21518949194
1446.53908238065
2069.87357731675
2891.1243397361
3832.70404145087
4803.21694482136
5701.40365826811
6445.0723012985
6960.57827285156
7197.94799648358
7130.22199147214
6765.94837596062
6141.9498854882
5320.69322839195
4379.11043320171
3412.5436053188
2513.04637879432
1768.72666725691
1255.85670717074
1022.43524940601
1089.50281542132
1449.82671000607
2073.81873432106
2893.7544482124
3834.67662653035
4800.5868256119
5699.43106439244
6443.75723602821
6957.29060473996
7193.34525783628
7128.24938959349
6765.94837596062
6145.2375458884
5324.63841227982
4384.37066644699
3415.83124425459
2516.99153879223
1770.0417189512
1254.54165648973
1016.51752328878
1084.90013912438
1449.82671000607
2069.21605115186
2892.43939397263
3833.36156980978
4800.5868256119
5700.74612697507
6445.7298339355
6959.92073922665
7197.94799648358
7131.53705939781
6765.94837596062
6143.26494964469
5322.00828968352
4380.4254915071
3414.51618867766
2513.70390545872
1771.35677064821
1257.82928319689
1021.77772427952
1088.84529023425
1451.14176106072
2071.84615581569
2892.43939397263
3832.04651309289
4797.95670641903
5696.80093924088
6443.09970339491
6956.63307112152
7193.34525783628
7131.53705939781
6769.23604220884
6144.58001380597
5325.29594293164
4385.68572476818
3417.14629983502
2515.67648545653
1771.35677064821
1254.54165648973
1018.49009865589
1086.21518949194
1444.56650581308
2069.87357731675
2892.43939397263
3835.33415489202
4802.55941501744
5701.40365826811
6445.7298339355
6962.55087373402
7196.63292829204
7129.56445751128
6766.60590920772
6143.26494964469
5322.00828968352
4381.74054981645
3411.88607753426
2515.67648545653
1770.0417189512
1259.14433388408
1019.14762377944
1090.16034060899
1451.79928658901
2072.50368198344
2893.09692109211
3830.73145637969
4799.92929581213
5700.08859568318
6442.44217076284
6959.26320560304
7193.34525783628
7130.22199147214
6769.89357546229
6145.2375458884
5325.95347358456
4384.37066644699
3413.20113310421
2514.36143212389
1770.0417189512
1251.91155513512
1019.14762377944
1084.90013912438
1446.53908238065
2073.16120815189
2892.43939397263
3836.64921161813
4801.24435541271
5700.08859568318
6447.70243185387
6957.94813835969
7194.00279192479
7128.90692355173
6765.94837596062
6141.29235341175
5323.32335097947
4380.4254915071
3413.20113310421
2517.64906546123
1773.32934819882
1256.51423251217
1023.0927745331
1090.16034060899
1446.53908238065
2071.18862964867
2893.09692109211
3832.04651309289
4800.5868256119
5697.45847052706
6443.75723602821
6959.26320560304
7195.97539419824
7128.90692355173
6769.89357546229
6145.89507797202
5325.29594293164
4384.37066644699
3413.8586608905
2511.73132546781
1767.41161556532
1256.51423251217
1016.51752328878
1085.55766430786
1449.16918447971
2072.50368198344
2892.43939397263
3835.33415489202
4803.87447462632
5699.43106439244
6447.04489921318
6957.94813835969
7192.68772374908
7131.53705939781
6762.66070974413
6141.29235341175
5323.9808816291
4383.05560812974
3415.83124425459
2513.70390545872
1775.30192575553
1255.19918182993
1022.43524940601
1090.81786579726
1447.8541334289
2067.90099882423
2891.78186685396
3832.70404145087
4797.95670641903
5697.45847052706
6446.38736657372
6957.29060473996
7196.63292829204
7131.53705939781
6769.23604220884
6145.89507797202
5324.63841227982
4383.05560812974
3415.83124425459
2512.38885213068
1770.0417189512
1255.19918182993
1017.83257353293
1088.84529023425
1451.14176106072
2071.84615581569
2893.09692109211
3835.99168325462
4803.87447462632
5700.74612697507
6445.0723012985
6959.92073922665
7194.00279192479
7126.27678772665
6767.2634424561
6143.26494964469
5320.69322839195
4383.05560812974
3416.48877204437
2512.38885213068
1775.30192575553
1257.17175785422
1018.49009865589
1090.81786579726
1448.51165895398
2067.90099882423
2893.7544482124
3832.04651309289
4797.29917662341
5698.77353310284
6443.75723602821
6957.29060473996
7199.26306468041
7131.53705939781
6766.60590920772
6149.18273840809
5323.32335097947
4379.11043320171
3415.17371646569
2512.38885213068
1768.72666725691
1253.88413115015
1018.49009865589
1083.5850887592
1453.77186317771
2071.18862964867
2893.09692109211
3835.99168325462
4803.21694482136
5700.74612697507
6445.7298339355
6960.57827285156
7192.68772374908
7126.27678772665
6764.63330947022
6143.26494964469
5320.03569774782
4379.76796235391
3419.11888321221
2516.334012124
1769.38419310372
1257.82928319689
1021.77772427952
1086.21518949194
1448.51165895398
2072.50368198344
2889.15175838738
3831.38898473583
4799.92929581213
5698.77353310284
6446.38736657372
6961.89334010524
7195.31786010577
7130.87952543432
6769.89357546229
6145.89507797202
5321.35075903719
4383.05560812974
3411.22854975059
2511.73132546781
1768.72666725691
1255.85670717074
1015.20247304699
1086.87271467662
1452.45681211794
2071.18862964867
2893.09692109211
3837.30673998257
4799.92929581213
5700.74612697507
6444.41476866274
6957.94813835969
7192.03018966321
1945.60114474739
6.55958483478997
3.92948760606743
6.55958483478997
9.84720638126452
11.1622550031452
8.53215776126459
7.87463345196976
10.5047306919697
10.5047306919697
5.24453621948939
5.24453621948939
3.92948760606743
7.21710914314488
7.21710914314488
5.90206052690478
7.21710914314488
10.5047306919697
11.1622550031452
7.87463345196976
7.87463345196976
8.53215776126459
9.84720638126452
3.27196330006074
6.55958483478997
7.87463345196976
4.58701191254363
3.92948760606743
5.90206052690478
10.5047306919697
5.90206052690478
8.53215776126459
11.1622550031452
9.84720638126452
5.90206052690478
11.8197793147911
8.53215776126459
5.24453621948939
5.24453621948939
8.53215776126459
3.27196330006074
7.21710914314488
6.55958483478997
5.24453621948939
13.1348279394943
6.55958483478997
11.1622550031452
10.5047306919697
5.90206052690478
9.18968207102955
8.53215776126459
5.90206052690478
2.61443899452352
8.53215776126459
5.24453621948939
6.55958483478997
9.84720638126452
8.53215776126459
9.18968207102955
11.1622550031452
9.18968207102955
9.18968207102955
7.87463345196976
3.92948760606743
7.21710914314488
7.21710914314488
3.92948760606743
7.21710914314488
5.90206052690478
7.21710914314488
11.1622550031452
7.21710914314488
9.18968207102955
11.1622550031452
7.21710914314488
9.84720638126452
7.21710914314488
4.58701191254363
7.87463345196976
4.58701191254363
5.24453621948939
8.53215776126459
5.90206052690478
9.84720638126452
9.18968207102955
7.87463345196976
12.4773036269074
7.87463345196976
5.24453621948939
7.87463345196976
5.90206052690478
4.58701191254363
4.58701191254363
8.53215776126459
11.1622550031452
7.21710914314488
11.1622550031452
11.1622550031452
8.53215776126459
7.21710914314488
