0.00186118369138025
0.0934227482176198
0.503725531924566
0.781206101810355
0.819343252043659
0.69572629138397
0.577369651417023
0.564218915117024
0.585260093338327
0.616821862084088
0.673370035335957
0.777260879514962
0.879836667887936
0.933754717758866
0.907453229390512
0.837754290981863
0.77463073133287
0.722027770182059
0.677315256929404
0.673370035335957
0.711507178520755
0.75884984248956
0.831178919865593
0.890357262591031
0.91665875018365
0.889042188242719
0.837754290981863
0.791726694728673
0.741753880057864
0.707561956696615
0.70624688276115
0.729918214052397
0.781206101810355
0.841699513687324
0.900877857484922
0.924549196694137
0.899562783112749
0.856165330503138
0.820658326234202
0.762795064660345
0.729918214052397
0.71939762224897
0.748329250164609
0.787781472362035
0.84301458792843
0.898247708743561
0.924549196694137
0.894302485653874
0.858795479053803
0.815398029489863
0.769370435004305
0.737808658029373
0.723342844153045
0.750959398228055
0.786466398245764
0.850905033437535
0.911398452569664
0.921919047845371
0.910083378173631
0.868000999074916
0.835124142526432
0.785151324132464
0.744384028091666
0.733863436027555
0.756219694390531
0.789096546481282
0.845644736419565
0.890357262591031
0.91665875018365
0.894302485653874
0.858795479053803
0.82723369723152
0.786466398245764
0.748329250164609
0.733863436027555
0.750959398228055
0.782521175914759
0.841699513687324
0.894302485653874
0.924549196694137
0.910083378173631
0.877206519241973
0.845644736419565
0.799617139542129
0.761479990600456
0.744384028091666
0.757534768438568
0.790411620603493
0.837754290981863
0.892987411296616
0.920603973425465
0.911398452569664
0.879836667887936
0.848274884922596
0.804877436143833
0.761479990600456
0.744384028091666
0.754904620345464
0.782521175914759
0.831178919865593
0.882466816545836
0.91665875018365
0.911398452569664
0.879836667887936
0.845644736419565
0.807507584462513
0.766740286857818
0.747014176137334
0.75884984248956
0.786466398245764
0.837754290981863
0.892987411296616
0.929809494427495
0.925864271122997
0.887727113897377
0.861425627616377
0.820658326234202
0.781206101810355
0.756219694390531
0.756219694390531
0.786466398245764
0.829863845651261
0.886412039555019
0.925864271122997
0.920603973425465
0.899562783112749
0.873261296295361
0.831178919865593
0.787781472362035
0.757534768438568
0.764110138723204
0.791726694728673
0.833809068303175
0.886412039555019
0.921919047845371
0.931124568868306
0.902192931860071
0.869316073375558
0.840384439449188
0.796986991259097
0.765425212789033
0.766740286857818
0.783836250022127
0.828548771439905
0.883781890879249
0.923234122268262
0.928494419989683
0.902192931860071
0.877206519241973
0.84301458792843
0.795671917122036
0.769370435004305
0.762795064660345
0.787781472362035
0.833809068303175
0.87852159356347
0.928494419989683
0.933754717758866
0.91665875018365
0.889042188242719
0.848274884922596
0.804877436143833
0.77463073133287
0.764110138723204
0.787781472362035
0.820658326234202
0.873261296295361
0.914028601370688
0.932439643312094
0.920603973425465
0.887727113897377
0.857480404776986
0.815398029489863
0.789096546481282
0.773315657246279
0.790411620603493
0.821973400427716
0.871946221985773
0.917973824594597
0.936384866661378
0.919288899008542
0.890357262591031
0.860110553333598
0.816713103671482
0.783836250022127
0.77463073133287
0.786466398245764
0.820658326234202
0.86405577619086
0.91665875018365
0.936384866661378
0.924549196694137
0.889042188242719
0.866685924777251
0.825918623026105
0.789096546481282
0.770685509081993
0.783836250022127
0.815398029489863
0.865370850482563
0.91665875018365
0.940330090037556
0.927179345554848
0.900877857484922
0.869316073375558
0.836439216752659
0.795671917122036
0.772000583162658
0.787781472362035
0.815398029489863
0.862740701902126
0.903508006238205
0.936384866661378
0.93506979220863
0.906138155003426
0.881151742215401
0.844329662172505
0.802247287837041
0.790411620603493
0.791726694728673
0.820658326234202
0.865370850482563
0.906138155003426
0.944275313440599
0.93506979220863
0.914028601370688
0.887727113897377
0.841699513687324
0.810137732793073
0.789096546481282
0.786466398245764
0.819343252043659
0.850905033437535
0.906138155003426
0.941645164502241
0.937699941117117
0.917973824594597
0.885096965215645
0.854850256232275
0.819343252043659
0.787781472362035
0.796986991259097
0.816713103671482
0.853535181964382
0.902192931860071
0.93506979220863
0.940330090037556
0.919288899008542
0.890357262591031
0.854850256232275
0.816713103671482
0.793041768856831
0.794356842987945
0.806192510301685
0.850905033437535
0.892987411296616
0.936384866661378
0.942960238969924
0.917973824594597
0.896932634377343
0.861425627616377
0.819343252043659
0.793041768856831
0.781206101810355
0.808822658626305
0.844329662172505
0.891672336942335
0.931124568868306
0.948220536870537
0.921919047845371
0.899562783112749
0.86405577619086
0.823288474624214
0.791726694728673
0.785151324132464
0.802247287837041
0.836439216752659
0.887727113897377
0.924549196694137
0.932439643312094
0.921919047845371
0.896932634377343
0.862740701902126
0.831178919865593
0.796986991259097
0.787781472362035
0.800932213688093
0.837754290981863
0.87852159356347
0.924549196694137
0.939015015575841
0.925864271122997
0.898247708743561
0.870631147679177
0.831178919865593
0.795671917122036
0.783836250022127
0.798302065399128
0.828548771439905
0.870631147679177
0.920603973425465
0.937699941117117
0.929809494427495
0.906138155003426
0.871946221985773
0.835124142526432
0.800932213688093
0.787781472362035
0.793041768856831
0.828548771439905
0.871946221985773
0.915343675775674
0.936384866661378
0.931124568868306
0.906138155003426
0.873261296295361
0.844329662172505
0.807507584462513
0.790411620603493
0.795671917122036
0.816713103671482
0.861425627616377
0.910083378173631
0.936384866661378
0.929809494427495
0.900877857484922
0.875891444923454
0.846959810669595
0.808822658626305
0.791726694728673
0.790411620603493
0.816713103671482
0.857480404776986
0.902192931860071
0.93506979220863
0.931124568868306
0.907453229390512
0.883781890879249
0.846959810669595
0.8140829553112
0.790411620603493
0.795671917122036
0.816713103671482
0.850905033437535
0.900877857484922
0.932439643312094
0.928494419989683
0.91665875018365
0.883781890879249
0.853535181964382
0.819343252043659
0.790411620603493
0.796986991259097
0.812767881135521
0.853535181964382
0.895617560014124
0.928494419989683
0.932439643312094
0.917973824594597
0.892987411296616
0.858795479053803
0.816713103671482
0.794356842987945
0.791726694728673
0.806192510301685
0.845644736419565
0.886412039555019
0.931124568868306
0.929809494427495
0.920603973425465
0.896932634377343
0.860110553333598
0.825918623026105
0.798302065399128
0.794356842987945
0.808822658626305
0.841699513687324
0.883781890879249
0.91665875018365
0.933754717758866
0.923234122268262
0.895617560014124
0.866685924777251
0.824603548823667
0.795671917122036
0.789096546481282
0.803562361988952
0.832493994082903
0.879836667887936
0.917973824594597
0.932439643312094
0.921919047845371
0.898247708743561
0.868000999074916
0.832493994082903
0.803562361988952
0.793041768856831
0.798302065399128
0.835124142526432
0.877206519241973
0.920603973425465
0.939015015575841
0.928494419989683
0.90482308061933
0.881151742215401
0.839069365214037
0.807507584462513
0.795671917122036
0.799617139542129
0.82723369723152
0.868000999074916
0.914028601370688
0.93506979220863
0.923234122268262
0.903508006238205
0.877206519241973
0.839069365214037
0.807507584462513
0.793041768856831
0.800932213688093
0.823288474624214
0.869316073375558
0.919288899008542
0.937699941117117
0.939015015575841
0.91665875018365
0.886412039555019
0.853535181964382
0.812767881135521
0.798302065399128
0.804877436143833
0.823288474624214
0.866685924777251
0.907453229390512
0.932439643312094
0.936384866661378
0.912713526968687
0.892987411296616
0.858795479053803
0.819343252043659
0.803562361988952
0.799617139542129
0.821973400427716
0.86405577619086
0.910083378173631
0.940330090037556
0.939015015575841
0.923234122268262
0.896932634377343
0.856165330503138
0.825918623026105
0.806192510301685
0.806192510301685
0.828548771439905
0.852220107699473
0.907453229390512
0.940330090037556
0.940330090037556
0.929809494427495
0.902192931860071
0.869316073375558
0.837754290981863
0.808822658626305
0.810137732793073
0.831178919865593
0.858795479053803
0.908768303780583
0.939015015575841
0.946905462390902
0.93506979220863
0.900877857484922
0.875891444923454
0.841699513687324
0.806192510301685
0.808822658626305
0.815398029489863
0.852220107699473
0.898247708743561
0.925864271122997
0.941645164502241
0.921919047845371
0.90482308061933
0.875891444923454
0.837754290981863
0.807507584462513
0.798302065399128
0.812767881135521
0.846959810669595
0.895617560014124
0.928494419989683
0.940330090037556
0.928494419989683
0.912713526968687
0.879836667887936
0.840384439449188
0.808822658626305
0.799617139542129
0.812767881135521
0.841699513687324
0.879836667887936
0.923234122268262
0.940330090037556
0.928494419989683
0.906138155003426
0.877206519241973
0.839069365214037
0.808822658626305
0.798302065399128
0.807507584462513
0.831178919865593
0.875891444923454
0.919288899008542
0.939015015575841
0.931124568868306
0.912713526968687
0.883781890879249
0.844329662172505
0.818028177856085
0.803562361988952
0.808822658626305
0.832493994082903
0.873261296295361
0.914028601370688
0.941645164502241
0.936384866661378
0.914028601370688
0.879836667887936
0.852220107699473
0.819343252043659
0.799617139542129
0.800932213688093
0.823288474624214
0.868000999074916
0.912713526968687
0.945590387914258
0.939015015575841
0.91665875018365
0.891672336942335
0.860110553333598
0.823288474624214
0.802247287837041
0.802247287837041
0.82723369723152
0.862740701902126
0.912713526968687
0.941645164502241
0.933754717758866
0.919288899008542
0.895617560014124
0.857480404776986
0.828548771439905
0.802247287837041
0.806192510301685
0.829863845651261
0.862740701902126
0.912713526968687
0.944275313440599
0.946905462390902
0.933754717758866
0.903508006238205
0.866685924777251
0.831178919865593
0.806192510301685
0.810137732793073
0.819343252043659
0.857480404776986
0.910083378173631
0.940330090037556
0.948220536870537
0.919288899008542
0.903508006238205
0.873261296295361
0.833809068303175
0.810137732793073
0.802247287837041
0.820658326234202
0.856165330503138
0.894302485653874
0.932439643312094
0.939015015575841
0.929809494427495
0.908768303780583
0.871946221985773
0.848274884922596
0.816713103671482
0.808822658626305
0.825918623026105
0.850905033437535
0.894302485653874
0.937699941117117
0.946905462390902
0.941645164502241
0.914028601370688
0.883781890879249
0.84958995917858
0.8140829553112
0.808822658626305
0.818028177856085
0.844329662172505
0.889042188242719
0.923234122268262
0.937699941117117
0.933754717758866
0.903508006238205
0.879836667887936
0.840384439449188
0.8140829553112
0.806192510301685
0.808822658626305
0.840384439449188
0.881151742215401
0.925864271122997
0.945590387914258
0.933754717758866
0.91665875018365
0.891672336942335
0.856165330503138
0.819343252043659
0.803562361988952
0.808822658626305
0.836439216752659
0.875891444923454
0.923234122268262
0.942960238969924
0.931124568868306
0.910083378173631
0.883781890879249
0.84958995917858
0.816713103671482
0.798302065399128
0.800932213688093
0.825918623026105
0.869316073375558
0.908768303780583
0.931124568868306
0.933754717758866
0.912713526968687
0.885096965215645
0.852220107699473
0.820658326234202
0.791726694728673
0.804877436143833
0.825918623026105
0.866685924777251
0.910083378173631
0.93506979220863
0.936384866661378
0.919288899008542
0.892987411296616
0.866685924777251
0.824603548823667
0.806192510301685
0.803562361988952
0.823288474624214
0.858795479053803
0.90482308061933
0.931124568868306
0.93506979220863
0.921919047845371
0.891672336942335
0.861425627616377
0.828548771439905
0.803562361988952
0.800932213688093
0.824603548823667
0.854850256232275
0.898247708743561
0.931124568868306
0.941645164502241
0.925864271122997
0.906138155003426
0.869316073375558
0.841699513687324
0.812767881135521
0.812767881135521
0.820658326234202
0.853535181964382
0.900877857484922
0.929809494427495
0.945590387914258
0.928494419989683
0.902192931860071
0.874576370607919
0.837754290981863
0.810137732793073
0.804877436143833
0.818028177856085
0.852220107699473
0.887727113897377
0.932439643312094
0.941645164502241
0.924549196694137
0.90482308061933
0.877206519241973
0.845644736419565
0.818028177856085
0.804877436143833
0.807507584462513
0.845644736419565
0.887727113897377
0.927179345554848
0.936384866661378
0.928494419989683
0.910083378173631
0.877206519241973
0.84958995917858
0.819343252043659
0.806192510301685
0.816713103671482
0.840384439449188
0.883781890879249
0.924549196694137
0.946905462390902
0.933754717758866
0.911398452569664
0.887727113897377
0.844329662172505
0.816713103671482
0.8140829553112
0.808822658626305
0.837754290981863
0.881151742215401
0.911398452569664
0.937699941117117
0.933754717758866
0.910083378173631
0.890357262591031
0.854850256232275
0.82723369723152
0.810137732793073
0.811452806962812
0.829863845651261
0.868000999074916
0.912713526968687
0.931124568868306
0.925864271122997
0.910083378173631
0.886412039555019
0.854850256232275
0.820658326234202
0.804877436143833
0.807507584462513
0.821973400427716
0.862740701902126
0.908768303780583
0.93506979220863
0.933754717758866
0.920603973425465
0.892987411296616
0.857480404776986
0.820658326234202
0.803562361988952
0.803562361988952
0.823288474624214
0.868000999074916
0.899562783112749
0.931124568868306
0.932439643312094
0.915343675775674
0.895617560014124
0.868000999074916
0.829863845651261
0.808822658626305
0.806192510301685
0.816713103671482
0.850905033437535
0.895617560014124
0.933754717758866
0.936384866661378
0.919288899008542
0.896932634377343
0.870631147679177
0.832493994082903
0.8140829553112
0.806192510301685
0.8140829553112
0.84301458792843
0.885096965215645
0.925864271122997
0.937699941117117
0.924549196694137
0.906138155003426
0.879836667887936
0.840384439449188
0.812767881135521
0.803562361988952
0.810137732793073
0.837754290981863
0.886412039555019
0.919288899008542
0.941645164502241
0.924549196694137
0.896932634377343
0.875891444923454
0.850905033437535
0.815398029489863
0.800932213688093
0.815398029489863
0.837754290981863
0.881151742215401
0.917973824594597
0.946905462390902
0.936384866661378
0.906138155003426
0.881151742215401
0.852220107699473
0.808822658626305
0.808822658626305
0.807507584462513
0.837754290981863
0.881151742215401
0.911398452569664
0.942960238969924
0.939015015575841
0.910083378173631
0.885096965215645
0.852220107699473
0.818028177856085
0.806192510301685
0.804877436143833
0.832493994082903
0.869316073375558
0.908768303780583
0.939015015575841
0.933754717758866
0.912713526968687
0.885096965215645
0.854850256232275
0.818028177856085
0.798302065399128
0.808822658626305
0.829863845651261
0.862740701902126
0.908768303780583
0.933754717758866
0.941645164502241
0.920603973425465
0.889042188242719
0.860110553333598
0.824603548823667
0.802247287837041
0.808822658626305
0.821973400427716
0.860110553333598
0.903508006238205
0.927179345554848
0.937699941117117
0.921919047845371
0.895617560014124
0.870631147679177
0.82723369723152
0.802247287837041
0.804877436143833
0.820658326234202
0.856165330503138
0.899562783112749
0.931124568868306
0.939015015575841
0.919288899008542
0.894302485653874
0.865370850482563
0.829863845651261
0.802247287837041
0.802247287837041
0.823288474624214
0.850905033437535
0.894302485653874
0.924549196694137
0.937699941117117
0.923234122268262
0.899562783112749
0.866685924777251
0.828548771439905
0.806192510301685
0.802247287837041
0.818028177856085
0.846959810669595
0.887727113897377
0.923234122268262
0.93506979220863
0.928494419989683
0.902192931860071
0.870631147679177
0.835124142526432
0.807507584462513
0.807507584462513
0.820658326234202
0.844329662172505
0.889042188242719
0.920603973425465
0.936384866661378
0.927179345554848
0.906138155003426
0.873261296295361
0.835124142526432
0.808822658626305
0.802247287837041
0.815398029489863
0.837754290981863
0.87852159356347
0.915343675775674
0.929809494427495
0.919288899008542
0.902192931860071
0.875891444923454
0.840384439449188
0.812767881135521
0.807507584462513
0.816713103671482
0.841699513687324
0.877206519241973
0.915343675775674
0.940330090037556
0.933754717758866
0.915343675775674
0.882466816545836
0.852220107699473
0.82723369723152
0.812767881135521
0.819343252043659
0.835124142526432
0.875891444923454
0.914028601370688
0.928494419989683
0.929809494427495
0.912713526968687
0.883781890879249
0.850905033437535
0.820658326234202
0.812767881135521
0.816713103671482
0.832493994082903
0.873261296295361
0.908768303780583
0.932439643312094
0.936384866661378
0.912713526968687
0.886412039555019
0.861425627616377
0.828548771439905
0.807507584462513
0.816713103671482
0.837754290981863
0.873261296295361
0.90482308061933
0.933754717758866
0.936384866661378
0.91665875018365
0.889042188242719
0.857480404776986
0.829863845651261
0.8140829553112
0.808822658626305
0.832493994082903
0.86405577619086
0.900877857484922
0.928494419989683
0.927179345554848
0.917973824594597
0.895617560014124
0.862740701902126
0.835124142526432
0.810137732793073
0.811452806962812
0.831178919865593
0.858795479053803
0.900877857484922
0.929809494427495
0.936384866661378
0.921919047845371
0.894302485653874
0.865370850482563
0.833809068303175
0.8140829553112
0.818028177856085
0.825918623026105
0.853535181964382
0.889042188242719
0.921919047845371
0.925864271122997
0.917973824594597
0.891672336942335
0.866685924777251
0.835124142526432
0.808822658626305
0.806192510301685
0.820658326234202
0.84958995917858
0.881151742215401
0.91665875018365
0.928494419989683
0.917973824594597
0.892987411296616
0.862740701902126
0.837754290981863
0.812767881135521
0.803562361988952
0.810137732793073
0.840384439449188
0.882466816545836
0.920603973425465
0.862740701902126
0.536602369844623
0.369588052197187
0.326190638796525
0.28016308259712
0.242025967303086
0.22887523845791
0.211779291393121
0.203888854451669
0.199943636020087
0.180217544253544
0.168381889506541
0.167066816771346
0.164436671309666
0.160491453138846
0.143395508032974
0.149970871477358
0.149970871477358
0.143395508032974
0.142080435352774
0.138135217329534
0.134189999332328
0.134189999332328
0.126299563415976
0.121039272862888
0.109203619287506
0.106573474080314
0.107888546682467
0.101313183700583
0.105258401481045
0.0999981111128747
0.101313183700583
0.0973679659461055
0.0947378207908898
0.0999981111128747
0.0921076756472274
0.0947378207908898
0.0921076756472274
0.0868473853945417
0.0868473853945417
0.0829021677353197
0.0855323128385805
0.0868473853945417
0.08158709518802
0.0842172402855041
0.0776418775634298
0.078956950102075
0.078956950102075
0.0750117324948008
0.0736966599648099
0.0710665149134826
0.0697514423921533
0.0710665149134826
0.0697514423921533
0.0697514423921533
0.0631760798287218
0.0684363698736945
0.0684363698736945
0.061861007324687
0.0710665149134826
0.061861007324687
0.0631760798287218
0.061861007324687
0.0566007173373748
0.0592308623252649
0.0579157898298774
0.0592308623252649
0.06054593482353
0.0552856448477499
0.0539705723610169
0.0566007173373748
0.0539705723610169
0.0592308623252649
0.0513404273961839
0.0513404273961839
0.0526554998771545
0.0539705723610169
0.0513404273961839
0.0526554998771545
0.0500253549180911
0.0513404273961839
0.0487102824428831
0.0473952099705528
0.0500253549180911
0.0473952099705528
0.0473952099705528
0.0460801375011002
0.0500253549180911
0.0473952099705528
0.0434499925708494
0.0447650650345324
0.0434499925708494
0.0434499925708494
0.0434499925708494
0.0447650650345324
0.0434499925708494
0.0447650650345324
0.0408198476521235
0.0408198476521235
0.0395047751970807
0.297259031626282
2.26592669297617
4.07284628565537
5.05652858625357
4.88819778915223
3.66648610118352
1.7109642435494
0.273587717716822
0.718082548286866
1.64389535929489
2.81825954447277
3.90977614101319
4.56468719707531
4.48841237223049
3.71645918117047
2.35140674057534
0.929809494427495
0.36169761316075
0.585260093338327
0.920603973425465
1.52027822098882
2.46450343942234
3.51656688986086
4.22145057531953
4.31876668215402
3.70593853235462
2.53157242305277
1.12181039446969
0.457697961918072
0.583945019677415
0.914028601370688
1.43742845192423
2.33299565227566
3.36927788180066
4.15175121286784
4.32797226078664
3.769062428434
2.62625806106605
1.27172895002214
0.494520017635814
0.576054577773782
0.895617560014124
1.38482543022345
2.27776239108132
3.28116751269823
4.10440825508807
4.34375325311449
3.85717287951135
2.81168415007699
1.37693497738803
0.531342075654031
0.539232516957554
0.799617139542129
1.27698925092979
2.11074756355564
3.13782380917528
4.04785972789275
4.36479457697758
3.9781603889519
2.91689047004768
1.56893602751834
0.555013399882114
0.537917443399621
0.831178919865593
1.27041387480279
2.02395247626335
3.05102855791565
3.94791350894126
4.36084932868713
4.02813349893561
3.05628887577202
1.73595069267045
0.626027378288107
0.516876266872302
0.802247287837041
1.22175609381291
1.93189709547734
2.96949363775778
3.9005705698651
4.35821916317712
4.08731218807184
3.15886508433615
1.85167741891154
0.690465995766381
0.519506413897084
0.754904620345464
1.15468726733242
1.82800604114326
2.80510875576141
3.82035059963264
4.35427391493754
4.19646401033284
3.33640087668777
2.07524048074763
0.775945805422431
0.478739136332436
0.749644324194854
1.12312546934808
1.74778637948436
2.76960162784241
3.76643226594469
4.36742474252151
4.2438069766035
3.45870334606787
2.13836418509247
0.87852159356347
0.465588402235532
0.718082548286866
1.08761844868702
1.69386825268582
2.64861439467195
3.65202021050059
4.31219126894661
4.2661633788636
3.57706060154926
2.31326948692578
1.01397426466503
0.473478842658494
0.665479592228856
0.983727548950576
1.58208678675891
2.48291453214677
3.54155342210438
4.25301255388646
4.33060242614074
3.6862123163965
2.48685976638281
1.10734457100591
0.487944650374736
0.654959001584835
0.990302921797273
1.48345609990964
2.37376306291315
3.38111360414214
4.17805285796376
4.3253420954461
3.76380210346867
2.63283345320745
1.30066060561369
0.514246119859266
0.614191714623765
0.90482308061933
1.40192141174228
2.25014576256539
3.3114143541691
4.10572333718977
4.35032866672847
3.87163877589249
2.81694446558721
1.41638724265969
0.558958620679419
0.558958620679419
0.862740701902126
1.35983899661986
2.16598080800905
3.24040003344719
4.11624399412435
4.39504148155222
3.95185875405972
2.87875317668075
1.51370284204909
0.549753105526875
0.569479209601703
0.844329662172505
1.28093447664231
2.04499370829858
3.09311110221746
3.98473579788403
4.36742474252151
4.03207874466668
3.07469998867728
1.67414211002767
0.649698706333702
0.535287296292566
0.816713103671482
1.20202996756291
1.95819863129032
2.9471372908507
3.91635154907626
4.35558899768068
4.0991479267149
3.1628103235214
1.85167741891154
0.662849444550126
0.515561193364313
0.77463073133287
1.15863249220242
1.83458142375615
2.80642383461811
3.8269260065624
4.35427391493754
4.2043545044076
3.34955167848751
2.07129524946503
0.787781472362035
0.508985825868429
0.757534768438568
1.10602949616361
1.72937531121501
2.74198497440894
3.73618539827215
4.33586275688958
4.23460139948605
3.4284564961624
2.18307681336374
0.906138155003426
0.49846523802767
0.711507178520755
1.06526217754278
1.67282703387506
2.58812078821617
3.64939004860125
4.30167060799079
4.2898348646744
3.58232092463444
2.37902337418401
1.01528933929725
0.482684356618684
0.664164518388013
0.994248145541199
1.54789481337011
2.50001054737567
3.53234785745529
4.2674784613799
4.31087618631528
3.69936312695242
2.47896929793925
1.13496114338901
0.482684356618684
0.656274075405001
0.977152176178684
1.51896314519477
2.3948043082997
3.44686762198499
4.2056695867652
4.35821916317712
3.78484340364892
2.67886120042936
1.3335374887477
0.508985825868429
0.622082157040118
0.949535611353156
1.42822292277508
2.25540607265203
3.3114143541691
4.11624399412435
4.33980800498679
3.87689910194927
2.77223178538593
1.43874352752914
0.565533988733783
0.591835461687069
0.871946221985773
1.34405809175088
2.14888480318363
3.15491984518014
4.06495579359945
4.38452081888784
3.9952564523495
2.93924681569424
1.57288125525836
0.569479209601703
0.562903841503207
0.836439216752659
1.27172895002214
2.02658263022413
3.00894601692811
3.9610643261198
4.34901358399889
4.05180497377474
3.09179602265781
1.71490947228408
0.656274075405001
0.543177737648996
0.815398029489863
1.19808474239442
1.94110263287057
2.92478094487543
3.90188565144766
4.34901358399889
4.11492891199576
3.19700239768586
1.91348602114714
0.736493584025801
0.530027002113734
0.777260879514962
1.15863249220242
1.82669096462997
2.79064288854936
3.80325454200452
4.33323259150838
4.18331318714465
3.358757239942
2.07261032655611
0.824603548823667
0.53265714919727
0.761479990600456
1.10208427165475
1.708334091075
2.71173816512477
3.70199328910336
4.30561585582382
4.22145057531953
3.49421051991342
2.23699498756869
0.985042623513927
0.507670752378061
0.699671513128223
1.03896068318956
1.65047073975075
2.57102477022129
3.61256778339896
4.27405387401213
4.28457453439953
3.58889632856513
2.41453047658404
1.06263202805345
0.508985825868429
0.682575552428716
1.00213859310988
1.53342897909748
2.46318836139435
3.47711447294793
4.22145057531953
4.30298569059841
3.69541788375086
2.45003758128866
1.1204953195943
0.476108989489596
0.676000183061966
1.00608381693465
1.56104557212094
2.46187328336953
3.47842955346401
4.2490673064592
4.35032866672847
3.78747356623126
2.59075094487847
1.2546329724066
0.512931046357153
0.632602747093749
0.928494419989683
1.45846966196849
2.33431072999087
3.34297627754675
4.19383384566823
4.39898673010739
3.86769353138491
2.75119052539656
1.36509929834001
0.536602369844623
0.599725903802771
0.886412039555019
1.37693497738803
2.18307681336374
3.2561809927855
4.14123055520663
4.43317888553288
3.98210563430114
2.86560238649193
1.49003147849824
0.541862664082245
0.585260093338327
0.892987411296616
1.31644150928155
2.11732294951077
3.12861825155381
4.07416136767643
4.416082807533
4.0610105476168
3.01157617564282
1.67151195772552
0.606301272313551
0.547122958366906
0.819343252043659
1.2441123710511
2.00028109117692
3.01289125500504
4.01235251631296
4.43580905143001
4.14780596621964
3.15755000461423
1.83326634722739
0.681260478549454
0.5234516344563
0.761479990600456
1.1901942921389
1.87140356781769
2.90899999533586
3.90188565144766
4.416082807533
4.18068302254746
3.30483895370237
1.93189709547734
0.733863436027555
0.502410458445944
0.756219694390531
1.12707069400131
1.76225221926267
2.78801273091613
3.78615848493843
4.36347949421071
4.22934106977893
3.45475810467735
2.12389833554406
0.860110553333598
0.514246119859266
0.74306895407328
1.09156367309671
1.7109642435494
2.64729931619903
3.7256647490584
4.33980800498679
4.30561585582382
3.54155342210438
2.30274886569562
1.00213859310988
0.478739136332436
0.691781069666341
1.05474157965748
1.63074459861341
2.57233984850951
3.64412972484225
4.31613651686089
4.34243817040187
3.67700674920441
2.40400985341058
1.08498829909559
0.49846523802767
0.679945404673148
0.982412474390216
1.53342897909748
2.44477726933503
3.46133350701131
4.23986172924718
4.35821916317712
3.78352832236273
2.60784696349383
1.22307116892039
0.478739136332436
0.644438411129819
0.97320695255145
1.46899026728321
2.33431072999087
3.40478504962116
4.21224499860379
4.40424706156182
3.8821594280594
2.76828654907547
1.36246914747385
0.555013399882114
0.608931419738497
0.902192931860071
1.36115407204534
2.22647436779743
3.24960559300415
4.13728530863921
4.41082247595629
3.96632465308486
2.88532857189576
1.51107269049458
0.570794283230235
0.590520388011427
0.868000999074916
1.3177565846069
2.1054872548478
3.10231665922577
4.05180497377474
4.41345264173785
4.06364071160187
3.05102855791565
1.64652551146802
0.624712304535826
0.557643547077376
0.841699513687324
1.25200282204958
1.96608909227653
3.02867220760368
3.96369448959565
4.42134313916409
4.12413448696651
3.21146827587898
1.83326634722739
0.693096143569257
0.530027002113734
0.808822658626305
1.18230384199197
1.88981464075879
2.88401349284633
3.88478959113447
4.39504148155222
4.1872584340657
3.27853735265195
1.98055493770856
0.765425212789033
0.515561193364313
0.778575953610464
1.15074204248953
1.79907435856463
2.79458812502326
3.8269260065624
4.37926048763712
4.25038238893158
3.4245112549984
2.16466573069599
0.920603973425465
0.506355678890628
0.689150921869377
1.06789232704413
1.67151195772552
2.6867516717742
3.70462345126755
4.35558899768068
4.30956110368734
3.57574552078621
2.28959808944123
0.988987847221942
0.487944650374736
0.70624688276115
1.0284400857842
1.61233353417484
2.5460382833492
3.58232092463444
4.30956110368734
4.35295883219779
3.66254085823029
2.4684486735253
1.14022144304101
0.497150164560786
0.670739887621771
1.00082351850762
1.53737420658968
2.44346219135453
3.52182721233966
4.25301255388646
4.36873982529856
3.75854177855647
2.62888821791305
1.24674252137183
0.535287296292566
0.622082157040118
0.932439643312094
1.44400382997927
2.28828301183311
3.36533264107911
4.18857351637947
4.40293197869311
3.8782141834718
2.79064288854936
1.37035960010875
0.533972222743451
0.60761634602455
0.910083378173631
1.3743048264672
2.22910452272141
3.2561809927855
4.14254563740251
4.4081923101883
3.95580399920826
2.84982143868966
1.47951087279309
0.555013399882114
0.58789024066899
0.879836667887936
1.32301688593865
2.12389833554406
3.13519364983863
4.05575021968691
4.41739789043568
4.07284628565537
3.03130236641538
1.69123810029144
0.644438411129819
0.566849062353477
0.818028177856085
1.23490684502372
1.96608909227653
3.01552141373914
3.96369448959565
4.41082247595629
4.11229874774867
3.21015319602697
1.80564974083754
0.704931808828647
0.535287296292566
0.795671917122036
1.18098876697804
1.89112971742068
2.89453412533189
3.90320073303358
4.40161689582781
4.18988859869661
3.28511275279212
2.00685647582196
0.789096546481282
0.519506413897084
0.787781472362035
1.14679681767375
1.77934821220909
2.75513576158212
3.8019394606718
4.37926048763712
4.25827288383676
3.44686762198499
2.20411805145049
0.889042188242719
0.512931046357153
0.737808658029373
1.10471442132431
1.70570393861291
2.701217536205
3.72303458678812
4.36084932868713
4.29246502983214
3.55470422902598
2.34351627408552
0.994248145541199
0.514246119859266
0.694411217475142
1.01528933929725
1.57945663488629
2.5420930486848
3.57574552078621
4.2977253601882
4.33849292228432
3.70067820802624
2.46450343942234
1.10997472069953
0.515561193364313
0.685205700196107
0.981097399832841
1.52816867581734
2.42110586617019
3.44686762198499
4.22671090494563
4.36084932868713
3.75985685977954
2.61836759060151
1.19413951725308
0.518191340383225
0.641808263545592
0.95742605831164
1.44663398122261
2.34877658506611
3.36533264107911
4.20172433970253
4.40293197869311
3.88084434652686
2.74198497440894
1.35326361953799
0.553698326288888
0.618136935818661
0.891672336942335
1.34800331792714
2.20543312885756
3.22856431425146
4.11755907625631
4.4003018129659
3.97290006186643
2.90242459983123
1.54000435826644
0.595780682731665
0.581314872364423
0.862740701902126
1.31644150928155
2.08050078916813
3.15097460605337
4.0465446459388
4.43054871964936
4.05180497377474
3.07469998867728
1.65441596806111
0.656274075405001
0.552383252698611
0.823288474624214
1.23359176988905
2.0015961680997
2.99579522354838
3.98342071609091
4.416082807533
4.13202497992976
3.17201588173407
1.85956787839041
0.715452400371539
0.535287296292566
0.806192510301685
1.1901942921389
1.87534879768253
2.86297222849274
3.88610467267701
4.38846606736153
4.19514892799885
3.33508579652578
1.98187001458468
0.806192510301685
0.52082148741389
0.798302065399128
1.15731741724274
1.82800604114326
2.79458812502326
3.81903551825667
4.37268507365008
4.25038238893158
3.41267553168351
2.16203557607928
0.899562783112749
0.524766707981904
0.748329250164609
1.09156367309671
1.72148485357013
2.67491596480004
3.72303458678812
4.33323259150838
4.30167060799079
3.5520740676153
2.33431072999087
0.975837101633282
0.5234516344563
0.691781069666341
1.03633053382024
1.60575815416389
2.56576445710023
3.60336221750314
4.31350635158132
4.36216441144722
3.69936312695242
2.43951695743204
1.11391994526252
0.499780311497496
0.677315256929404
0.999508443908347
1.54263450995543
2.43688680149953
3.47185415091648
4.2674784613799
4.36347949421071
3.78747356623126
2.55918906577043
1.22307116892039
0.506355678890628
0.656274075405001
0.964001430859234
1.47162041864238
2.35403689609716
3.37848344359888
4.21619024574743
4.40424706156182
3.87032369438663
2.74330005311185
1.36246914747385
0.561588767892339
0.616821862084088
0.906138155003426
1.36378422290542
2.22778944525786
3.23382463386142
4.128079733433
4.39898673010739
3.97158498010342
2.8919039671912
1.53342897909748
0.599725903802771
0.593150535365652
0.866685924777251
1.3177565846069
2.09496663758209
3.16149524378974
4.04785972789275
4.41739789043568
4.07416136767643
3.04971347845964
1.708334091075
0.647068558725856
0.561588767892339
0.836439216752659
1.24279729589526
1.96871924596346
3.00763093757559
3.95580399920826
4.40950739307059
4.12150432267234
3.16544048299448
1.82800604114326
0.707561956696615
0.547122958366906
0.802247287837041
1.19545459229718
1.89112971742068
2.86823254450398
3.89004991732464
4.40424706156182
4.19251876334098
3.31667467460128
2.01606201445577
0.756219694390531
0.518191340383225
0.777260879514962
1.14285159288507
1.78460851783598
2.79458812502326
3.78352832236273
4.36610965974786
4.25169747140733
3.44818270242551
2.17387127195311
0.860110553333598
0.503725531924566
0.740438806045397
1.08498829909559
1.68071749083686
2.67097072919947
3.68358215432506
4.33323259150838
4.28062928672889
3.57706060154926
2.29354332228451
0.987672772649617
0.507670752378061
0.723342844153045
1.03107023511756
1.61627876221821
2.54472320512456
3.62045826858134
4.30167060799079
4.34901358399889
3.66385593921139
2.47370898570693
1.08104307473097
0.516876266872302
0.678630330799798
0.992933070956902
1.52948375163279
2.41321539867629
3.49684068103435
4.26879354389958
4.39241131586576
3.79667913537416
2.58417555324655
1.23753699530214
0.5234516344563
0.643123337336228
0.960056207321706
1.44137367874811
2.33957104088318
3.36796280155687
4.20172433970253
4.39109623302762
3.87163877589249
2.76565639155118
1.37035960010875
0.558958620679419
0.624712304535826
0.925864271122997
1.3756199019261
2.24357037502777
3.27196195259335
4.14649088401031
4.4252883879231
3.97421514363278
2.9300412614917
1.51633299361581
0.616821862084088
0.581314872364423
0.869316073375558
1.30986613270024
2.1160078723135
3.12072777371913
4.06627087560037
4.41345264173785
4.06364071160187
3.04971347845964
1.69649840509253
0.643123337336228
0.582629946019445
0.854850256232275
1.25200282204958
1.98055493770856
3.02867220760368
3.97026989834377
4.41082247595629
4.11492891199576
3.19042699863734
1.80301958791912
0.722027770182059
0.553698326288888
0.816713103671482
1.1901942921389
1.91217094443254
2.89716428348547
3.88741975422288
4.39109623302762
4.1846282694483
3.30220879353855
2.00291124502559
0.802247287837041
0.541862664082245
0.766740286857818
1.13233099358107
1.77803313581008
2.7472452892398
3.79930929801633
4.37663032203212
4.25564271885485
3.43371681776036
2.18439189072065
0.853535181964382
0.499780311497496
0.741753880057864
1.0994541219972
1.69386825268582
2.68017627897886
3.69015755952849
4.32008176480566
4.26879354389958
3.54023834143035
2.29222824466694
1.01002904078636
0.519506413897084
0.728603140066603
1.04553605666538
1.57814155895458
2.54340812690309
3.56259471333715
4.27668403908869
4.30561585582382
3.68884247848118
2.47370898570693
1.14153651796153
0.53265714919727
0.673370035335957
0.96794665442367
1.52027822098882
2.40400985341058
3.4836898755612
4.22408074012583
4.37136999086285
3.77695291598166
2.66308025808447
1.23359176988905
0.541862664082245
0.662849444550126
0.952165760327368
1.43085307394532
2.32115995298067
3.34166119736841
4.17805285796376
4.38320573607007
3.88347450959527
2.78932780973114
1.39534603417422
0.558958620679419
0.62734245204333
0.914028601370688
1.36509929834001
2.21069343851723
3.21804367518788
4.11492891199576
4.40161689582781
3.97421514363278
2.89847936256708
1.52685360000495
0.561588767892339
0.603671124900394
0.881151742215401
1.32038673526672
2.09365156043793
3.14965952635095
4.04522956398821
4.40687722730942
4.03076366275297
3.04971347845964
1.65047073975075
0.647068558725856
0.577369651417023
0.854850256232275
1.24937267170466
2.0042263219546
2.99842538219848
3.96895481658745
4.39372639870729
4.12281940481775
3.16149524378974
1.86745833798073
0.750959398228055
0.569479209601703
0.816713103671482
1.19808474239442
1.88586941079172
2.86428730749073
3.8782141834718
4.37663032203212
4.1872584340657
3.32193499508576
2.04236355425054
0.812767881135521
0.541862664082245
0.765425212789033
1.13101591868162
1.75699191384557
2.75645084031705
3.66911626316888
3.50078592274043
2.25409099512566
0.419560835203363
0.0960528933670517
0.306464542845724
0.151285944174916
0.117094054978423
0.193368272025445
0.195998417614611
0.180217544253544
0.149970871477358
0.0999981111128747
0.101313183700583
0.0960528933670517
0.109203619287506
0.114463909736564
0.135505071995169
0.130244781361135
0.118409127603691
0.101313183700583
0.0881624579533806
0.090792603079727
0.101313183700583
0.105258401481045
0.118409127603691
0.127614636061473
0.111833764506251
0.102628256291183
0.0960528933670517
0.0973679659461055
0.0973679659461055
0.090792603079727
0.0960528933670517
0.101313183700583
0.0934227482176198
0.0894775305151114
0.0842172402855041
0.0802720226436051
0.078956950102075
0.0868473853945417
0.090792603079727
0.0947378207908898
0.0986830385280442
0.0960528933670517
0.101313183700583
0.0986830385280442
0.0947378207908898
0.0881624579533806
0.0842172402855041
0.0855323128385805
0.08158709518802
0.078956950102075
0.0710665149134826
0.0710665149134826
0.0723815874377038
0.0736966599648099
0.078956950102075
0.0776418775634298
0.0750117324948008
0.0763268050276764
0.0776418775634298
0.0763268050276764
0.078956950102075
0.0736966599648099
0.0750117324948008
0.0736966599648099
0.0710665149134826
0.0697514423921533
0.0684363698736945
0.0658062248454385
0.0658062248454385
0.0723815874377038
0.0671212973581206
0.0671212973581206
0.0658062248454385
0.06054593482353
0.0644911523356413
0.0671212973581206
0.0684363698736945
0.0644911523356413
0.0644911523356413
0.06054593482353
0.0631760798287218
0.0592308623252649
0.06054593482353
0.0579157898298774
0.0552856448477499
0.06054593482353
0.0592308623252649
0.0566007173373748
0.0631760798287218
0.0579157898298774
0.0592308623252649
0.0579157898298774
0.0552856448477499
0.0579157898298774
0.061861007324687
0.0566007173373748
0.0539705723610169
0.353807174229381
3.68752739743719
7.48812606591017
10.1511938006316
11.4360476871883
11.5899147970279
10.6614525979959
8.77691733426276
5.76272950749967
2.7630262340397
2.06603494113191
3.91635154907626
6.16120086952343
7.56571645698169
7.8958045389565
7.21327207384567
5.51023297216532
3.14834444665177
0.760164916543523
0.748329250164609
2.44346219135453
4.8960882939997
7.24746442759506
8.67697012374598
9.06492323859784
8.41921163204538
6.92789752714148
4.40687722730942
1.34537316713993
0.113148837119965
1.0994541219972
2.70647785063932
4.77378548281934
6.93973333436475
8.27455131928082
8.5783380301991
7.87344796808603
6.20065349755799
3.83876173924568
0.924549196694137
0.178902471492286
1.00608381693465
2.40006461977267
4.43186380258942
6.42290336296168
7.8865988919942
8.38501919026298
7.89185926166409
6.39528651014735
4.06232562960766
1.28356462713246
0.110518691895436
0.789096546481282
2.13704910784516
4.21356008098163
6.39397142195806
7.84188575225934
8.35345693863047
7.82741973740433
6.39923177473701
4.00314694333922
1.24674252137183
0.106573474080314
0.866685924777251
2.11469279511935
3.91766663069889
6.03495248159147
7.68275961411857
8.36792297035232
8.05887603042172
6.72800393915919
4.60413969719135
1.73332054007903
0.0934227482176198
0.700986587048895
1.86351310817164
3.64412972484225
5.83900452828836
7.6091144780483
8.36134750132988
8.14830235716834
6.90422591359272
4.71592179758388
2.043678631273
0.0710665149134826
0.644438411129819
1.80038943501304
3.54681374483348
5.56941183592679
7.45524878550904
8.37186825181218
8.21668720724492
7.13436665173202
5.05784367082956
2.39743446402986
0.105258401481045
0.528711928576364
1.55184004096323
3.28642783282995
5.45236920117195
7.29217750938296
8.26271547757595
8.22326267414636
7.26982096794923
5.2669421627036
2.71305324375412
0.22493001986097
0.390629223474939
1.3677294492183
3.03130236641538
5.22748961031609
7.08833849501815
8.22983814114399
8.38764937799954
7.57229191445499
5.78245580483107
3.20094763715402
0.624712304535826
0.290683666556866
1.16783801700453
2.80510875576141
5.04732299431893
7.09228376541526
8.21800230061752
8.44551351212024
7.66960869609356
5.91264938732963
3.44423746111379
0.649698706333702
0.268327425864932
1.0507963555
2.62494298264733
4.74222347186608
6.63200244353697
8.01021759536778
8.38764937799954
7.82347446070553
6.20854402355453
3.76643226594469
1.06131695331329
0.174957253225912
0.846959810669595
2.35535197386282
4.54759111464659
6.60044031225319
8.04967038014487
8.51521350181715
7.90895546351219
6.48602760398829
4.17279252883677
1.30592090678783
0.215724509903005
0.824603548823667
2.15283003501946
4.16753219976371
6.15462543183317
7.80769335425238
8.51258331332883
8.25350982313238
6.93184279618264
4.68041453948121
1.94767801681604
0.156546234994082
0.581314872364423
1.93189709547734
4.01366759817975
6.23879104107888
7.78928206408178
8.49943237112013
8.16539856871336
6.85030724275153
4.66594862023036
1.86745833798073
0.257806842300702
0.727288066083766
1.82011558210984
3.66780118217454
5.77719545879774
7.66697851253395
8.59280406921506
8.50206255953081
7.41053568793172
5.40765629189148
2.79195796737078
0.30120425070286
0.434026641598429
1.57156617934195
3.49158035880563
5.80612736268599
7.61700502777473
8.44288332404303
8.31137393991522
7.32242459657179
5.24458571596436
2.56050414403003
0.26043698817432
0.487944650374736
1.47688072139732
3.19568731786965
5.36162830128857
7.26982096794923
8.35477203240404
8.47313048786683
7.53546935381832
5.70881096554271
3.11941269409137
0.461643182063611
0.324875565712738
1.28487970238208
3.06286427316532
5.2669421627036
7.25798515233318
8.36134750132988
8.47444558199265
7.47760533592616
5.6180700181584
2.97606903408437
0.411670395500714
0.390629223474939
1.32038673526672
2.85902699151807
4.83690951067288
6.8463619743968
8.1785495011128
8.48365124098195
7.75114439395244
6.14410473171613
3.62703367299084
0.886412039555019
0.206519000087219
1.03501545914008
2.59206602321441
4.82244358692211
6.9384182446585
8.24561926233096
8.49285690016132
7.74719911791426
6.07572018657149
3.53629309942799
0.902192931860071
0.289368593551707
1.01397426466503
2.42242094409691
4.2977253601882
6.3426829854071
7.84188575225934
8.3771286271461
7.97471009201034
6.58991960229339
4.4081923101883
1.58734709054089
0.251231477667524
0.737808658029373
2.13967926234292
4.28588961696317
6.37161492329568
7.8944894465219
8.49022671180496
8.06545149502005
6.72537376093654
4.43843921734074
1.61890891426246
0.291998739564924
0.798302065399128
2.0042263219546
3.85848796098388
5.95341708197517
7.68275961411857
8.52178897310592
8.31663431453844
7.183024993784
5.03417214899316
2.2396251425429
0.297259031626282
0.530027002113734
1.76882760110344
3.76774734718769
6.05336370276793
7.71300672701249
8.45471917051251
8.20616646040269
6.98444638657794
4.8540056029162
2.09759679187977
0.386684003803403
0.739123732035907
1.72279992983658
3.35744215972441
5.46288988629976
7.34215095884817
8.38764937799954
8.45734935865947
7.55388063376729
5.67856398120538
3.05365871683736
0.765425212789033
0.453752741798901
1.36246914747385
3.28642783282995
5.53916486022207
7.37765841306886
8.35345693863047
8.27323622574264
7.29217750938296
5.37872441158167
2.75119052539656
0.704931808828647
0.668109739919409
1.48871640277441
2.85113651765551
4.91449947246088
6.95419932137759
8.20748155374451
8.55598142537298
7.91553092593294
6.21511946198427
3.70199328910336
1.18230384199197
0.387999077024325
1.04027575787874
2.76960162784241
4.96315759022817
6.89765046559707
8.00627231707937
8.26666075810956
7.43815260062869
5.7929764970686
3.44029221983164
1.19545459229718
0.615506788352448
1.14679681767375
2.50132562549239
4.36347949421071
6.3163812252131
7.80769335425238
8.37581353330682
7.9839157407615
6.63989297668723
4.35953424593043
1.86745833798073
0.444547228290027
0.736493584025801
2.16466573069599
4.48578220606111
6.52942552456164
7.83004992188921
8.35740221996279
7.79059715621214
6.36898474705144
4.16490203524739
1.63205967466775
0.561588767892339
0.921919047845371
2.09759679187977
3.91635154907626
5.94815673408576
7.64067667776985
8.40869088044911
8.22326267414636
7.01863872351035
4.95132183141634
2.46976375156596
0.581314872364423
0.557643547077376
1.79249897636893
4.03339382658374
6.22827033911456
7.69591053252201
8.36660787654011
8.06413640209272
6.81743000747526
4.80403241184235
2.25409099512566
0.766740286857818
0.739123732035907
1.78460851783598
3.38374376469849
5.50365754329967
7.36056223106615
8.27718150636874
8.30874375262677
7.44735823856231
5.61412475995918
3.09837142048847
1.14022144304101
0.487944650374736
1.35194854413073
3.274592112607
5.59045321143271
7.37239804930827
8.27586641282286
8.29033244203963
7.32373968736402
5.60360407158366
3.073384909163
0.987672772649617
0.531342075654031
1.33222241338595
2.98921982697965
5.08020010915296
7.10806484733803
8.27718150636874
8.59280406921506
7.8221593684802
6.18487244595462
3.63229399657792
1.14285159288507
0.370903125380146
1.07315262608282
2.96686347924973
5.33006625307478
7.22773806935493
8.22194758075837
8.25219472965585
7.45393369434186
5.69566010255665
3.24960559300415
1.01134411540959
0.565533988733783
1.13101591868162
2.64466915926278
4.62255086496535
6.75693590057782
8.21800230061752
8.65329841929554
8.11937030833938
6.58860451356485
4.15964170625517
1.46241488893864
0.381423710948916
0.803562361988952
2.40269477552811
4.61992069809944
6.67408528852844
8.05361565881198
8.42973238388942
7.87870833760361
6.4518353057248
4.18594335175532
1.56762095161112
0.536602369844623
0.873261296295361
2.17518634928809
4.12676465127414
6.27824367550543
7.99312138969982
8.68486069217702
8.41263616226868
7.18434008418047
4.88030728442909
2.05814447872584
0.430081421637389
0.566849062353477
1.98976047590669
4.17147744656346
6.33742263325231
7.84451593682787
8.36397768892726
7.95761388768317
6.63463262123908
4.52523470003329
1.91743125130956
0.593150535365652
0.778575953610464
1.82537588811976
3.67963691124274
5.85084030845072
7.75114439395244
8.62436633779384
8.57307765249184
7.44998842086286
5.41554680499846
2.76697147031172
0.637863042191377
0.470848695839116
1.51501791783092
3.64412972484225
5.87188169611965
7.55651081667744
8.38764937799954
8.25877019707702
7.23036825040511
5.36031321590598
2.71436832238668
0.725972992103898
0.633917820863736
1.5097576147219
3.21146827587898
5.36820372825417
7.42368659853334
8.54940595357915
8.72299844157498
7.87344796808603
5.9941847800609
3.3903191661467
0.810137732793073
0.365642832665834
1.21255056814504
3.16149524378974
5.44710885869255
7.33031514138128
8.2995380972387
8.30216828447315
7.40790550585643
5.66804329144105
3.10494681840019
0.911398452569664
0.586575167002188
1.27698925092979
2.86165714949798
4.93685590436039
7.09885921615139
8.4639248290947
8.79006828469639
8.13383633252168
6.53600096741916
3.95580399920826
1.27830432616427
0.323560492631877
0.961371281831227
2.58549063156658
4.93159556735294
6.91474663057776
8.18907024730904
8.46260973499989
7.81163863081436
6.31112087334824
3.92424203886213
1.32038673526672
0.501095384970249
1.00082351850762
2.44477726933503
4.42002805625122
6.59517995724404
8.20222118040032
8.7637663842205
8.37975881483626
7.04362543285271
4.64622236737479
1.77934821220909
0.330135858065354
0.662849444550126
2.25014576256539
4.54364586493729
6.70170215759337
8.04967038014487
8.44025313598132
7.88528379958625
6.38345071657448
4.11755907625631
1.48608625133593
0.486629576931328
0.869316073375558
2.08444602051629
3.99657153417275
6.15725560689847
7.8760781528372
8.66118898730527
8.45208898238106
7.27113605859191
5.06573417835843
2.37244798510333
0.50504060540613
0.552383252698611
1.72937531121501
3.91503646745696
6.07440509926018
7.68144452229904
8.42052672601233
8.22457776753819
7.11332520809786
5.17357112713781
2.47239390765677
0.702301660972516
0.676000183061966
1.62285414235183
3.49552560047224
5.57598726567517
7.58281264660837
8.64146256754411
8.77691733426276
7.83794047543507
5.99286969297213
3.21015319602697
0.800932213688093
0.394574443172779
1.35589377036163
3.31404451437866
5.69039975746162
7.51179770925447
8.39027956575158
8.32978525136665
7.30138314440492
5.50234245753712
2.97475395481259
0.840384439449188
0.648383632528308
1.36115407204534
2.90505475802343
5.14200909092519
7.30269823513729
8.56781727484681
8.81768528188161
8.08254770342381
6.40449212757408
3.84402206496926
1.1744133919536
0.368272979017149
1.08761844868702
2.87875317668075
5.12096773456508
7.16198354794695
8.34030600110719
8.49943237112013
7.79980280123097
6.15857069443651
3.82035059963264
1.09156367309671
0.415615615338879
1.08235814951617
2.67491596480004
4.65542795194478
6.7924433102045
8.27323622574264
8.69801163987432
8.18907024730904
6.63726279895583
4.24117681169591
1.32827718731891
0.249916404749605
0.835124142526432
2.48817484446783
4.7921966567904
6.92000698915891
8.1535627298823
8.42184181998316
7.7274727382352
6.17698192034774
3.96895481658745
1.31644150928155
0.464273328841962
0.977152176178684
2.26592669297617
4.25827288383676
6.3545187779675
8.06808168088619
8.73614939040498
8.45603426458405
7.10411957680717
4.89214304156042
1.96477401543772
0.343286589150942
0.606301272313551
1.99896601425724
4.20698466912618
6.40317703935936
7.90632527857057
8.45340407644485
8.09438354039033
6.71090778097443
4.61466036440867
2.00291124502559
0.560273694284412
0.796986991259097
1.91085586772104
3.72697983019851
5.94026621235901
7.8773932452185
8.7624512892378
8.71116258796206
7.57886737202256
5.54574028956414
2.75776591905518
0.581314872364423
0.499780311497496
1.61496368620069
3.64149956298259
5.92448516929195
7.74325384191021
8.56518708604763
8.41526635016775
7.40790550585643
5.46288988629976
2.75645084031705
0.603671124900394
0.565533988733783
1.52816867581734
3.41925093349231
5.43132783159221
7.44604314741766
8.55072104793013
8.65066822999015
7.72089727853167
5.81138770903268
3.20883811617821
0.582629946019445
0.332766004259149
1.30592090678783
3.2561809927855
5.60491915761821
7.38686404979422
8.35608712618149
8.2995380972387
7.39212441371976
5.49313685729801
2.93924681569424
0.626027378288107
0.527396855041935
1.35194854413073
2.93267141981917
5.0736246860124
7.02258399331755
8.34425128232362
8.60332482515879
7.8958045389565
6.15199525678229
3.65991069627801
0.961371281831227
0.264382207006541
1.04816620607669
2.67754612188306
4.98682910869337
6.99233692564783
8.1785495011128
8.49943237112013
7.72352746240171
6.17172157001529
3.79404897274527
1.16783801700453
0.485314503490848
1.05737172911081
2.46581851745349
4.5173442009934
6.58071398127044
8.16802875516251
8.73220410571494
8.30611356535374
6.84373179551206
4.57520786347218
1.68203256700792
0.274902790687065
0.757534768438568
2.29222824466694
4.60282461380458
6.61622137763169
7.96550444344631
8.35345693863047
7.82741973740433
6.46367110099904
4.14517580180435
1.60312800218097
0.462958255451319
0.828548771439905
2.08444602051629
3.9860508796805
6.14410473171613
7.89843472383716
8.64803804070036
8.44551351212024
7.19617589791638
5.03022689546312
2.18307681336374
0.414300542056566
0.548438031945416
1.82669096462997
3.90583089621541
6.08361071051484
7.75903494613119
8.40211541082721
8.15619291626232
7.04888579288482
4.98814419308547
2.30143378805602
0.574739504133476
0.66021929688322
1.73069038749994
3.54023834143035
5.62859070684544
7.59596356213964
8.63751728369713
8.68617578692918
7.69328034881104
5.77456528580243
3.00500077888027
0.661534370715195
0.378793564539201
1.40323648726501
3.54549866414626
5.83768944162149
7.59464847056953
8.39553994130207
8.23641360823786
7.14357228362134
5.25116114137098
2.67754612188306
0.677315256929404
0.601040977499032
1.41375709155641
3.07206982965195
5.10518671787989
7.20012116922876
8.45471917051251
8.69801163987432
7.91684601842852
6.23353069006782
3.62834875388265
1.1204953195943
0.36432775949455
1.10602949616361
2.88795873000429
5.15121468461315
7.14883264478279
8.28112678702953
8.5204738788404
7.75245948597274
6.12043315729562
3.80982994871804
1.21123549306171
0.516876266872302
1.10602949616361
2.5960112582413
4.71460671390583
6.79112822091125
8.34688146982054
8.86897399552563
8.42578710191886
6.93184279618264
4.54627603140675
1.60575815416389
0.313039908089834
0.748329250164609
2.44609234731869
4.80140224402892
6.93052770649856
8.17591931460218
8.43236257188916
7.77218586673259
6.1953931469658
3.93870793711518
1.28224955188588
0.423506055094172
0.914028601370688
2.34614642956951
4.24249189414801
6.43605424581761
8.07202695971412
8.64935313534331
8.2995380972387
6.892390107267
4.70671621190964
1.80564974083754
0.353807174229381
0.648383632528308
2.0015961680997
4.1701623642935
6.30586052154132
7.88133852238524
8.40211541082721
8.05230056591911
6.88449956988262
4.76457989608671
2.04499370829858
0.52082148741389
0.728603140066603
1.82406081161264
3.81903551825667
5.87582695640931
7.77087077465539
8.68617578692918
8.6519833246409
7.56440136549834
5.48261617152198
2.73672465962927
0.524766707981904
0.439286934920808
1.55973049623209
3.73750047943879
5.93895112541708
7.67092378787904
8.44025313598132
8.32057959554637
7.16461372862445
5.14989959979013
2.63940884542853
0.535287296292566
0.594465609047184
1.53342897909748
3.29826355331732
5.45894462935043
7.48418079213796
8.57570784133769
8.7059022086801
7.76298022227177
5.91922482171738
3.35744215972441
0.762795064660345
0.330135858065354
1.27304402524451
3.15755000461423
5.58124760953749
7.38291877688943
8.38764937799954
8.39422484740864
7.47497515346776
5.60228898555264
3.10231665922577
0.8140829553112
0.512931046357153
1.2441123710511
2.91426031179753
4.97762351804575
7.12384592979596
8.47839086439337
8.78086261935174
8.09438354039033
6.46761636615597
3.92424203886213
1.22701639426098
0.309094688934636
0.949535611353156
2.69858737900701
4.97630843368138
7.03047453303201
8.24693435578823
8.43367766589484
7.74851420992319
6.23090051458396
3.88084434652686
1.19545459229718
0.469533622433822
1.06000187857612
2.48028437600525
4.44632971515454
6.6464684210798
8.25350982313238
8.761136194259
8.32057959554637
6.79375839950142
4.47789170763468
1.66493657702392
0.290683666556866
0.753589546303367
2.26198146033104
4.4673710432568
6.63200244353697
8.05624584460919
8.52836444449176
8.09438354039033
6.63989297668723
4.41213755884537
1.61101845816652
0.414300542056566
0.828548771439905
2.1199531039147
4.00314694333922
6.13884438174407
7.91158564846906
8.67170974486999
8.46655501729592
7.25009460875719
5.04600790977072
2.28565285662629
0.278848009615238
0.544492811218696
1.80827989376834
4.0228731713411
6.30191525772416
7.79848770907403
8.42710219590519
8.0207383376384
6.78849804233581
4.72381229972428
2.11732294951077
0.455067815169024
0.712822252468058
1.70964916731066
3.56917011702046
5.71275622450776
7.56966173145435
8.62173614865993
8.6519833246409
7.62752576095478
5.72590708795546
2.96291824151186
0.623397230786495
0.360382539998234
1.40849678938637
3.47974463398338
5.76009933458264
7.53809953662297
8.38764937799954
8.26929094515123
7.17907972261693
5.30244946254442
2.64466915926278
0.676000183061966
0.562903841503207
1.45452443502577
3.0641793526537
5.1775163818056
7.17776463223536
7.8760781528372
7.38291877688943
5.90344377933692
3.40873029063759
0.452437668431706
0.0224088335435795
0.777260879514962
0.794356842987945
0.507670752378061
0.293313812575896
0.326190638796525
0.0999981111128747
0.0986830385280442
0.168381889506541
0.151285944174916
0.136820144660909
0.107888546682467
0.017148543901925
0.0289841956604135
0.113148837119965
0.156546234994082
0.139450290001058
0.131559854015308
0.0921076756472274
0.0684363698736945
0.0750117324948008
0.0736966599648099
0.0473952099705528
0.0592308623252649
0.0342444854057078
0.0316143405273053
0.0302992680924206
0.0513404273961839
0.0855323128385805
0.078956950102075
0.0934227482176198
0.0868473853945417
0.0750117324948008
0.0513404273961839
0.0460801375011002
0.0500253549180911
0.0316143405273053
0.0329294129650677
0.0302992680924206
0.0434499925708494
0.0381897027449156
0.0368746302956353
0.0263540508050468
0.0460801375011002
0.0526554998771545
0.0579157898298774
0.0500253549180911
0.0395047751970807
0.0473952099705528
0.0276691232312913
0.0329294129650677
0.0224088335435795
0.0263540508050468
0.0276691232312913
0.0237239059611909
0.0316143405273053
0.0224088335435795
0.02503897838168
0.0316143405273053
0.0302992680924206
0.0289841956604135
0.0289841956604135
0.0381897027449156
0.0460801375011002
0.0500253549180911
0.0513404273961839
0.0421349201100512
0.0447650650345324
0.0447650650345324
0.0408198476521235
0.0368746302956353
0.0276691232312913
0.0263540508050468
0.0237239059611909
0.0210937611288458
0.02503897838168
0.0158334714987021
0.0224088335435795
0.0224088335435795
0.0184636163080185
0.0210937611288458
0.0158334714987021
0.0210937611288458
0.0224088335435795
0.0224088335435795
0.0289841956604135
0.0302992680924206
0.0329294129650677
0.0342444854057078
0.0408198476521235
0.0355595578492327
0.0368746302956353
0.0302992680924206
0.0355595578492327
0.205203927267995
4.58309836341333
9.85398148556516
14.2148705488061
17.1830914477347
18.8559322036126
19.4608923556847
19.0071721397577
17.5763135097318
15.1459713758796
11.7293158185163
7.9510384246522
4.71986704863863
3.73750047943879
4.128079733433
4.20829975149052
3.66648610118352
2.52499703213596
1.40323648726501
1.56893602751834
3.18385159967014
6.09544649667253
8.85845323326615
10.9284181441789
11.8332090637849
11.6661908217309
10.4365704229476
8.41526635016775
5.62070019030892
2.45792804931408
1.23096161962876
2.44214711337721
5.59439846944085
8.9531401026504
11.4413081002429
12.787976095813
13.0417919607189
12.0317898980308
10.2051128711987
7.50916752660044
3.87689910194927
1.03633053382024
1.78197836501636
5.07099451678051
8.92289290604943
11.8674017832494
13.50339532932
14.0754686455114
13.5178615406247
11.7990163472104
9.11226669300354
5.52206874434572
1.87403372105781
1.2441123710511
4.10966858351502
7.97997046270237
11.2243161177918
13.2272223079601
14.0294397263904
13.7151281125304
12.5131186854754
10.262977247247
7.61568993614421
5.34058693558821
3.35744215972441
3.29037307296301
5.37609424072873
8.02468361605298
9.88817404224446
10.7798116860295
10.6732885052896
9.58570152005301
7.52100334866211
4.66989387089399
2.26592669297617
1.47293549432654
3.6073074600101
7.43552241839574
10.4405157232263
12.1830270229433
12.766934373432
12.1803968115882
10.6759187069559
8.59543425817763
5.86925152261106
2.65387470859547
1.24016714559266
3.16675556273589
6.77666223892838
10.39974762213
12.576243815466
13.5836170533815
13.4152829630526
12.1396285377907
9.94340817804246
7.29217750938296
3.95974924438691
1.47688072139732
2.701217536205
6.25720227007296
9.82241912797821
12.6630408856201
14.3661085206689
14.6962020436199
13.8755716656147
12.0383654240171
9.13856861433124
5.88503256387681
2.35009166281915
1.93321217223849
4.72775755084084
8.73088901082608
11.8884434582036
13.7190734449989
14.496304736201
14.0439059575152
12.5249546465837
10.1617145943502
7.2316833409358
3.90714597781133
2.26461161542465
4.01761284380023
7.41579605212733
10.7127415320233
12.8392652988242
13.6690992367201
13.274566240533
11.8187429141124
9.38843694605168
6.15988578197817
2.83141033350505
1.90428048421007
4.16358695299427
7.75508967002474
10.9875977219639
13.0089142487568
13.8137614363994
13.4626269185541
11.9726101689879
9.55282408480237
6.72142849363011
3.44029221983164
2.01080170664634
3.8308712507602
7.44341296513965
10.5023254324243
12.6630408856201
13.6191250349281
13.391610987471
12.1001753735447
9.86450227194464
6.5793988925675
3.36270248061445
1.9358423257701
3.57180027851687
7.34346604969654
10.5141613352228
12.3645116482118
13.0930811968945
12.7038092130225
11.2493030675038
9.15303467173597
6.24799665548736
3.09311110221746
1.45715458631786
3.43634697857902
7.11332520809786
10.365555024253
12.7945516342874
13.9728899190745
13.9413272395629
12.736686899476
10.4076382220341
7.32373968736402
3.55996455188691
1.3743048264672
3.08785078399831
6.77534714967928
10.1340975113952
12.3158527188557
13.3219101788674
13.2351129629891
12.0291596876664
9.89606463263561
7.18039481300222
4.42134313916409
2.30143378805602
3.05365871683736
6.11122754533599
9.37002559039559
11.8923887723795
13.1456855486801
13.3968714263642
12.4631446313506
10.5562445478759
8.07597223857652
5.65883768808344
3.88610467267701
3.47974463398338
5.15515993910312
7.46050915021535
9.04914208826658
9.76981520383334
9.40553320557473
8.3192645018732
6.29665490601864
3.7716925909366
1.74910145581243
2.03841832320186
3.90320073303358
6.8082243820104
9.53309762485378
11.1861781448405
11.8055918694042
11.3190035142028
9.74219814623985
7.11727047870676
4.16490203524739
1.84510203609759
2.00291124502559
3.86769353138491
6.5780838038682
9.05966285509093
10.7706059779781
11.3387300578696
10.7561398657368
9.12673274953801
7.43157714507448
5.45894462935043
3.52708753487114
2.90110952073996
3.58232092463444
5.55363080489118
7.99312138969982
9.79348696889978
10.7061660273089
10.63383548228
9.47786354178778
7.80900844643591
5.7811407183174
4.17673777567695
3.36927788180066
3.51788197047562
4.92896539886997
7.07913286422155
8.89790609303456
9.87633815693078
9.82899461895031
8.83478151910026
7.7774462350794
6.31901140116728
4.64885253437766
3.67700674920441
3.63755432021789
4.76852514752292
6.86871849551233
8.85976832853485
10.0170537035595
10.1932769770721
9.33320288142549
7.82478955293467
5.8731967828793
4.2872046995302
3.4074152102955
3.31667467460128
4.45948054511636
6.61359120003203
8.562556897264
9.6790734498368
9.94340817804246
9.29506507899544
8.24956454271433
6.68197582238201
5.06310400916824
4.01629776192338
3.62440351121712
4.32665717811468
6.24931174327445
8.28507206772502
9.63830542166719
10.0604519656286
9.51600136029358
8.17460422135262
6.65567404338318
5.19066723092494
4.23723156435985
3.66911626316888
4.18331318714465
5.80744244926732
7.73667838197928
9.11489688506513
9.6290997384212
9.24377631548035
8.19170043389654
6.91343154094171
5.42212223268431
4.30561585582382
3.62571859210233
4.04391448204096
5.68513941242336
7.77876132717559
9.39895772106305
10.1433032055138
9.95261386803667
8.91500233336516
7.70906145130403
6.49917848859134
5.2669421627036
4.23986172924718
4.0689010396123
5.24721588611651
7.12384592979596
8.64935313534331
9.33583307481985
9.01231940636954
8.21405702051128
6.65961931013957
5.0486380788706
3.94791350894126
3.36796280155687
3.78484340364892
5.47078040029353
7.67749924686316
9.34240855837539
10.2406205555633
10.1380428088502
9.13067803776682
7.75771985409192
6.3203264891498
5.08677553238043
4.12544956911865
3.85191255365454
4.95395200001696
6.92921261681818
8.53362482167037
9.44630121177324
9.34240855837539
8.60463991966927
7.41842623424765
5.87714204317967
4.63964694992756
3.79667913537416
3.71119885673603
4.89740337815305
6.96866530883792
8.79927395023288
9.96839505134593
10.1104257274353
9.30558585174554
8.08254770342381
6.67014002165114
5.37477915530753
4.2977253601882
3.76643226594469
4.56731736365403
6.42158827469608
8.28638716129789
9.32399720467058
9.55939957165215
8.85319285223058
8.0667665879512
6.93315788587042
5.44053343067249
4.44895988111968
3.9781603889519
4.65279778490765
6.40054686294083
8.26271547757595
9.41342378712036
9.70274520990152
9.00705902349373
7.50390716133757
5.74826355663203
4.24512205906236
3.38374376469849
3.21409843559277
4.27931420417877
6.43210898092265
8.562556897264
9.72904716705782
10.0341499880889
9.33057268804705
8.20748155374451
6.79375839950142
5.12754315833184
3.96500957133858
3.62966383477777
4.31087618631528
6.1414745567229
8.14961745034108
9.65145639807424
10.1840712818688
9.72247167761781
8.40343050474386
6.83715634836472
5.20513316535929
4.03470890850416
3.47579939243514
4.01629776192338
5.83242909498964
7.79980280123097
9.23851592982028
9.72510187338174
9.23588573701405
8.32452487658905
6.65698913229831
4.80403241184235
3.77300767219288
3.30483895370237
3.93213252876823
5.76141442103938
8.01284778091249
9.63172993361426
10.39974762213
10.1525088998321
8.94524952942347
7.28823223728676
5.71801656984422
4.70014079367387
3.81246011142672
3.78221324107987
5.1091319720042
7.16855899966863
8.78217771438924
9.664607374883
9.58570152005301
8.64277766216757
7.33952077716265
5.80612736268599
4.64096203341015
3.62966383477777
3.58100584385819
4.92633523040083
7.17644954185751
9.03730622589103
10.2761282429071
10.5536143469614
9.84477579769528
8.72168334671347
7.86950269098782
6.88712974899599
5.71801656984422
4.71723688126536
4.77510056665205
6.0783503612049
7.66303323722292
8.5993795416507
8.78480790447596
8.25877019707702
6.89633537600902
5.10518671787989
4.07810661375979
3.53497801876713
3.707253613445
4.95526708432246
7.06466687333731
9.01494959783109
10.13935790801
10.2169487656561
9.29769527215912
7.74719911791426
5.95341708197517
4.34638341854991
3.4836898755612
3.33245563621162
4.5173442009934
6.5793988925675
8.60069463614951
9.76455481177376
9.8868589438601
9.15566486404283
8.07597223857652
6.38608089289858
4.64622236737479
3.67174642516748
3.39163424644618
4.35821916317712
6.48602760398829
8.54020029323102
9.99864232098755
10.4418308233274
9.90264012473948
8.63751728369713
7.29086241868048
5.92317008239294
4.8540056029162
4.0465446459388
4.2661633788636
5.72459200159471
7.59070319588185
8.86897399552563
9.34240855837539
8.92157781059223
7.8760781528372
6.35320368989073
4.93685590436039
4.02155808945086
3.44949778286931
4.00972235258943
5.73116743343402
8.01284778091249
9.69353952527706
10.4628724255042
10.2222091632988
9.15171957558849
8.0457251015122
6.84110161664207
5.49445194303588
4.39504148155222
4.13860039082499
5.24458571596436
7.06861214353392
8.5572965197434
9.21221400247213
8.9636608671733
8.2035362737306
6.66882493269937
5.10387163317875
4.05180497377474
3.42977157655697
3.81377519278606
5.39056018059379
7.62358048598393
9.41210869018611
10.3313624291487
10.2669225459021
9.26087256931418
7.58938810432684
5.93106060384062
4.64227711689617
3.77958307852412
3.70067820802624
5.00655537493872
7.05940651312712
8.66776446075396
9.50153529080927
9.43841062962905
8.75850600431315
7.59201828744063
6.12963876943163
4.84348493069749
3.86111812393894
3.69147264057912
4.78430615357735
6.89765046559707
8.72562863130971
9.9118458138549
10.1051653311789
9.32531230133792
8.20879664709017
6.67934564441615
5.27351758840754
4.17279252883677
3.76380210346867
4.60413969719135
6.46630127776669
8.33241543877862
9.33057268804705
9.4397257266431
8.71116258796206
7.74193874991644
6.22037981279305
4.73301788571101
3.92029679395417
3.69673296481474
4.58046819675261
6.53468587884036
8.57965312463564
9.82767952074781
10.203797771835
9.54756369539465
8.42447200793642
7.04494052285518
5.53390451681196
4.32665717811468
3.67437658717932
4.24249189414801
6.02706195844552
8.04967038014487
9.35555952578504
9.70537540554471
8.98470239697487
7.97339499934688
6.35188860181758
4.70671621190964
3.79667913537416
3.50604624506126
4.29378011241607
6.23879104107888
8.39685503519936
9.83030971715684
10.39974762213
9.94735347372995
8.6822305026844
7.29875296295138
5.74957864305676
4.60545478058155
3.78352832236273
4.03733907235505
5.57467217971843
7.59070319588185
9.06886852626946
9.62252425050878
9.23588573701405
8.34951165733293
7.06598196339914
5.55494589079138
4.43186380258942
3.76380210346867
4.10046300880315
5.58256269551192
7.66434832898948
9.29769527215912
10.0302046915981
9.78691147847248
8.58885878580038
6.75036045464474
5.05521350168106
4.10309317298974
3.44686762198499
3.78221324107987
5.29324386604432
7.45787896785468
9.10306102091251
9.88159855036308
9.70537540554471
8.6901210712091
7.54599008512729
6.0520486155177
4.80534749575423
3.88741975422288
3.79930929801633
5.0157609661202
7.14751755448685
8.97023634512804
10.1485636022427
10.3326775289091
9.54361840338091
8.50469274795703
7.54467499370049
6.20065349755799
4.99866486834698
4.26221813133497
4.83427934268717
6.42158827469608
8.02731380168182
8.8887004254392
8.99127787524458
8.5244191616486
7.45130351201876
5.73116743343402
4.55811178068829
3.89136499888051
3.78221324107987
4.85795085505513
6.81874509684211
8.65461351395408
9.74614344007299
9.88028345199894
9.0425666091296
7.51705807460768
5.6180700181584
4.16884728202692
3.39557948736426
3.31930483483699
4.50024812016139
6.66093439906569
8.6690795554554
9.78428128232979
9.92105150316866
9.14382899878665
8.12857596003804
6.87792412216378
5.27877792903367
4.25301255388646
3.8019394606718
4.42134313916409
6.23484577781516
8.2009060870739
9.50548058243881
9.93288738972074
9.34766894529147
7.9247365734821
6.29270964227752
4.9158145566626
4.01235251631296
3.52445737359881
4.12281940481775
5.93895112541708
7.99049120426977
9.3292575913638
9.79874736131422
9.37002559039559
8.39553994130207
7.32373968736402
5.87451186964251
4.75011397441873
3.9268722021508
4.17673777567695
5.58913812543707
7.64199176947214
9.23983102622935
9.9710252486209
9.78559638039912
8.73614939040498
7.48812606591017
6.12043315729562
4.86584135942616
3.93213252876823
3.97290006186643
5.36820372825417
7.35267168573998
8.82820604316854
9.55939957165215
9.20958380982457
8.38238900254188
6.90159573438338
5.27088741811546
4.12544956911865
3.49552560047224
3.87952926499766
5.45894462935043
7.65382759496286
9.38186146179913
10.2406205555633
10.1354126105428
9.02415526807071
7.42105641638299
5.82190840189711
4.6264961152899
3.82429584378051
3.76511718470502
5.04337774068474
7.06598196339914
8.70721730349474
9.52915233297216
9.50679567965665
8.78349280943065
7.62621066929405
6.19802332225468
4.90529388314562
3.93213252876823
3.77826799725123
4.81718325111613
6.91606172021751
8.7677116691921
9.85266638728591
10.0459858777806
9.2858594030478
8.10621937766733
6.6214817328749
5.16699570276126
4.10966858351502
3.7440758853218
4.61597544782623
6.51364446207563
8.43367766589484
9.46865786196251
9.55150898744443
8.76639657419765
7.72878783018727
6.254572094459
4.860581023165
4.03470890850416
3.76248702223564
4.6764692887353
6.51758972764789
8.51915878457876
9.72510187338174
10.002587617186
9.31084623821601
7.90106490873305
6.09281632194566
4.60150953042123
3.63755432021789
3.27327703259854
4.28062928672889
6.2900794664682
8.4178965380823
9.68696403638025
9.9460383751634
9.34766894529147
8.24561926233096
6.95156914188744
5.46025971499668
4.29641027759411
3.81772043688402
4.35032866672847
5.94684164712235
7.9839157407615
9.475233347532
9.98943662999989
9.61331856759997
8.24430416887754
6.47287671974952
4.96710284322777
4.05312005574211
3.57180027851687
4.10046300880315
5.75352390235229
7.72484255434242
9.14251390266687
9.74088304830352
9.41342378712036
8.50469274795703
7.05809142308384
5.47735582871854
4.31745159950577
3.60599237917114
3.95317383577256
5.56809674998772
7.66960869609356
9.3568746225479
10.1735504875955
9.97497054456376
8.85713813800137
7.34346604969654
5.76141442103938
4.54759111464659
3.69278772163306
3.70462345126755
5.13937892133141
7.27902660252645
8.95577029375752
9.71458109042263
9.57649583793035
8.73088901082608
7.4854958833916
5.95867742992186
4.72512738342636
3.76117194100593
3.71908934340759
5.03680231803053
7.10674975715737
9.00705902349373
10.1406730071738
10.3024302354547
9.52389194385271
8.14435707767319
6.89107501769372
5.86793643586213
4.79745699233461
4.16490203524739
4.77773073432778
6.42027318643412
8.069396773825
9.04651189659995
9.10963650095777
8.62568143236663
7.49075624844378
6.09018614723315
4.92633523040083
3.94528334554567
3.65859561530684
4.6264961152899
6.62279682169486
8.64803804070036
9.96839505134593
10.3195265314888
9.68696403638025
8.45734935865947
7.11595538850008
5.79955192983277
4.64753745087452
3.93607777376637
4.43580905143001
6.10859737052277
7.95761388768317
9.12278746134479
9.4265747566822
8.8255758528233
7.82347446070553
6.30717560948762
4.95132183141634
3.99657153417275
3.60862254085236
4.36873982529856
6.24931174327445
8.42447200793642
9.86055697702202
10.337937927992
9.79611716509893
8.56650218044527
7.16198354794695
5.73248251981254
4.48841237223049
3.77695291598166
4.1977790926702
5.82585366178008
7.77481605089842
9.131993133851
9.55939957165215
9.06360814271519
8.17460422135262
6.55835747381719
5.03680231803053
4.0228731713411
3.47579939243514
4.11624399412435
5.86267608890207
8.0154779664725
9.65934698411128
10.3497738261682
10.0946445388616
8.87686456738506
7.35924714016909
5.87451186964251
4.83296425869948
3.91898171232486
3.95711908093114
5.3852998387755
7.32373968736402
8.85713813800137
9.56465996120409
9.33188778473428
8.44682860616465
7.24220406531559
5.86793643586213
4.7764156504882
3.85191255365454
3.89794040670996
5.20118791047167
7.31847932421756
9.13725351822729
10.1248918174762
10.181441083276
9.258242376373
7.92342148096363
6.57282344910757
5.20644825032881
4.15043613064842
3.88084434652686
4.96184250590189
6.90685609281682
8.57044746366154
9.40421810866442
9.33977836494123
8.62568143236663
7.21721734530343
5.55757606260239
4.45553529609209
3.66122577725249
3.63229399657792
4.90003354647008
7.09754412599674
9.01757978930841
10.1525088998321
10.2800735416849
9.48575412465102
8.04177982291399
6.64515333219396
5.39582052246828
4.37663032203212
3.83218633216612
4.52917994959929
6.37029983517174
8.23772870166818
9.31610662475011
9.5317825275559
8.84398718556934
7.77218586673259
6.3663545708217
5.11044705671927
4.15832662401552
3.78089815980034
4.51997436732639
6.37029983517174
8.38896447187363
9.75008873394238
10.1367277096944
9.5909619099256
8.32452487658905
6.8161149181121
5.40634120638595
4.2885197821006
3.71777426228737
4.33060242614074
6.13095385689403
8.00627231707937
9.2779688238191
9.66723757029297
9.131993133851
8.16934384839285
6.61096102244701
5.03680231803053
3.9992016978293
3.5494439062178
4.19120368101711
6.0665145754678
8.17065894162703
9.61068837251928
10.220894063882
9.85266638728591
8.69275126074856
7.09491394569856
5.4379032594891
4.20961483385823
3.56390979406722
3.98473579788403
5.72590708795546
7.66434832898948
8.64540785142617
8.41132106832494
7.19880607878758
5.31033997396684
3.64149956298259
2.44477726933503
1.69123810029144
0.828548771439905
0.315670054207864
0.447177374992201
0.389314150248175
0.639178115973166
0.800932213688093
0.754904620345464
0.728603140066603
0.63654796841255
0.472163769247338
0.3853689305854
0.2985741046489
0.173642180476243
0.211779291393121
0.330135858065354
0.348546881666827
0.272272644749485
0.207834072909343
0.299889177674423
0.427451275011329
0.372218198566024
0.340656442910493
0.316985127271245
0.299889177674423
0.276217863660214
0.213094364226855
0.184162762554685
0.203888854451669
0.160491453138846
0.198628563215358
0.209149145734365
0.219669728439008
0.220984801290143
0.205203927267995
0.205203927267995
0.184162762554685
0.160491453138846
0.155231162284949
0.171012034985601
0.177587398733934
0.193368272025445
0.201258708827716
0.188107980881909
0.192053199235211
0.193368272025445
0.201258708827716
0.195998417614611
0.198628563215358
0.206519000087219
0.207834072909343
0.210464218562301
0.205203927267995
0.197313490413542
0.167066816771346
0.167066816771346
0.164436671309666
0.160491453138846
0.163121598583167
0.160491453138846
0.161806525859554
0.161806525859554
0.155231162284949
0.167066816771346
0.165751744039063
0.164436671309666
0.181532617017695
0.182847689784744
0.190738126447883
0.190738126447883
0.190738126447883
0.193368272025445
0.194683344818579
0.197313490413542
0.193368272025445
0.194683344818579
0.188107980881909
0.182847689784744
0.174957253225912
0.174957253225912
0.164436671309666
0.156546234994082
0.160491453138846
0.155231162284949
0.160491453138846
0.161806525859554
0.165751744039063
0.164436671309666
0.161806525859554
0.167066816771346
0.168381889506541
0.169696962244622
0.176272325978474
0.269642498823544
4.75011397441873
11.1020115963343
16.6504669455675
20.8365232378741
23.6247159590697
24.2011254907696
23.1716668151047
22.2811983761181
23.2745786178529
21.712405972105
18.3943220324482
14.2306518995717
9.26350276227125
4.68830504106565
1.30723598208893
0.599725903802771
0.917973824594597
1.50318223590435
2.52499703213596
4.64753745087452
7.74851420992319
10.5575596483393
12.814278250369
14.0018223775847
13.8703112201869
12.9142264537114
11.1283136408975
8.70195692425964
6.18881770880676
4.10440825508807
3.2561809927855
5.23932537570197
8.65329841929554
11.4952273379557
13.2482640550595
13.7821987700047
13.3653087940747
11.7727142595025
9.34766894529147
6.09018614723315
2.57760016169416
2.23699498756869
5.56020623442752
10.0394103834668
14.020233943233
16.6267947639915
17.9050948378346
17.6262882515875
16.4926524313342
14.1938287488061
10.9573503811517
7.08833849501815
3.74670604769823
3.55075898691489
6.90028064478425
11.0388866962159
14.058372189189
16.0165790666749
16.8227478699319
16.5044885174877
15.1117783666147
12.7064394278381
9.64751110510996
6.86740340600545
5.42343731823203
6.1822422707379
8.70195692425964
10.8008533051963
11.8305788547151
11.6425189504649
10.4878593294568
8.72299844157498
7.09228376541526
4.90923913568857
3.10494681840019
3.96763973483448
7.0778177741226
10.6364656836982
13.2022352347558
14.4121374806246
14.5896778073556
13.5323277524707
11.2506181701623
8.18380987418018
5.24458571596436
2.75645084031705
3.57443044002647
7.32242459657179
11.2466728621995
14.0780988696291
15.5207795694707
15.9310963466096
15.0946818631644
13.2416885089688
10.6588223964206
7.7669254984465
5.70355062030568
4.66726370378148
6.09018614723315
8.93078347887521
11.5557221009377
13.3442670406412
13.6559481303568
12.7827156651125
10.7653455734687
7.8629272292336
4.24512205906236
1.88455433414222
3.56259471333715
7.69722562438317
11.760878320591
14.5199767802176
16.0507721603413
16.1980655238311
15.0959969787865
12.8050724960747
9.52915233297216
5.5417950319483
2.67360088626333
3.95711908093114
7.37371314024279
10.9363087540623
13.6125494825432
15.0289260880012
15.4563388353624
14.8158774562744
13.1312193512329
10.6627676987898
8.34162109484214
6.56624800573898
5.7929764970686
6.24405139214775
7.79980280123097
9.5317825275559
10.4786536278278
10.4628724255042
9.52389194385271
8.2035362737306
6.74378500880351
5.58519286747137
4.36347949421071
4.20303942205337
5.81664805543639
8.50469274795703
10.8455667494567
12.3763476048988
12.8629372409291
12.3250584617923
10.8126892164448
9.12541765346965
7.93657240631983
6.95419932137759
6.02180160975333
5.95999251691747
7.29743787223021
8.85319285223058
9.99338192611311
10.2327299587805
9.6290997384212
8.4178965380823
7.23825879364518
6.14541981921816
5.05389841711202
4.6633184531384
5.73116743343402
7.89711963139492
10.1985373744209
11.6425189504649
12.114641533318
11.4886518207805
10.015738604778
8.43893804195628
7.40396023277162
6.73326429564855
6.02443178409224
6.03495248159147
7.20669662149061
8.89001552079819
10.0012725184491
10.2577168490975
9.58570152005301
8.29559281641596
6.56361782841711
5.0105006282814
4.17279252883677
4.0991479267149
5.41291663394874
7.93788749887642
10.352404025808
12.0909696357784
12.7932365265838
12.4184310093
11.0599283285175
8.99653825793126
7.7222123704648
6.95945968040229
6.03495248159147
5.72327691523751
6.73326429564855
8.48365124098195
9.81189834263278
10.3971174221948
10.1025351330752
8.87817966270871
7.4736600622442
5.9047588661823
4.75405922574147
4.26879354389958
4.99866486834698
7.10411957680717
9.60148268986325
11.5136387866096
12.4158007963946
12.3434699483025
11.1743422229186
9.28848959615583
7.9839157407615
7.28954732798176
6.5202199047143
6.07440509926018
6.60175540101462
8.14041179821259
9.48838431897074
10.1367277096944
9.94077798093772
8.84661737602438
7.23036825040511
5.51154805794903
4.49104253841352
3.93476269209698
4.55811178068829
6.70433233568391
9.36739539679419
11.4452534100783
12.6183272410433
12.7564135126625
11.7937559295322
9.99864232098755
8.31268903356524
7.34609623140452
6.33742263325231
5.60623424365631
5.97708864818646
7.59596356213964
9.32531230133792
10.3839664227651
10.5628200502343
9.936832685311
8.49285690016132
7.21721734530343
6.07309001195247
4.96841792756789
4.71066146289228
5.94947182105275
8.1785495011128
10.365555024253
11.7543027991229
12.1067509006497
11.4242117580627
9.77376049792036
7.92079129593815
6.91737680986095
6.14278964421771
5.46420497195658
5.76535968043094
7.25403988052839
9.09648554096605
10.4418308233274
10.8363610399515
10.3471436265448
9.02547036383499
7.40001495972058
5.9047588661823
4.74485363936989
4.29246502983214
5.38266966788743
7.76298022227177
10.2340450582341
11.8739773065549
12.4802410175808
12.0160086361022
10.5654502512065
8.67565502902114
7.39475459570503
6.57413853779225
5.71012605186084
5.56678166405219
6.78455277450023
8.70721730349474
10.118316321942
10.7377284508828
10.483914028734
9.20826871350674
7.68407470594188
6.25983244570138
5.04732299431893
4.34638341854991
5.04337774068474
7.22905315987816
9.68564893861296
11.5807090708752
12.4315820740874
12.2724542192987
11.1335740500114
9.33714817152299
7.8760781528372
7.08833849501815
6.24273630437511
5.82585366178008
6.57413853779225
8.20222118040032
9.61989405537191
10.2998000361263
10.0788633508739
9.11884217318717
7.71169163510589
6.19802332225468
5.0144458816553
4.43054871964936
4.88293745265633
6.81874509684211
9.26481785875574
11.3479357785722
12.4460482458555
12.5683531736678
11.6504095740671
9.87239286189901
8.45077388832114
7.63673140268565
6.93184279618264
6.3163812252131
6.50312375404332
7.84188575225934
9.22931025506794
9.99075172870024
9.88817404224446
8.86108342380748
7.58149755507599
5.79823684327281
4.46868612629212
4.03076366275297
4.58704361343004
6.6214817328749
9.22931025506794
11.3755529419199
12.594655313606
12.785345880454
11.8923887723795
10.0209989999284
8.22589286093387
7.13699683225322
6.25588718226417
5.58519286747137
6.02706195844552
7.55782590813816
9.30821604497282
10.432625122706
10.689069715536
10.095959637887
8.60727010870193
6.77797732818117
5.40502612088395
4.34506833583051
4.1872584340657
5.72985234705904
8.30348337809615
10.6561921948618
12.2974412336193
12.8774034284722
12.3947590937773
10.9705013986249
9.23720083341518
7.776131142987
6.63200244353697
5.5260140018027
5.37609424072873
6.82269036496476
8.83741170950039
10.3116359332332
10.8823895895155
10.699590522698
9.58964681245144
7.99575157514516
6.78455277450023
5.58913812543707
4.83033409073446
5.33795676493882
7.25930024294225
9.66066208179819
11.3545112934862
12.0344201084124
11.7069590476991
10.3195265314888
8.38238900254188
6.96472003948617
6.23221560232408
5.5707269218694
5.61280967389985
6.82532054373161
8.772972049209
10.2300997598855
10.8376761412969
10.5772861557858
9.40027281795741
7.794542432626
6.12306333217362
4.90792405150413
4.21092991622933
4.79088157291294
6.93052770649856
9.58570152005301
11.5622976191938
12.6722466366015
12.6972336760603
11.6767116538471
10.0486160755345
8.40343050474386
7.49864679613491
6.72405867183073
6.13095385689403
6.54126132177087
8.08517788938955
9.55939957165215
10.3090057338475
10.118316321942
9.08070438949758
7.76429531432623
5.9507869080233
4.44764479813542
4.0938875983955
4.80929274751052
6.88055430124025
9.47260315329222
11.4912820276379
12.5933402065677
12.7248509320374
11.7187949850372
9.86318717363306
8.24430416887754
7.3211095057833
6.5228500817953
5.90344377933692
6.25983244570138
7.79585752477154
9.34109346165632
10.3221567309401
10.3813362229285
9.56860525341011
7.91947620343114
6.07045983734782
4.69751062640358
4.02813349893561
4.2674784613799
6.16120086952343
8.73614939040498
11.1283136408975
12.5880797784578
13.0799301100545
12.4578842049661
10.8126892164448
8.88080985336779
7.56045609107093
6.53337079026521
5.64568682644529
5.68645449867761
7.18960044580361
8.9597155804477
10.3103208335383
10.8403063440002
10.4457761236554
9.13725351822729
7.58544282968444
6.33742263325231
5.19461248572879
4.68698995745968
5.5865079534564
7.72878783018727
9.98812153130359
11.5899147970279
12.1172717442418
11.5438861683441
10.1880165797886
8.24167398198225
6.9344729755619
6.19802332225468
5.4878765143818
5.64700191259316
7.12647611025766
9.04651189659995
10.5641351507184
11.1006964941501
10.6706583036398
9.38054636496057
7.54599008512729
5.82453857514886
4.67383912158849
4.15043613064842
5.02365147298247
7.29743787223021
9.93025719268082
11.8279486456623
12.8826638604381
12.7827156651125
11.7306309227204
9.94998367087521
8.34819656357481
7.43289223617781
6.53994623317747
5.96788303896641
6.62279682169486
8.27586641282286
9.70274520990152
10.3931721223228
10.2406205555633
9.20169323197704
7.70511617562966
6.04678826655269
4.84743018275363
4.28194436928239
4.85269051887678
6.80296402468289
9.39501243040389
11.4912820276379
12.5538869974456
12.5749287084887
11.5162689936279
9.68696403638025
7.92736675853045
6.92526734779918
6.04415809209173
5.56678166405219
6.22958542684746
8.12068540142767
9.89474953422697
10.7811267871963
10.7969080015216
9.93025719268082
8.24693435578823
6.53337079026521
5.22091418522401
4.28457453439953
4.46211071114956
6.19013279643135
8.71379277762647
11.1335740500114
12.6459444915088
13.1180682631094
12.5104884719437
10.99154302745
9.2332555442237
7.82741973740433
6.67934564441615
5.69039975746162
5.82848383505321
7.37108295837749
9.16750072961965
10.3787060231082
10.8113741151784
10.4194741221675
9.11489688506513
7.33163023219597
5.90607395303125
4.7672100637074
4.4870972891441
5.69960536141519
8.02599870886549
10.4260496223854
11.941047650386
12.3618814356625
11.7898106163184
10.3103208335383
8.57702293576646
7.30138314440492
6.47024654294547
5.69039975746162
5.72853726068764
7.14094210306293
9.05966285509093
10.4115835220416
10.8389912426465
10.3984325221604
8.96629105834338
7.52889389687265
6.10070684616947
4.97630843368138
4.47394645846743
5.37609424072873
7.59859374529118
9.99075172870024
11.6359434309134
12.3802929238726
11.9805007990245
10.699590522698
8.90316647460402
7.44998842086286
6.64120806555842
5.84821013505634
5.71670148350477
6.83189599071317
8.73614939040498
10.2077430699385
10.857402661977
10.5444086438906
9.39632752728628
7.77218586673259
6.19407805932678
4.97893860241359
4.37005490807901
4.99340453068849
7.11464029829712
9.53309762485378
11.5044330621788
12.4302669675891
12.3197980372311
11.2466728621995
9.30558585174554
7.8958045389565
7.18697026498459
6.2795587633757
5.81270279562826
6.48471251554803
8.16802875516251
9.72641697126975
10.5536143469614
10.3708154237459
9.35555952578504
7.99049120426977
6.45446548242693
5.12754315833184
4.54233078170768
4.95526708432246
6.71616813727291
9.14777428716976
11.2098499897047
12.2540427360621
12.3645116482118
11.4478836166564
9.58964681245144
8.14172689136228
7.20143625967368
6.3255868411161
5.64700191259316
6.07966544852699
7.78007641927558
9.53967311140321
10.5509841460634
10.7692908768446
9.98154603788297
8.39817012910052
6.5833441586873
5.28535335489509
4.45816546210487
4.57126261354773
6.11122754533599
8.5783380301991
10.8205798241308
12.2645635835221
12.6433142770957
12.0331050032195
10.5089009339378
8.70064182946063
7.65119741149402
6.83321108012053
6.02837704562754
6.02443178409224
7.30532841661327
9.03862132169476
10.2143185668592
10.4996952318477
9.93946288239143
8.5783380301991
7.18960044580361
5.62201527638948
4.74090838811933
4.57520786347218
5.78508597786909
8.06413640209272
10.3747607234086
11.9029096103704
12.4499935655199
11.9739252739833
10.4615573253373
8.5783380301991
7.13568174199076
6.07177492464835
5.16436553303505
5.26431199244652
6.92789752714148
9.06229304683649
10.6719734044626
11.4150060356462
11.1006964941501
9.85529658384845
7.83136501413734
6.26903806051478
4.9381709886209
4.24512205906236
5.05389841711202
7.31979441499856
9.8211040297959
11.8253184366267
12.7945516342874
12.7024941056213
11.6346283270159
9.87239286189901
8.29164753562794
7.34741132226412
6.32690192911674
5.79034632398785
6.50575393102952
8.26008529057281
9.74614344007299
10.5286274390963
10.4010627221038
9.38054636496057
8.02599870886549
6.70170215759337
5.51286314373626
4.64096203341015
4.93948607288488
6.66356457692893
9.11226669300354
11.2019593745988
12.2711391133251
12.4394727131684
11.5083783726237
9.72115657974188
8.15619291626232
7.32636986895969
6.5833441586873
6.05467879002175
6.4939181347064
8.08780807537061
9.67512815661934
10.4523516242842
10.3484587263544
9.29638017557529
7.96418935080958
6.17829700793987
4.71460671390583
4.19383384566823
4.72249721602562
6.57150836042655
9.14251390266687
11.3426753667168
12.5473114629735
12.7800854497885
11.8003314516406
10.0262593951439
8.43630785391781
7.46445442378454
6.67671546646497
5.92185499549751
6.07572018657149
7.59333337900319
9.33451797812068
10.4181590221363
10.6272599788069
9.91316091231615
8.34293618858094
6.6464684210798
5.27746284387188
4.48183695683257
4.50682353579784
5.94289638625362
8.38501919026298
10.6614525979959
12.250097418336
12.8313746517723
12.3092771883167
10.7074811282435
8.73351920060771
7.6091144780483
6.77140188195403
5.94421147320628
5.93237569076108
7.19091553621872
8.93472876534118
10.1761806861394
10.6088485696316
10.1590843958961
8.80847961596127
7.19617589791638
5.56020623442752
4.59493411355577
4.27668403908869
5.46815022894818
7.87213287571615
10.3221567309401
12.0028575849676
12.6827674951285
12.3382095234986
10.8810744880287
8.96103067601896
7.83925556770603
7.20538153103079
6.31243596130902
6.04678826655269
6.97392566802538
8.67039465016075
9.98417623523905
10.4221043222423
9.85266638728591
8.46523992319337
6.88975992812411
5.18803706107317
4.20172433970253
4.19383384566823
5.44316360186995
7.70117089998939
10.2103732686945
11.9949669544931
12.6038610629969
12.1422587488784
10.6167391734647
8.57439274691281
6.98576147641366
5.63385105127394
4.77378548281934
4.85137543484083
6.37687527582774
8.65724370328286
10.6285750794933
11.7227402975599
11.7503574862932
10.7877022930925
8.89133061616109
7.11069502771051
5.72985234705904
4.54364586493729
4.56205703051025
6.26640788483573
8.76508147920712
11.092805881133
12.5578323181811
12.848471053918
12.2461521006488
10.8140043177154
9.2345706406169
8.09569863340578
7.09359885555505
6.10859737052277
6.0980766714138
7.42368659853334
9.0701836221679
10.1472485030543
10.3129510329323
9.72115657974188
8.37975881483626
7.01995381344238
5.80875753585221
4.89477320984982
4.78693632130126
6.09939175878984
8.42052672601233
10.5325727402392
11.8831830393623
12.2264255127964
11.5596674118787
9.8421456011974
8.24561926233096
7.4342073272849
6.78455277450023
6.0665145754678
6.11648789500561
7.41842623424765
9.09780063694744
10.1985373744209
10.4668177260296
9.9000099278858
8.53888519891112
6.89896555518882
5.33795676493882
4.48183695683257
4.40161689582781
5.69171484373005
8.06282130916923
10.5259972383549
12.1133264278625
12.7498379748241
12.3500454794049
10.9205275344456
9.00837411920677
7.73010292214312
6.95945968040229
6.01917143542876
5.81138770903268
6.95419932137759
8.74140977004642
10.0578217678015
10.6430411873161
10.2971698368142
9.08333458136948
7.68275961411857
6.25720227007296
5.20250299543071
4.63570169950031
5.29718912166621
7.21721734530343
9.64225071454714
11.4505138232513
12.2671937954303
12.1396285377907
10.9139520264491
9.25298199053827
7.94840823946652
7.27902660252645
6.42290336296168
5.99944512845182
6.73852465219665
8.43367766589484
9.8421456011974
10.4549818245645
10.2051128711987
9.0425666091296
7.77350095881361
6.25720227007296
4.97236318060905
4.53707044882338
5.18935214599731
7.17118918038336
9.61200347005762
11.4294721709652
12.3303188864228
12.2619333716311
11.1440948684403
9.11095159697869
7.70511617562966
6.77534714967928
5.87056660936357
5.42738257489629
6.30849069743753
8.18907024730904
9.88291364873127
10.8784442850675
10.8468818508312
9.94735347372995
8.29690791001968
6.37029983517174
4.97104809625854
4.25301255388646
4.64359220038562
6.40449212757408
9.00574392778463
11.3571414994813
12.6367387411395
12.9839271895108
12.1698759663403
10.5772861557858
8.761136194259
7.71432181892288
6.82269036496476
6.00470547690011
6.04547317932042
7.46313933259105
9.13330822993914
10.2498262519958
10.5812314573865
9.96050445961833
8.5204738788404
6.8595128690416
5.37872441158167
4.443699549203
4.51997436732639
6.00996582540576
8.40474559866437
10.8218949254263
12.3408397358919
12.8471559460342
12.3329490987641
10.7350982488271
8.90316647460402
7.80111789339171
7.0120632739058
6.17566683275923
6.07440509926018
7.20538153103079
8.92552309697563
10.1051653311789
10.3629248245312
9.67644325435447
8.36003240753698
6.82532054373161
5.22222927023545
4.44106938326507
4.49235762151013
5.76930493985451
8.13515142565219
10.5154764355543
12.0133784258409
12.5288999670316
11.9331570211215
10.3865966226182
8.3771286271461
7.0120632739058
6.05862405180476
5.32217574133697
5.4168618905286
6.87134867453716
8.89659099765201
9.91447601078145
9.69090932970627
8.40869088044911
6.60570066732084
4.59098886347753
3.53760818009215
2.47370898570693
1.23096161962876
0.590520388011427
0.602356051198242
0.583945019677415
0.858795479053803
1.10997472069953
1.13233099358107
1.07972799994877
0.911398452569664
0.674685109197483
0.556328473478274
0.474793916072578
0.307779615888727
0.311724835035186
0.469533622433822
0.531342075654031
0.443232154943324
0.281478155581901
0.387999077024325
0.465588402235532
0.444547228290027
0.403779955903353
0.370903125380146
0.360382539998234
0.386684003803403
0.360382539998234
0.331450931160795
0.326190638796525
0.320930346478882
0.341971516029268
0.341971516029268
0.347231808533479
0.351177027942271
0.331450931160795
0.328820784972827
0.316985127271245
0.332766004259149
0.305149469805649
0.309094688934636
0.305149469805649
0.307779615888727
0.313039908089834
0.316985127271245
0.332766004259149
0.322245419553923
0.338026296681718
0.345916735403051
0.349861954803096
0.340656442910493
0.338026296681718
0.347231808533479
0.328820784972827
0.322245419553923
0.323560492631877
0.311724835035186
0.303834396768472
0.293313812575896
0.293313812575896
0.295943958606578
0.299889177674423
0.294628885589781
0.294628885589781
0.297259031626282
0.297259031626282
0.303834396768472
0.303834396768472
0.305149469805649
0.303834396768472
0.30120425070286
0.30120425070286
0.297259031626282
0.290683666556866
0.286738447550142
0.294628885589781
0.290683666556866
0.286738447550142
0.285423374553716
0.282793228569595
0.286738447550142
0.285423374553716
0.282793228569595
0.281478155581901
0.284108301560202
0.286738447550142
0.288053520549468
0.289368593551707
0.288053520549468
0.288053520549468
0.284108301560202
0.285423374553716
0.282793228569595
0.284108301560202
