5.90206052690478
1545.82544376881
1382.10158414084
1174.32356959456
1035.58575205992
1017.17504841056
1138.15968092896
1328.84202385755
1516.23679148146
1606.31780367191
1565.55121269327
1399.19724634414
1197.33695424749
1040.84595318769
1015.20247304699
1117.11887381916
1308.45873644338
1497.82607516572
1603.03017527352
1568.83884090453
1413.00528151372
1209.8299348007
1054.65398132851
1012.57237257048
1105.94094529261
1290.04802574589
1489.93576832845
1599.7425468916
1578.70172563654
1435.36114857386
1234.15837124948
1065.17438389723
1007.31217164572
1089.50281542132
1270.97979018007
1466.9223739166
1591.19471317558
1584.61945654655
1449.82671000607
1245.33630179177
1074.37973626979
1009.94227210339
1080.95498803601
1253.88413115015
1456.40196530496
1589.87966184452
1597.11244419791
1466.26484837356
1271.63731553572
1088.84529023425
1008.62722187338
1061.88675807815
1234.15837124948
1435.36114857386
1579.35925129058
1593.16729017711
1482.04546158408
1285.44534814773
1100.02321849582
1007.31217164572
1058.59913227395
1218.37776372755
1420.23806195256
1572.12646913216
1604.3452266309
1499.14112631431
1307.14368566308
1115.14629818421
1015.20247304699
1044.79110405839
1197.99447953427
1400.51229730061
1563.57863577437
1601.71512391877
1508.34648442686
1322.26676978735
1130.92690341537
1015.85999816759
1036.24327719882
1184.18644864015
1388.01931331661
1550.42812313197
1609.60543208677
1527.41472663533
1343.9651084568
1144.73493327741
1023.75029966078
1029.66802583642
1163.14564017489
1364.34839692071
1541.2227644376
1605.66027799091
1535.96255952671
1358.43066794952
1163.14564017489
1027.03792530801
1024.40782478904
1148.0225594743
1350.54036273395
1528.72977784224
1612.89306051812
1549.77059750671
1382.75910960228
1177.61119592788
1038.21585261907
1018.49009865589
1131.58442864086
1326.21192222196
1514.92174029921
1603.03017527352
1558.97595631981
1396.56714443883
1194.04932782278
1042.16100347556
1015.20247304699
1116.46134860691
1312.40388879927
1503.74380535474
1603.68770095188
1569.49636654875
1419.58053645494
1213.11756129878
1054.65398132851
1009.28474698809
1102.6533192884
1287.4179242575
1486.64814050701
1593.8248158456
1576.72914867834
1431.41599550968
1230.21321933583
1059.2566574336
1009.28474698809
1091.47539098612
1272.294840892
1468.89495054958
1597.11244419791
1587.24955919028
1453.11433764751
1247.96640312171
1078.32488732236
1007.96969675926
1078.32488732236
1249.93897912564
1454.42938870856
1586.59203352836
1591.19471317558
1461.66216959024
1268.34968876363
1084.24261394149
1007.96969675926
1063.201808404
1238.10352318526
1437.33372511457
1581.98935391332
1599.08502121719
1485.33308938295
1286.10287351703
1102.6533192884
1013.22989768873
1055.3115064846
1215.09013720497
1421.55311294972
1571.46894348532
1598.42749554343
1495.85349844769
1305.1711094973
1111.20114693055
1011.25732233576
1046.76367950174
1199.30953010965
1400.51229730061
1564.23616141335
1606.31780367191
1512.94916353071
1324.23934600184
1132.24195386696
1019.14762377944
1037.5583274784
1178.92624646546
1384.07416052707
1550.42812313197
1608.29038071885
1521.49699623639
1341.33500676353
1144.07740803985
1021.12019915361
1027.69545043922
1165.11821594208
1366.97849870206
1542.53781567183
1608.29038071885
1538.59266197695
1366.32097325578
1162.48811492037
1028.35297557103
1024.40782478904
1150.6526604427
1343.9651084568
1526.09967543102
1606.97532935356
1548.45554625813
1376.18385501631
1177.61119592788
1034.92822692161
1016.51752328878
1132.89947909366
1328.84202385755
1515.57926589001
1609.60543208677
1559.63348195421
1399.85477182206
1197.99447953427
1045.44862920558
1013.22989768873
1118.43392424546
1306.48616027386
1500.45617746549
1603.03017527352
1567.52378961807
1413.00528151372
1212.46003599794
1052.68140586381
1007.96969675926
1105.28342009057
1292.02060186871
1484.67556382189
1603.03017527352
1579.35925129058
1433.3885720389
1233.500845929
1066.48943422902
1009.94227210339
1088.18776504778
1272.294840892
1470.21000164145
1589.87966184452
1583.96193088725
1450.48423553308
1249.28145379038
1072.40716075156
1007.31217164572
1078.32488732236
1256.51423251217
1453.77186317771
1589.22213617997
1595.79739285501
1468.23742500461
1269.66473947061
1090.16034060899
1008.62722187338
1065.83190906283
1233.500845929
1438.64877614491
1576.07162302692
1597.11244419791
1480.07288491249
1282.81524667673
1100.02321849582
1007.96969675926
1052.68140586381
1218.37776372755
1420.89558745082
1570.81141783914
1599.7425468916
1501.11370304204
1306.48616027386
1115.80382339526
1017.17504841056
1046.10615435336
1199.30953010965
1403.79992470288
1560.29100758927
1603.03017527352
1510.97658676803
1323.58182059638
1127.63927729695
1015.85999816759
1034.92822692161
1179.58377173517
1386.70426238423
1552.40070001168
1608.29038071885
1525.44214982984
1346.59521016012
1145.39245851558
1023.75029966078
1032.29812637429
1165.77574119903
1366.97849870206
1541.88029005439
1603.68770095188
1536.6200851383
1362.37582059131
1159.20048865688
1026.38040017738
1023.75029966078
1146.70750899373
1345.2801593072
1529.38730344667
1609.60543208677
1547.79802063483
1381.44405868003
1180.24129700548
1038.21585261907
1017.83257353293
1136.84463046651
1328.18449844772
1516.89431707356
1606.31780367191
1560.29100758927
1395.90961896409
1196.67942896133
1040.18842804465
1013.88742280756
1114.48877297377
1308.45873644338
1499.14112631431
1603.68770095188
1567.52378961807
1417.60795996589
1213.77508660023
1053.33893101811
1012.57237257048
1103.96836968829
1292.02060186871
1488.62071719794
1597.76996987034
1582.64687957064
1434.70362306157
1230.21321933583
1061.22923291612
1010.59979721928
1088.84529023425
1269.66473947061
1465.60732283116
1593.16729017711
1584.61945654655
1449.16918447971
1247.96640312171
1077.66736214544
1009.28474698809
1077.66736214544
1255.85670717074
1455.74443977219
1585.9345078671
1597.11244419791
1467.57989946029
1269.00721411681
1088.84529023425
1009.28474698809
1063.201808404
1234.81589657057
1437.33372511457
1578.04419998315
1595.79739285501
1482.70298714257
1282.15772131053
1102.6533192884
1009.28474698809
1056.62655679856
1217.06271311668
1420.23806195256
1572.78399477965
1603.03017527352
1497.1685495924
1309.11626183447
1117.11887381916
1013.22989768873
1047.42120465071
1200.62458068747
1398.53972086686
1563.57863577437
1603.03017527352
1510.31906118176
1322.26676978735
1130.92690341537
1011.91484745283
1038.87337776034
1180.8988222764
1386.70426238423
1551.74317438446
1611.5780091436
1523.46957303019
1345.2801593072
1148.0225594743
1022.43524940601
1030.32555097
1168.40584223287
1365.66344781012
1541.2227644376
1606.31780367191
1539.25018759113
1358.43066794952
1161.17306441316
1026.38040017738
1021.12019915361
1146.04998375436
1347.91026101555
1527.41472663533
1605.66027799091
1549.11307188209
1382.75910960228
1180.8988222764
1036.24327719882
1016.51752328878
1136.18710523619
1330.15707467911
1516.89431707356
1605.00275231058
1563.57863577437
1395.90961896409
1194.7068531065
1042.81852862038
1011.91484745283
1115.80382339526
1311.08883801148
1496.51102401972
1602.37264959582
1569.49636654875
1413.66280700498
1211.80251069771
1055.3115064846
1012.57237257048
1103.31084448805
1292.67812724422
1488.62071719794
1601.05759824239
1578.04419998315
1436.67619960036
1233.500845929
1061.88675807815
1007.96969675926
1089.50281542132
1270.97979018007
1466.9223739166
1594.48234151474
1581.98935391332
1447.19660790445
1247.96640312171
1073.72221109645
1007.31217164572
1078.98241249988
1255.19918182993
1453.77186317771
1590.53718750972
1593.8248158456
1468.23742500461
1270.97979018007
1089.50281542132
1009.28474698809
1065.83190906283
1238.10352318526
1436.01867408679
1578.04419998315
1597.11244419791
1481.38793602624
1283.47277204355
1099.36569329918
1009.28474698809
1054.65398132851
1214.43261190229
1422.21063844925
1572.12646913216
1601.05759824239
1497.1685495924
1309.11626183447
1119.09144945951
1014.54494792698
1047.42120465071
1201.2821059773
1406.43002663612
1562.92111013604
1603.03017527352
1512.94916353071
1323.58182059638
1129.6118529662
1011.25732233576
1036.24327719882
1179.58377173517
1382.10158414084
1549.11307188209
1608.29038071885
1524.12709862942
1345.2801593072
1146.70750899373
1023.0927745331
1029.01050070343
1169.06336749285
1368.29354959652
1542.53781567183
1607.63285503587
1541.2227644376
1361.06076970819
1160.51553916046
1025.0653499179
1021.77772427952
1149.99513519969
1346.59521016012
1523.46957303019
1605.00275231058
1549.11307188209
1379.47148230139
1176.29614539272
1036.24327719882
1019.80514890357
1136.18710523619
1330.15707467911
1516.23679148146
1608.29038071885
1565.55121269327
1400.51229730061
1196.02190367578
1046.10615435336
1017.17504841056
1117.11887381916
1307.80121105292
1501.77122861925
1601.71512391877
1566.86626397582
1413.00528151372
1211.80251069771
1052.02388071009
1009.28474698809
1100.68074369307
1291.36307649381
1485.99061494466
1600.40007256666
1578.70172563654
1436.01867408679
1234.15837124948
1067.80448456319
1009.28474698809
1091.47539098612
1274.9249423233
1471.5250527359
1591.8522388421
1586.59203352836
1448.51165895398
1245.99382712333
1076.3523117934
1005.33959630864
1076.3523117934
1252.56908047284
1453.11433764751
1586.59203352836
1591.8522388421
1468.23742500461
1270.32226482503
1088.18776504778
1008.62722187338
1069.11953489975
1234.81589657057
1437.99125062942
1581.98935391332
1601.71512391877
1481.38793602624
1284.78782277904
1100.68074369307
1010.59979721928
1052.68140586381
1215.74766250826
1417.60795996589
1572.12646913216
1598.42749554343
1495.1959728763
1305.1711094973
1115.80382339526
1013.22989768873
1045.44862920558
1202.59715655879
1404.45745018524
1562.92111013604
1606.31780367191
1515.57926589001
1326.21192222196
1130.92690341537
1017.83257353293
1040.84595318769
1180.24129700548
1384.07416052707
1549.77059750671
1607.63285503587
1521.49699623639
1341.99253218591
1142.10483233078
1022.43524940601
1025.72287504734
1165.11821594208
1366.32097325578
1539.25018759113
1607.63285503587
1540.56523882146
1361.71829514944
1165.11821594208
1032.29812637429
1022.43524940601
1149.99513519969
1351.19788816512
1529.38730344667
1605.66027799091
1548.45554625813
1379.47148230139
1176.95367066
1032.95565151023
1017.83257353293
1129.6118529662
1326.21192222196
1513.60668911956
1605.66027799091
1558.31843068606
1401.16982277979
1197.33695424749
1042.81852862038
1013.88742280756
1120.40649988942
1312.40388879927
1503.08627977559
1603.68770095188
1570.81141783914
1417.60795996589
1211.80251069771
1049.39378010117
1008.62722187338
1102.6533192884
1290.04802574589
1484.01803826147
1595.13986718455
1578.04419998315
1434.70362306157
1230.87074465323
1063.85933356781
1011.25732233576
1092.79044136565
1272.9523662489
1469.5524760952
1596.45491852613
1588.56461051609
1451.14176106072
1249.28145379038
1078.98241249988
1007.96969675926
1075.69478661827
1251.91155513512
1454.42938870856
1583.96193088725
1591.19471317558
1464.9497972894
1266.37711270781
1086.21518949194
1009.94227210339
1065.17438389723
1234.81589657057
1438.64877614491
1583.30440522862
1599.7425468916
1481.38793602624
1289.39050037286
1103.96836968829
1013.22989768873
1056.62655679856
1215.74766250826
1420.89558745082
1572.12646913216
1598.42749554343
1496.51102401972
1305.82863488527
1112.51619734603
1011.91484745283
1044.13357891179
1197.99447953427
1403.14239922115
1564.23616141335
1605.00275231058
1512.2916379425
1326.86944762992
1129.6118529662
1017.17504841056
1038.87337776034
1183.52892336618
1384.73168599041
1553.71575126808
1608.94790640248
1522.81204743161
1343.30758303254
1144.73493327741
1021.12019915361
1026.38040017738
1166.43326645658
1362.37582059131
1537.27761075053
1606.31780367191
1537.93513636341
1361.06076970819
1163.14564017489
1031.64060123893
1022.43524940601
1151.96771093053
1348.56778644421
1528.72977784224
1611.5780091436
1549.11307188209
1380.78653321985
1178.92624646546
1034.92822692161
1014.54494792698
1132.24195386696
1328.84202385755
1512.2916379425
1601.71512391877
1558.31843068606
1398.53972086686
1192.73427725717
1041.50347833133
1013.88742280756
1119.09144945951
1311.08883801148
1500.45617746549
1605.00275231058
1571.46894348532
1420.23806195256
1212.46003599794
1055.3115064846
1013.22989768873
1103.31084448805
1287.4179242575
1486.64814050701
1597.76996987034
1576.72914867834
1432.07352101878
1231.52826997125
1059.91418259385
1005.99712142041
1088.18776504778
1273.60989160641
1470.86752718835
1593.8248158456
1586.59203352836
1454.42938870856
1249.93897912564
1077.00983696912
1008.62722187338
1082.27003839641
1255.19918182993
1454.42938870856
1586.59203352836
1593.8248158456
1465.60732283116
1265.06206200702
1088.18776504778
1006.65464653277
1063.201808404
1234.15837124948
1432.73104652852
1579.35925129058
1599.08502121719
1480.07288491249
1288.73297500045
1103.31084448805
1010.59979721928
1057.28408195643
1218.37776372755
1420.23806195256
1574.09904607659
1603.03017527352
1497.1685495924
1306.48616027386
1116.46134860691
1009.28474698809
1046.10615435336
1199.96705539825
1400.51229730061
1560.29100758927
1604.3452266309
1508.34648442686
1323.58182059638
1131.58442864086
1015.20247304699
1039.5309029022
1182.21387282007
1385.38921145438
1554.37327689726
1606.97532935356
1526.09967543102
1345.93768473335
1144.07740803985
1022.43524940601
1029.01050070343
1163.80316543001
1365.66344781012
1537.27761075053
1606.31780367191
1535.96255952671
1359.08819338825
1161.17306441316
1027.03792530801
1020.4626740283
1149.99513519969
1349.8828373034
1528.07225223846
1608.29038071885
1551.74317438446
1380.78653321985
1179.58377173517
1036.90080233831
1019.80514890357
1132.89947909366
1326.21192222196
1514.92174029921
1603.68770095188
1558.31843068606
1398.53972086686
1194.04932782278
1040.84595318769
1015.20247304699
1115.14629818421
1309.77378722618
1501.77122861925
1604.3452266309
1569.49636654875
1419.58053645494
1213.77508660023
1054.65398132851
1011.91484745283
1106.59847049526
1290.04802574589
1487.30566607001
1599.7425468916
1578.04419998315
1432.73104652852
1232.18579528989
1061.22923291612
1008.62722187338
1088.84529023425
1269.66473947061
1466.9223739166
1595.13986718455
1584.61945654655
1451.14176106072
1251.25402979801
1075.69478661827
1007.96969675926
1082.27003839641
1253.88413115015
1457.05949083838
1589.87966184452
1593.8248158456
1466.26484837356
1270.32226482503
1084.24261394149
1007.31217164572
1064.51685873222
1232.84332060914
1436.67619960036
1579.35925129058
1593.8248158456
1481.38793602624
1285.44534814773
1100.68074369307
1011.91484745283
1055.96903164128
1219.69281434088
1422.21063844925
1571.46894348532
1606.97532935356
1495.85349844769
1307.14368566308
1115.80382339526
1013.22989768873
1043.47605376579
1199.30953010965
1397.88219539022
1562.92111013604
1603.68770095188
1509.66153559615
1323.58182059638
1126.98175207507
1015.20247304699
1038.21585261907
1183.52892336618
1385.38921145438
1552.40070001168
1607.63285503587
1527.41472663533
1343.9651084568
1145.39245851558
1023.75029966078
1030.32555097
1161.83058966646
1365.66344781012
1537.93513636341
1605.00275231058
1536.6200851383
1359.08819338825
1159.85801390837
1029.01050070343
1022.43524940601
1147.36503423372
1349.22531187349
1530.70235465747
1608.29038071885
1549.11307188209
1384.07416052707
1180.24129700548
1034.92822692161
1019.80514890357
1132.24195386696
1325.55439681463
1513.60668911956
1606.31780367191
1555.68832815758
1397.88219539022
1194.7068531065
1040.18842804465
1014.54494792698
1116.46134860691
1310.43131261852
1502.4287541971
1606.31780367191
1568.83884090453
1418.2654854616
1215.74766250826
1054.65398132851
1012.57237257048
1106.59847049526
1290.04802574589
1486.64814050701
1597.76996987034
1576.07162302692
1430.75847000122
1232.18579528989
1061.22923291612
1006.65464653277
1089.50281542132
1269.00721411681
1470.86752718835
1593.8248158456
1585.9345078671
1452.45681211794
1251.25402979801
1075.69478661827
1012.57237257048
1077.66736214544
1254.54165648973
1457.05949083838
1586.59203352836
1589.87966184452
1466.9223739166
1263.7470113087
1086.21518949194
1005.33959630864
1061.88675807815
1234.15837124948
1435.36114857386
1579.35925129058
1599.7425468916
1484.67556382189
1287.4179242575
1101.33826889092
1013.22989768873
1057.28408195643
1220.35033964846
1423.52568945023
1571.46894348532
1600.40007256666
1497.82607516572
1303.85605872323
1111.85867213799
1011.91484745283
1044.79110405839
1197.33695424749
1399.85477182206
1562.26358449837
1605.66027799091
1513.60668911956
1322.92429519155
1132.89947909366
1017.83257353293
1040.18842804465
1181.55634754793
1385.38921145438
1551.74317438446
1609.60543208677
1523.46957303019
1341.33500676353
1144.07740803985
1023.0927745331
1027.69545043922
1163.14564017489
1366.97849870206
1537.27761075053
1605.00275231058
1535.30503391578
1363.69087147694
1161.17306441316
1027.69545043922
1027.03792530801
1149.33760995729
1348.56778644421
1530.70235465747
1611.5780091436
9.18968207102955
7.87463345196976
8.53215776126459
7.87463345196976
5.90206052690478
5.90206052690478
6.55958483478997
7.21710914314488
4.58701191254363
4.58701191254363
7.21710914314488
7.21710914314488
5.90206052690478
11.1622550031452
7.87463345196976
9.18968207102955
7.87463345196976
11.8197793147911
9.84720638126452
9.18968207102955
7.87463345196976
9.84720638126452
9.18968207102955
5.90206052690478
4.58701191254363
4.58701191254363
4.58701191254363
8.53215776126459
5.90206052690478
4.58701191254363
6.55958483478997
8.53215776126459
8.53215776126459
5.90206052690478
8.53215776126459
11.1622550031452
9.84720638126452
9.18968207102955
6.55958483478997
7.87463345196976
11.1622550031452
7.87463345196976
6.55958483478997
7.21710914314488
6.55958483478997
6.55958483478997
3.27196330006074
8.53215776126459
6.55958483478997
8.53215776126459
5.24453621948939
6.55958483478997
9.84720638126452
10.5047306919697
7.87463345196976
8.53215776126459
8.53215776126459
11.8197793147911
7.87463345196976
8.53215776126459
8.53215776126459
9.84720638126452
8.53215776126459
5.24453621948939
5.24453621948939
6.55958483478997
7.21710914314488
5.24453621948939
1.95691468945564
8.53215776126459
6.55958483478997
6.55958483478997
7.21710914314488
9.84720638126452
9.84720638126452
7.87463345196976
9.18968207102955
11.1622550031452
5.90206052690478
9.18968207102955
9.18968207102955
7.87463345196976
6.55958483478997
7.21710914314488
7.21710914314488
5.90206052690478
5.90206052690478
6.55958483478997
3.92948760606743
8.53215776126459
6.55958483478997
5.24453621948939
8.53215776126459
9.84720638126452
9.84720638126452
7.87463345196976
9.18968207102955
10.5047306919697
8.53215776126459
8.53215776126459
2833.26195653124
2284.88467196851
1610.26295777172
1117.77639903201
1032.29812637429
1399.19724634414
2040.94242673591
2671.51032725599
2993.69857997566
2866.13830985762
2340.1168924211
1666.15264341083
1144.73493327741
1021.12019915361
1349.22531187349
1979.79249934389
2622.85334243055
2986.46578033147
2899.67219233156
2404.5544896032
1727.30254027197
1179.58377173517
1011.25732233576
1303.85605872323
1914.69742202736
2572.22378166872
2968.05501804947
2924.65822378261
2457.81414171227
1785.1648136308
1213.11756129878
1005.99712142041
1257.82928319689
1855.52008492926
2518.96411880153
2950.95931079189
2948.98672922086
2513.70390545872
1848.28729966752
1257.82928319689
1011.25732233576
1222.32291557488
1790.42502056016
2464.38940774958
2925.97327810207
2968.71254526275
2565.64851437442
1910.75226604619
1296.62327951039
1011.25732233576
1181.55634754793
1730.59016929987
2403.89696306493
2900.98724658919
2985.1507258614
2620.22323526453
1975.84734294747
1343.9651084568
1020.4626740283
1151.31018568631
1674.0429523582
2348.00721005711
2870.74099948428
2996.32868896188
2667.56516616448
2035.68221768735
1390.64941518896
1029.01050070343
1118.43392424546
1612.89306051812
2287.51477758571
2833.91948357803
3003.56148874191
2714.24957422877
2100.11978167444
1445.22403133496
1046.76367950174
1094.10549174757
1557.00337942051
2228.99493039141
2799.07055120412
3008.82170682638
2757.64635149343
2160.61219495141
1493.88092173546
1067.80448456319
1065.83190906283
1499.79865188958
2164.5573525514
2760.27645931754
3002.90396148506
2795.12538919041
2225.04977236301
1552.40070001168
1091.47539098612
1052.02388071009
1447.8541334289
2105.37999128269
2718.19473565574
3006.84912503852
2832.60442948525
2286.8572511803
1610.26295777172
1113.83124776392
1030.32555097
1397.88219539022
2039.62737446951
2668.88021985851
2995.67116171409
2868.11089112134
2342.08947182003
1664.18006618898
1147.36503423372
1022.43524940601
1347.25273558752
1981.7650775516
2624.82592281325
2985.1507258614
2897.6996109512
2406.52706922254
1728.61759188111
1179.58377173517
1014.54494792698
1301.22595718257
1912.06731803713
2572.22378166872
2968.05501804947
2922.02811515348
2457.15661511272
1789.10996882374
1213.77508660023
1007.31217164572
1260.45938457373
1855.52008492926
2518.96411880153
2950.95931079189
2950.30178360073
2515.67648545653
1848.94482559697
1259.14433388408
1009.94227210339
1220.35033964846
1789.10996882374
2466.36198757559
2925.31575094193
2964.76738199539
2564.99098764924
1912.72484403364
1297.28080489026
1009.28474698809
1180.24129700548
1731.24769510747
2403.23943652741
2901.64477371922
2984.49319862759
2620.22323526453
1972.55971263644
1346.59521016012
1022.43524940601
1149.99513519969
1673.38542660892
2350.63731595967
2870.08347239233
2992.3835254875
2667.56516616448
2036.99726994523
1392.62199159988
1029.01050070343
1115.80382339526
1612.89306051812
2288.82983039874
2834.57701062563
3002.90396148506
2714.90710113129
2101.43483407219
1445.22403133496
1046.76367950174
1094.76301693942
1557.66090505296
2227.02235137391
2802.35818623755
3008.82170682638
2753.04366283186
2161.26972121626
1495.85349844769
1062.54428324078
1067.80448456319
1501.11370304204
2163.89982628292
2756.98882453939
3007.50665230031
2796.44044319178
2223.07719335869
1553.71575126808
1090.81786579726
1049.39378010117
1447.19660790445
2107.35256989763
2717.53720874927
3004.87654325808
2834.57701062563
2286.19972477563
1607.63285503587
1116.46134860691
1030.32555097
1394.5945680165
2040.94242673591
2668.88021985851
2993.04105273117
2868.11089112134
2344.06205122567
1664.83759192893
1147.36503423372
1023.0927745331
1351.19788816512
1979.13497327606
2625.48344960904
2985.1507258614
2898.35713807717
2405.21201614223
1725.32996286331
1180.24129700548
1010.59979721928
1301.22595718257
1914.03989602876
2571.56625493581
2964.76738199539
2920.7130608438
2459.12919491365
1787.1373912242
1216.40518781217
1009.94227210339
1259.8018592286
1856.83513680398
2520.93669881774
2950.95931079189
2950.30178360073
2516.334012124
1848.94482559697
1257.17175785422
1007.31217164572
1218.37776372755
1791.08254642939
2465.04693435749
2924.00069662411
2964.76738199539
2568.27862128287
1910.09474005176
1296.62327951039
1011.25732233576
1184.84397391472
1731.24769510747
2407.84212230587
2901.64477371922
2985.1507258614
2619.56570847497
1974.53229082095
1346.59521016012
1020.4626740283
1145.39245851558
1670.09779787251
2348.00721005711
2870.08347239233
2993.04105273117
2664.93505878584
2035.02469155947
1393.93704254366
1030.98307610417
1118.43392424546
1613.55058620637
2291.45993603369
2837.86464587569
3004.87654325808
2714.24957422877
2100.11978167444
1445.22403133496
1049.39378010117
1089.50281542132
1553.71575126808
2224.3922460275
2800.38560521509
3008.16417956293
2755.01624368205
2157.98208989924
1495.1959728763
1066.48943422902
1068.46200973117
1503.74380535474
2165.2148788206
2761.59151323436
3010.13676135575
2797.09797019367
2224.3922460275
1553.05822563955
1092.13291617559
1047.42120465071
1448.51165895398
2104.72246507915
2716.2221549387
2999.61632521317
2833.91948357803
2280.9395135649
1606.97532935356
1113.83124776392
1033.61317664676
1396.56714443883
2041.59995287017
2671.51032725599
2998.95879796126
2868.76841821086
2344.06205122567
1668.78274638262
1148.6800847155
1021.77772427952
1349.22531187349
1979.13497327606
2623.510869224
2982.52061693112
2894.41197533351
2399.9518038511
1725.32996286331
1175.63862012606
1008.62722187338
1303.85605872323
1913.38237003085
2572.22378166872
2970.02759969176
2923.34316946641
2463.07435453603
1788.45244295655
1218.37776372755
1008.62722187338
1265.06206200702
1853.54750712235
2520.27917214491
2950.95931079189
2946.35662047093
2511.73132546781
1849.6023515271
1253.88413115015
1005.33959630864
1219.03528903391
1791.08254642939
2461.10177472142
2926.63080526302
2970.02759969176
2567.6210945546
1914.69742202736
1301.22595718257
1014.54494792698
1186.1590244657
1732.5627467247
2406.52706922254
2901.64477371922
2983.83567139461
2618.25065489819
1973.21723869724
1344.62263388169
1017.17504841056
1146.70750899373
1671.41284936507
2346.69215711031
2866.79583694472
2993.04105273117
2666.90763931865
2035.68221768735
1392.62199159988
1031.64060123893
1120.40649988942
1616.83821465751
2288.82983039874
2837.20711882407
3004.21901599958
2716.87968184359
2099.46225547663
1443.90898029184
1046.10615435336
1092.13291617559
1554.37327689726
2227.02235137391
2797.75549719635
3004.21901599958
2753.70118978112
2162.58477374814
1493.88092173546
1065.83190906283
1069.77706006892
1504.40133093453
2165.87240509053
2761.59151323436
3008.82170682638
2797.09797019367
2225.04977236301
1554.37327689726
1090.16034060899
1046.76367950174
1449.16918447971
2101.43483407219
2714.90710113129
3002.90396148506
2829.97432130932
2282.25456636315
1607.63285503587
1113.17372255468
1030.98307610417
1399.85477182206
2043.57253127723
2672.16785410732
2998.30127071018
2868.76841821086
2344.71957769571
1670.09779787251
1148.0225594743
1020.4626740283
1348.56778644421
1980.45002541242
2619.56570847497
2981.8630897006
2896.38455670169
2401.26685691937
1723.3573854607
1178.26872119636
1011.91484745283
1301.22595718257
1915.35494802665
2571.56625493581
2970.02759969176
2925.31575094193
2460.44424811807
1787.1373912242
1219.03528903391
1008.62722187338
1261.11690991949
1856.17761086628
2517.64906546123
2948.98672922086
2947.67167484426
2511.73132546781
1848.94482559697
1253.88413115015
1005.99712142041
1219.03528903391
1789.76749469161
2464.38940774958
2925.97327810207
2967.39749083702
2571.56625493581
1912.06731803713
1300.56843179896
1014.54494792698
1182.21387282007
1733.22027253432
2408.49964884867
2900.32971945996
2981.20556247091
2620.22323526453
1970.58713445825
1343.30758303254
1019.14762377944
1148.0225594743
1667.46769489539
2349.32226300689
2868.11089112134
2994.35610722098
2665.59258562932
2038.31232220595
1393.27951707145
1033.61317664676
1119.74897467416
1616.18068896596
2290.14488321473
2837.86464587569
3004.21901599958
2716.87968184359
2098.80472927955
1443.25145477123
1045.44862920558
1092.79044136565
1555.68832815758
2225.70729869924
2798.41302419984
3006.19159777755
2752.38613588338
2161.92724748184
1497.82607516572
1066.48943422902
1068.46200973117
1504.40133093453
2168.50251017749
2759.61893236032
3007.50665230031
2799.07055120412
2227.02235137391
1553.71575126808
1086.87271467662
1050.70883040445
1445.88155685749
2104.06493887632
2716.2221549387
3004.21901599958
2829.97432130932
2282.25456636315
1607.63285503587
1112.51619734603
1032.95565151023
1399.19724634414
2041.59995287017
2670.85280040544
2998.30127071018
2867.45336403262
2344.71957769571
1668.78274638262
1147.36503423372
1022.43524940601
1351.19788816512
1982.42260362224
2620.88076205486
2985.1507258614
2895.06950245542
2400.60933038486
1725.32996286331
1180.8988222764
1009.94227210339
1303.19853333713
1913.38237003085
2570.90872820368
2966.73996362538
2927.28833242478
2460.44424811807
1788.45244295655
1215.74766250826
1009.94227210339
1261.77443526587
1858.15018868145
2520.27917214491
2950.95931079189
2948.98672922086
2516.334012124
1848.94482559697
1253.88413115015
1009.94227210339
1217.72023842181
1790.42502056016
2464.38940774958
2924.00069662411
2966.08243641457
2565.64851437442
1909.43721405802
1299.25338103361
1014.54494792698
1182.21387282007
1731.90522091575
2407.84212230587
2902.95982798172
2983.83567139461
2618.90818168619
1975.84734294747
1346.59521016012
1020.4626740283
1149.99513519969
1671.41284936507
2346.69215711031
2868.11089112134
2994.35610722098
2662.96247826009
2035.02469155947
1390.64941518896
1030.32555097
1117.77639903201
1612.23553483053
2288.82983039874
2838.52217292812
3002.90396148506
2714.24957422877
2101.43483407219
1445.22403133496
1047.42120465071
1094.10549174757
1558.97595631981
2227.67987771235
2799.72807820921
3008.16417956293
2756.33129758615
2161.26972121626
1493.88092173546
1063.201808404
1066.48943422902
1501.11370304204
2166.52993136118
2758.30387844826
3004.21901599958
2795.12538919041
2225.04977236301
1552.40070001168
1088.18776504778
1050.05130525251
1450.48423553308
2108.01009610405
2718.85226256301
3004.21901599958
2835.89206472324
2287.51477758571
1608.94790640248
1116.46134860691
1032.29812637429
1396.56714443883
2038.96984833737
2669.5377467067
2993.69857997566
2866.79583694472
2342.08947182003
1666.15264341083
1142.10483233078
1017.83257353293
1349.8828373034
1981.10755148166
2622.85334243055
2985.1507258614
2898.35713807717
2404.5544896032
1725.98748866552
1180.8988222764
1012.57237257048
1306.48616027386
1913.38237003085
2574.19636187208
2967.39749083702
2923.34316946641
2458.47166831258
1785.82233949459
1212.46003599794
1009.28474698809
1257.17175785422
1852.23245525452
2517.64906546123
2949.64425641039
2947.01414765719
2517.64906546123
1848.94482559697
1259.8018592286
1010.59979721928
1222.98044088492
1791.74007229931
2467.01951418579
2927.28833242478
2968.05501804947
2568.27862128287
1912.72484403364
1295.96575413114
1011.25732233576
1182.21387282007
1729.27511768669
2403.23943652741
2900.32971945996
2979.23298078676
2617.59312811097
1972.55971263644
1343.9651084568
1019.80514890357
1153.94028666681
1670.75532361846
2351.29484243717
2870.74099948428
2996.98621621049
2667.56516616448
2038.31232220595
1394.5945680165
1031.64060123893
1119.74897467416
1612.89306051812
2286.19972477563
2838.52217292812
2999.61632521317
2712.9345204261
2096.17462449838
1443.90898029184
1043.47605376579
1092.13291617559
1555.03080252709
2228.33740405151
2800.38560521509
3010.79428862167
2758.30387844826
2162.58477374814
1496.51102401972
1068.46200973117
1069.11953489975
1505.71638209605
2165.2148788206
2761.59151323436
3007.50665230031
2793.15280819435
2222.41966702538
1551.74317438446
1088.18776504778
1045.44862920558
1447.19660790445
2104.72246507915
2715.5646280346
3002.90396148506
2833.26195653124
2286.19972477563
1611.5780091436
1117.11887381916
1032.95565151023
1399.19724634414
2044.23005741434
2674.14043466602
2996.32868896188
2869.42594530119
2344.06205122567
1666.81016915278
1142.10483233078
1019.80514890357
1347.91026101555
1978.47744720894
2619.56570847497
2985.1507258614
2894.41197533351
2400.60933038486
1724.67243706177
1183.52892336618
1012.57237257048
1305.1711094973
1915.35494802665
2575.51141534486
2969.37007247685
2925.97327810207
2462.4168279304
1786.47986535906
1215.09013720497
1007.96969675926
1258.48680854017
1852.23245525452
2517.64906546123
2948.98672922086
2944.38403891707
2513.70390545872
1848.28729966752
1254.54165648973
1007.31217164572
1223.63796619557
1791.08254642939
2464.38940774958
2928.60338675076
2970.02759969176
2566.9635678271
1914.69742202736
1300.56843179896
1012.57237257048
1182.21387282007
1731.90522091575
2403.89696306493
2899.01466520396
2981.20556247091
2618.25065489819
1969.92960840025
1345.2801593072
1018.49009865589
1145.39245851558
1669.44027212723
2348.66473653163
2870.74099948428
2995.01363446712
2669.5377467067
2036.99726994523
1392.62199159988
1032.95565151023
1121.72155032174
1613.55058620637
2291.45993603369
2839.17969998135
3001.58890697383
2710.96193972802
2099.46225547663
1443.25145477123
1044.79110405839
1090.16034060899
1555.03080252709
2225.70729869924
2797.09797019367
3006.84912503852
2754.35871673119
2162.58477374814
1497.82607516572
1067.14695939581
1070.43458523869
1503.08627977559
2168.50251017749
2760.27645931754
3011.45181588841
2797.75549719635
2225.04977236301
1551.08564875789
1088.84529023425
1046.76367950174
1444.56650581308
2104.06493887632
2714.24957422877
3002.24643422903
2830.6318483521
2282.91209276338
1607.63285503587
1117.77639903201
1034.27070178389
1397.22466991421
2043.57253127723
2674.14043466602
2996.32868896188
2867.45336403262
2347.34968358334
1668.12522063867
1146.04998375436
1019.80514890357
1350.54036273395
1977.81992114252
2620.22323526453
2983.83567139461
2896.38455670169
2399.2942773181
1725.32996286331
1178.92624646546
1011.25732233576
1301.22595718257
1917.98505203079
2574.85388860808
2967.39749083702
2925.97327810207
2461.10177472142
1789.76749469161
1215.09013720497
1010.59979721928
1263.7470113087
1855.52008492926
2518.306592131
2949.64425641039
2947.67167484426
2511.73132546781
1848.94482559697
1254.54165648973
1005.99712142041
1218.37776372755
1793.05512404118
2461.75930132553
2924.65822378261
2967.39749083702
2569.59367474173
1912.06731803713
1301.8834825668
1012.57237257048
1184.18644864015
1731.24769510747
2406.52706922254
2902.95982798172
2985.1507258614
2618.90818168619
1972.55971263644
1345.2801593072
1020.4626740283
1147.36503423372
1670.09779787251
2346.03463063803
2868.76841821086
2993.69857997566
2664.93505878584
2034.36716543231
1393.93704254366
1030.98307610417
1119.74897467416
1613.55058620637
2291.45993603369
2837.86464587569
3001.58890697383
2715.5646280346
2100.77730787296
1448.51165895398
1048.73625495042
1092.79044136565
1556.34585378872
2227.67987771235
2797.75549719635
3005.5340705174
2755.01624368205
2159.29714242387
1493.88092173546
1065.83190906283
1066.48943422902
1499.14112631431
2167.18745763256
2760.93398627555
3006.19159777755
2798.41302419984
2225.70729869924
1551.74317438446
1090.16034060899
1052.02388071009
1450.48423553308
2105.37999128269
2720.1673163799
3002.24643422903
2835.23453767403
2284.88467196851
1606.97532935356
1116.46134860691
1030.32555097
1397.22466991421
2040.94242673591
2668.88021985851
2992.3835254875
2866.79583694472
2342.08947182003
1665.49511766954
1144.73493327741
1023.0927745331
1350.54036273395
1979.13497327606
2624.82592281325
2985.1507258614
2901.64477371922
2404.5544896032
1725.98748866552
1182.87139809282
1013.22989768873
1302.54100795165
1916.01247402664
2570.90872820368
2966.73996362538
2924.65822378261
2455.8415619159
1785.82233949459
1214.43261190229
1004.02454608686
1259.8018592286
1851.57492932163
2518.306592131
2950.30178360073
2948.32920203215
2513.04637879432
1852.23245525452
1256.51423251217
1009.28474698809
1225.6105421312
1794.37017578578
2465.70446096616
2927.94585958737
2967.39749083702
2564.33346092483
1913.38237003085
1296.62327951039
1009.94227210339
1181.55634754793
1731.90522091575
2403.23943652741
2899.67219233156
2980.54803524204
2618.25065489819
1974.53229082095
1345.2801593072
1018.49009865589
1149.99513519969
1674.70047810814
2349.97978948291
2870.08347239233
2996.98621621049
2670.19527355568
2036.99726994523
1393.27951707145
1032.95565151023
1118.43392424546
1612.23553483053
2289.48735680637
2833.26195653124
3002.24643422903
2711.61946662659
2095.51709830488
1442.59392925127
1046.76367950174
1088.84529023425
1558.31843068606
2229.65245673204
2798.41302419984
3011.45181588841
2757.64635149343
2160.61219495141
1497.82607516572
1069.11953489975
1069.77706006892
1501.11370304204
2167.84498390466
2759.61893236032
3004.87654325808
2794.46786219093
2223.73471969273
1547.79802063483
1086.87271467662
1047.42120465071
1445.22403133496
2103.40741267421
2716.87968184359
3002.24643422903
10.5047306919697
9.18968207102955
7.87463345196976
9.84720638126452
11.8197793147911
7.21710914314488
11.8197793147911
9.18968207102955
9.18968207102955
8.53215776126459
10.5047306919697
5.90206052690478
5.90206052690478
7.87463345196976
4.58701191254363
5.90206052690478
6.55958483478997
8.53215776126459
3.27196330006074
5.24453621948939
9.18968207102955
6.55958483478997
5.24453621948939
9.84720638126452
9.84720638126452
8.53215776126459
7.87463345196976
10.5047306919697
10.5047306919697
7.87463345196976
9.84720638126452
10.5047306919697
9.18968207102955
4.58701191254363
9.18968207102955
3.27196330006074
5.24453621948939
6.55958483478997
7.21710914314488
2.61443899452352
5.90206052690478
7.21710914314488
7.87463345196976
5.90206052690478
5.90206052690478
9.84720638126452
11.1622550031452
5.90206052690478
7.87463345196976
9.18968207102955
9.84720638126452
7.87463345196976
11.8197793147911
11.8197793147911
6.55958483478997
5.24453621948939
9.18968207102955
6.55958483478997
4.58701191254363
6.55958483478997
7.87463345196976
4.58701191254363
4.58701191254363
7.21710914314488
8.53215776126459
3.92948760606743
5.90206052690478
7.21710914314488
11.8197793147911
7.87463345196976
7.87463345196976
9.84720638126452
10.5047306919697
7.21710914314488
9.18968207102955
11.1622550031452
3.27196330006074
10.5047306919697
7.21710914314488
5.90206052690478
8.53215776126459
4.58701191254363
3.92948760606743
7.87463345196976
6.55958483478997
2.61443899452352
7.21710914314488
5.90206052690478
3.92948760606743
9.84720638126452
8.53215776126459
7.87463345196976
10.5047306919697
11.8197793147911
7.87463345196976
6.55958483478997
12.4773036269074
6.55958483478997
8.53215776126459
12.4773036269074
4144.37258834094
3233.03855227338
2082.36657458531
1221.00786495665
1034.92822692161
1623.41347160932
2706.35925146012
3789.96470009683
4378.45290405049
4200.92006906952
3336.9279157968
2186.25571981834
1275.58246768268
1025.72287504734
1541.88029005439
2600.49743191627
3705.14355717386
4356.09691349572
4241.68686193014
3434.89955051289
2286.19972477563
1332.12965091614
1010.59979721928
1464.9497972894
2491.34799929843
3616.37726097617
4322.56292979584
4285.74130357152
3529.58356494152
2391.40395898077
1399.85477182206
1009.94227210339
1399.19724634414
2390.08890593508
3530.24109288349
4289.02894864549
4323.87798793205
3622.95254161321
2495.95068578858
1468.89495054958
1010.59979721928
1332.78717632973
2278.96693437307
3429.63932802337
4243.00191982637
4354.78185526326
3703.82850081371
2599.83990515004
1544.51039252807
1023.0927745331
1270.97979018007
2180.99550949916
3333.64027738188
4198.94748241252
4377.79537490026
3795.88245482192
2710.96193972802
1628.01615151492
1040.84595318769
1219.03528903391
2079.07894370015
3229.09338699078
4143.05753073417
4394.23360395227
3870.84068779439
2814.85119954716
1708.8918180265
1060.57170775469
1169.06336749285
1979.79249934389
3129.14921000362
4081.90735624545
4407.38418763873
3947.7715183704
2925.31575094193
1801.60296042978
1092.13291617559
1128.29680251943
1889.71143456876
3028.54752511365
4016.81201825309
4411.32936282188
4016.15448963383
3031.17763427483
1891.0264865153
1126.98175207507
1088.84529023425
1796.34275340778
2917.42542508385
3943.82634726104
4403.43901249123
4077.96218398113
3128.49168258793
1986.36776006086
1172.35099380186
1063.201808404
1708.23429224176
2816.82378062249
3872.15574462038
4395.5486623031
4147.00270356598
3236.3261900323
2081.70904840685
1220.35033964846
1036.90080233831
1621.44089451684
2706.35925146012
3790.62222839595
4375.1652583092
4193.68725136966
3332.32522202196
2182.9680883634
1271.63731553572
1020.4626740283
1543.85286690867
2603.78506575905
3707.11614172089
4354.1243261485
4247.60462249378
3436.21460614402
2288.17230399185
1337.38985424245
1013.88742280756
1468.89495054958
2494.63563250186
3617.6923170964
4323.87798793205
4285.74130357152
3526.29592524494
2388.7738528924
1395.25209348998
1005.99712142041
1396.56714443883
2388.11632637218
3523.66581350363
4286.39883258436
4324.53551700162
3620.32242934762
2495.95068578858
1470.86752718835
1014.54494792698
1334.1022271588
2284.22714556606
3434.24202269864
4246.28956458395
4354.78185526326
3702.51344445718
2602.47001221961
1544.51039252807
1021.12019915361
1267.03463805913
2179.68045692663
3332.32522202196
4196.31736688337
4373.85020001959
3792.59481329881
2709.64688593324
1626.70110011001
1038.87337776034
1220.35033964846
2081.70904840685
3236.3261900323
4143.05753073417
4394.23360395227
3873.47080145007
2818.79636170505
1712.17944696027
1061.88675807815
1171.03594327643
1984.39518183838
3131.12179225572
4080.59229882021
4400.1513665622
3945.14140429375
2920.7130608438
1797.00027928314
1088.84529023425
1126.3242268538
1887.081330684
3026.57494325146
4017.4695468733
4408.69924602915
4018.78460411654
3028.54752511365
1893.65659041669
1131.58442864086
1091.47539098612
1799.63038279141
2920.7130608438
3946.4564613302
4405.41160006052
4079.93477010901
3131.77931967477
1988.34033828968
1167.09079171474
1059.91418259385
1706.26171489157
2812.22109145794
3867.55304574564
4392.91854560538
4141.08494433121
3233.03855227338
2083.02410076449
1221.66539026546
1040.18842804465
1623.41347160932
2708.98935903704
3791.93728499694
4378.45290405049
4197.63242464601
3338.24297116881
2188.22829870004
1274.26741696455
1020.4626740283
1543.85286690867
2600.49743191627
3702.51344445718
4354.78185526326
4243.00191982637
3429.63932802337
2283.56961916435
1333.44470174395
1011.91484745283
1465.60732283116
2494.63563250186
3618.34984515786
4324.53551700162
4289.02894864549
3530.24109288349
2391.40395898077
1398.53972086686
1013.22989768873
1399.85477182206
2390.08890593508
3527.61098112091
4289.02894864549
4319.27528447246
3619.66490128347
2495.29315914484
1465.60732283116
1010.59979721928
1334.1022271588
2281.59703996365
3430.2968558315
4244.31697772649
4353.46679703473
3705.14355717386
2605.75764607404
1543.85286690867
1022.43524940601
1275.58246768268
2184.28314094319
3332.98274970149
4198.94748241252
4381.08302066128
3793.2523416016
2709.64688593324
1624.72852300762
1037.5583274784
1219.03528903391
2079.73646987575
3231.72349717578
4142.40000193223
4389.63089975547
3870.18315938279
2816.16625359658
1708.23429224176
1061.22923291612
1172.35099380186
1985.710233986
3129.14921000362
4084.53747110736
4406.726658445
3947.7715183704
2922.68564230954
1802.2604863106
1091.47539098612
1128.95432774251
1887.73885665415
3024.60236139671
4013.52437516623
4406.726658445
4017.4695468733
3023.28730683101
1890.36896054168
1125.00917641306
1088.84529023425
1796.34275340778
2918.74047938539
3946.4564613302
4405.41160006052
4083.2224136745
3131.12179225572
1987.6828122127
1171.03594327643
1061.88675807815
1712.17944696027
2814.85119954716
3871.49821620692
4397.52124983678
4143.05753073417
3232.38102472415
2081.0515222291
1219.03528903391
1034.27070178389
1624.72852300762
2706.35925146012
3788.64964350135
4376.48031660276
4194.34478024664
3332.32522202196
2184.94066723418
1272.294840892
1025.72287504734
1543.85286690867
2601.81248545105
3707.11614172089
4358.72702997247
4245.63203563049
3433.58449488526
2288.17230399185
1332.78717632973
1009.94227210339
1469.5524760952
2491.34799929843
3616.37726097617
4325.19304607218
4283.76871653884
3523.66581350363
2390.74643245755
1395.90961896409
1005.99712142041
1397.22466991421
2390.74643245755
3525.63839730828
4288.37141962874
4328.48069143967
3617.6923170964
2496.60821243308
1472.18257828408
1013.22989768873
1334.75975257428
2283.56961916435
3432.92696707276
4245.63203563049
4351.49420969931
3703.82850081371
2603.12753898894
1544.51039252807
1017.83257353293
1268.34968876363
2182.31056207459
3329.03758363725
4196.97489576421
4378.45290405049
3793.2523416016
2707.674305247
1628.01615151492
1039.5309029022
1219.69281434088
2084.33915312499
3233.69607982346
4143.71505953707
4396.20619148001
3871.49821620692
2816.16625359658
1707.57676645769
1061.22923291612
1167.7483169735
1984.39518183838
3129.14921000362
4078.61971268948
4402.12395411665
3946.4564613302
2918.74047938539
1799.63038279141
1092.13291617559
1127.63927729695
1888.39638262499
3027.23247053803
4017.4695468733
4408.69924602915
4019.44213273957
3030.52010698329
1892.34153846461
1127.63927729695
1092.13291617559
1798.97285691332
2916.7678979343
3946.4564613302
4402.78148330344
4081.90735624545
3127.17662775907
1984.39518183838
1167.09079171474
1059.91418259385
1706.91924067429
2815.50872657147
3868.21057415354
4394.89113312719
4145.68764595154
3234.3536073744
2086.96925785458
1218.37776372755
1042.81852862038
1624.07099730814
2708.98935903704
3792.59481329881
4379.76796235391
4196.31736688337
3336.27038811209
2182.31056207459
1270.32226482503
1020.4626740283
1542.53781567183
2599.18237838459
3703.17097263499
4354.78185526326
4240.37180403778
3430.2968558315
2287.51477758571
1332.12965091614
1011.91484745283
1470.86752718835
2496.60821243308
3618.34984515786
4327.16563328974
4289.68647766322
3526.29592524494
2394.03406508118
1400.51229730061
1008.62722187338
1395.25209348998
2389.43137941336
3524.98086937251
4286.39883258436
4323.22045886345
3619.66490128347
2493.32057921819
1468.23742500461
1006.65464653277
1334.75975257428
2282.25456636315
3431.61191145038
4245.63203563049
4358.72702997247
3705.14355717386
2603.12753898894
1546.48296939017
1021.77772427952
1273.60989160641
2186.91324611151
3334.95533274526
4196.31736688337
4377.79537490026
3793.9098699053
2709.64688593324
1622.75594591117
1038.21585261907
1218.37776372755
2076.44883900489
3233.03855227338
4141.08494433121
4392.91854560538
3868.86810256236
2814.19367252365
1704.94666332813
1064.51685873222
1170.37841801463
1983.73765576563
3131.12179225572
4087.16758598451
4404.09654168
3948.4290468919
2923.34316946641
1800.28790867019
1091.47539098612
1129.6118529662
1890.36896054168
3025.2598886808
4016.15448963383
4405.41160006052
4018.12707549444
3026.57494325146
1889.05390859653
1125.00917641306
1091.47539098612
1797.65780515919
2918.74047938539
3944.48387577693
4403.43901249123
4085.19499982522
3130.46426483751
1983.73765576563
1171.03594327643
1066.48943422902
1708.8918180265
2816.16625359658
3874.12832986631
4396.20619148001
4142.40000193223
3235.66866247881
2083.02410076449
1216.40518781217
1039.5309029022
1622.75594591117
2704.38667078572
3791.27975669599
4377.13784575101
4193.68725136966
3332.98274970149
2183.62561465293
1272.294840892
1023.0927745331
1545.82544376881
2599.83990515004
3707.77366990505
4359.38455909412
4244.97450667801
3432.26943926113
2288.82983039874
1334.1022271588
1009.28474698809
1468.89495054958
2493.97810585964
3618.34984515786
4319.93281353518
4290.34400668192
3524.98086937251
2388.7738528924
1398.53972086686
1006.65464653277
1395.90961896409
2390.08890593508
3523.00828557051
4288.37141962874
4325.19304607218
3618.34984515786
2496.60821243308
1472.84010383291
1009.94227210339
1335.41727799038
2288.17230399185
3431.61191145038
4245.63203563049
4356.09691349572
3709.74625446297
2601.15495868327
1542.53781567183
1021.12019915361
1271.63731553572
2179.68045692663
3332.98274970149
4194.34478024664
4373.85020001959
3792.59481329881
2706.35925146012
1621.44089451684
1038.21585261907
1219.03528903391
2081.70904840685
3233.69607982346
4144.37258834094
4397.52124983678
3870.18315938279
2818.79636170505
1710.86439538475
1061.88675807815
1173.66604432972
1985.710233986
3128.49168258793
4084.53747110736
4404.09654168
3943.82634726104
2919.39800653738
1797.00027928314
1086.87271467662
1126.98175207507
1887.081330684
3025.2598886808
4012.2093179381
4407.38418763873
4018.12707549444
3025.91741596572
1889.71143456876
1130.26937819048
1094.76301693942
1798.97285691332
2922.02811515348
3951.05916098727
4403.43901249123
4084.53747110736
3133.75190193694
1985.710233986
1169.72089275344
1062.54428324078
1708.23429224176
2810.90603741814
3870.18315938279
4394.89113312719
4140.42741553215
3231.06596962825
2082.36657458531
1216.40518781217
1036.24327719882
1628.67367721836
2707.01677835317
3791.27975669599
4378.45290405049
4197.63242464601
3335.61286042824
2184.28314094319
1274.26741696455
1026.38040017738
1545.82544376881
2603.12753898894
3705.80108535529
4357.41197173213
4244.97450667801
3429.63932802337
2284.22714556606
1333.44470174395
1007.31217164572
1468.23742500461
2493.32057921819
3617.03478903583
4321.24787166355
4290.34400668192
3526.29592524494
2390.74643245755
1399.85477182206
1010.59979721928
1399.19724634414
2392.71901202947
3529.58356494152
4288.37141962874
4327.16563328974
3621.63748547862
2496.60821243308
1466.26484837356
1009.94227210339
1334.75975257428
2283.56961916435
3428.32427240973
4244.97450667801
4351.49420969931
3701.85591628028
2600.49743191627
1543.85286690867
1018.49009865589
1270.32226482503
2183.62561465293
3334.95533274526
4198.94748241252
4376.48031660276
3795.22492651546
2709.64688593324
1626.04357440855
1042.16100347556
1219.69281434088
2081.70904840685
3236.98371758664
4143.71505953707
4392.91854560538
3871.49821620692
2812.87861847904
1706.26171489157
1061.22923291612
1167.09079171474
1982.42260362224
3129.14921000362
4080.59229882021
4401.46642493084
3943.16881874609
2921.37058799823
1797.65780515919
1091.47539098612
1126.3242268538
1889.05390859653
3029.20505240271
4020.09966136355
4409.35677522584
4016.15448963383
3029.86257969259
1891.68401248961
1131.58442864086
1089.50281542132
1798.97285691332
2922.02811515348
3945.79893281151
4402.12395411665
4081.90735624545
3131.77931967477
1980.45002541242
1167.09079171474
1061.88675807815
1707.57676645769
2809.59098338154
3871.49821620692
4394.23360395227
4142.40000193223
3233.69607982346
2084.33915312499
1222.98044088492
1042.16100347556
1624.72852300762
2707.674305247
3791.27975669599
4380.4254915071
4195.00230912458
3332.98274970149
2184.28314094319
1269.00721411681
1023.75029966078
1541.2227644376
2599.18237838459
3706.45861353764
4353.46679703473
4241.68686193014
3433.58449488526
2282.25456636315
1330.15707467911
1011.91484745283
1470.86752718835
2493.32057921819
3620.97995741267
4326.50810421624
4288.37141962874
3529.58356494152
2390.74643245755
1398.53972086686
1012.57237257048
1399.85477182206
2387.45879985272
3530.24109288349
4286.39883258436
4321.9054007292
3619.00737322022
2493.97810585964
1465.60732283116
1011.91484745283
1332.12965091614
2283.56961916435
3429.63932802337
4246.94709353838
4350.17915148062
3709.08872627609
2601.81248545105
1543.19534128993
1023.0927745331
1274.26741696455
2183.62561465293
3332.32522202196
4200.26254018289
4377.13784575101
3793.9098699053
2709.64688593324
1624.07099730814
1035.58575205992
1216.40518781217
2079.73646987575
3234.3536073744
4139.76988673404
4392.26101643342
3870.18315938279
2812.87861847904
1707.57676645769
1055.96903164128
1170.37841801463
1985.710233986
3131.77931967477
4081.90735624545
4404.75407086977
3950.40163246202
2919.39800653738
1797.65780515919
1093.44796655631
1129.6118529662
1887.081330684
3029.20505240271
4019.44213273957
4406.726658445
4018.12707549444
3027.23247053803
1887.081330684
1128.29680251943
1090.16034060899
1794.37017578578
2921.37058799823
3942.51129023207
4403.43901249123
4080.59229882021
3128.49168258793
1982.42260362224
1172.35099380186
1067.14695939581
1707.57676645769
2817.48130764921
3871.49821620692
4395.5486623031
4145.68764595154
3236.3261900323
2081.0515222291
1219.03528903391
1039.5309029022
1622.75594591117
2708.33183214163
3789.96470009683
4375.1652583092
4196.97489576421
3331.01016666549
2181.65303578651
1271.63731553572
1019.80514890357
1543.85286690867
2601.81248545105
3703.82850081371
4356.09691349572
4248.26215145015
3429.63932802337
2286.8572511803
1336.73232882447
1010.59979721928
1472.18257828408
2495.95068578858
3623.61006968184
4325.19304607218
4288.37141962874
3526.95345318248
2389.43137941336
1396.56714443883
1008.62722187338
1396.56714443883
2384.82869378238
3524.98086937251
4283.1111875299
4326.50810421624
3614.40467680254
2493.32057921819
1470.21000164145
1011.25732233576
1332.12965091614
2289.48735680637
3434.24202269864
4246.28956458395
4358.06950085181
3709.08872627609
2601.15495868327
1547.14049501217
1022.43524940601
1271.63731553572
2183.62561465293
3332.32522202196
4196.31736688337
4374.5077291639
3791.93728499694
2706.35925146012
1622.09842021368
1037.5583274784
1215.09013720497
2079.07894370015
3233.03855227338
4143.05753073417
4391.60348726245
3875.44338670157
2814.19367252365
1711.52192117217
1065.83190906283
1168.40584223287
1987.02528613643
3130.46426483751
4086.5100572638
4405.41160006052
3945.79893281151
2922.02811515348
1794.37017578578
1090.16034060899
1126.98175207507
1885.76627874577
3025.91741596572
4016.15448963383
4404.09654168
4016.81201825309
3025.2598886808
1887.73885665415
1130.26937819048
1091.47539098612
1798.97285691332
2924.00069662411
3947.11398984983
4404.75407086977
4085.19499982522
3131.12179225572
1987.6828122127
1171.69346853884
1059.91418259385
1710.20686959799
2814.19367252365
3868.86810256236
4394.23360395227
4141.08494433121
3230.40844208157
2080.39399605207
1217.72023842181
1032.95565151023
1624.07099730814
2706.35925146012
3787.33458690954
4378.45290405049
4195.65983800349
3332.98274970149
2185.5981935259
1274.26741696455
1022.43524940601
1547.79802063483
2605.75764607404
3707.11614172089
4357.41197173213
4246.94709353838
3432.26943926113
2283.56961916435
1335.41727799038
1007.96969675926
1468.23742500461
2495.29315914484
3615.06220485952
4321.9054007292
4285.74130357152
3523.66581350363
2388.7738528924
1397.88219539022
1007.31217164572
1397.22466991421
2393.37653855495
3526.29592524494
4287.71389061297
4326.50810421624
3619.66490128347
2495.95068578858
1470.86752718835
1013.88742280756
1334.1022271588
2287.51477758571
3430.2968558315
4245.63203563049
4352.80926792194
3706.45861353764
2601.81248545105
1540.56523882146
1022.43524940601
1269.66473947061
2180.33798321253
3332.98274970149
4193.02972249365
4378.45290405049
3789.30717179863
2707.01677835317
1624.72852300762
1036.90080233831
1222.98044088492
2080.39399605207
3237.64124514183
4143.71505953707
4396.8637206579
3873.47080145007
2814.85119954716
1712.17944696027
1061.88675807815
1169.06336749285
1985.05270791184
3128.49168258793
4080.59229882021
4404.09654168
3944.48387577693
2918.74047938539
1797.00027928314
1088.18776504778
1125.00917641306
1889.71143456876
3023.28730683101
4016.15448963383
4410.01430442353
4018.12707549444
3025.91741596572
1892.34153846461
1128.29680251943
1092.79044136565
1800.94543454964
2923.34316946641
3947.7715183704
4406.726658445
4084.53747110736
3129.14921000362
1985.05270791184
1170.37841801463
1059.2566574336
1704.28913754741
2816.82378062249
3869.52563097211
4393.57607477833
8.53215776126459
4.58701191254363
3.92948760606743
6.55958483478997
6.55958483478997
5.90206052690478
9.84720638126452
8.53215776126459
7.87463345196976
13.7923522525516
7.21710914314488
9.84720638126452
11.1622550031452
10.5047306919697
5.90206052690478
11.1622550031452
9.84720638126452
5.90206052690478
9.84720638126452
7.21710914314488
4.58701191254363
7.87463345196976
7.21710914314488
3.27196330006074
6.55958483478997
8.53215776126459
4.58701191254363
4.58701191254363
7.87463345196976
3.92948760606743
9.18968207102955
9.18968207102955
9.18968207102955
11.8197793147911
9.84720638126452
7.87463345196976
8.53215776126459
9.18968207102955
7.87463345196976
11.1622550031452
9.18968207102955
7.21710914314488
7.87463345196976
9.18968207102955
5.90206052690478
7.21710914314488
8.53215776126459
4.58701191254363
7.87463345196976
9.18968207102955
4.58701191254363
5.24453621948939
3.92948760606743
7.87463345196976
7.87463345196976
6.55958483478997
7.87463345196976
9.18968207102955
9.84720638126452
7.87463345196976
6.55958483478997
10.5047306919697
11.1622550031452
8.53215776126459
7.21710914314488
11.8197793147911
7.21710914314488
7.21710914314488
7.87463345196976
5.90206052690478
6.55958483478997
8.53215776126459
2.61443899452352
7.87463345196976
5.24453621948939
5.90206052690478
6.55958483478997
7.21710914314488
4.58701191254363
8.53215776126459
9.84720638126452
9.18968207102955
6.55958483478997
11.1622550031452
7.87463345196976
9.18968207102955
10.5047306919697
7.21710914314488
11.1622550031452
10.5047306919697
6.55958483478997
5.90206052690478
8.53215776126459
3.92948760606743
6.55958483478997
5.90206052690478
4.58701191254363
6.55958483478997
5.24453621948939
3.27196330006074
5481.13073857549
4229.85134103866
2607.73022639603
1349.22531187349
1038.21585261907
1814.09595228205
3321.80477926681
4871.60005010596
5746.1157888805
5549.51395978895
4368.58996690059
2747.12592032418
1425.49826595648
1017.83257353293
1702.31656020929
3169.91591141817
4746.01185575142
5706.66390865353
5613.2944751583
4506.01357795578
2897.6996109512
1518.86689385373
1011.25732233576
1603.03017527352
3025.2598886808
4621.0812285026
5665.23943884693
5667.86956377941
4637.51946682407
3044.98570758832
1615.52316327507
1007.96969675926
1507.03143326016
2872.71358076498
4486.94522741144
5604.08903929384
5711.92415911216
4763.76515841895
3192.27184582803
1715.46707591082
1019.14762377944
1418.92301095795
2730.68774702899
4354.78185526326
5542.28111850961
5752.03357127076
4887.38076831225
3343.50319269141
1831.19162574306
1039.5309029022
1338.7049050803
2588.00442349066
4212.75558919415
5466.66505871637
5777.67729603834
4999.81840305187
3494.0770573892
1946.25867077946
1066.48943422902
1262.43196061286
2444.00608328113
4064.1540813256
5384.4737061047
5797.40323935962
5112.25606879591
3645.30849645092
2068.55852498769
1106.59847049526
1203.25468185045
2312.50078153991
3921.47037827693
5298.33718710703
5808.58127436949
5216.80340018939
3794.56739820992
2195.46108798899
1151.31018568631
1145.39245851558
2175.07777294569
3773.5264929168
5199.70760828086
5804.63608550435
5306.22755447458
3938.56611916761
2327.62388971701
1208.51488420576
1103.31084448805
2050.14779268031
3624.26759775138
5099.76299328118
5796.74570789885
5400.91197523993
4090.45522960237
2466.36198757559
1276.23999304267
1066.48943422902
1929.16299417265
3472.37863737447
4985.35274071245
5775.70470176328
5475.87049129147
4228.53628318122
2603.78506575905
1347.25273558752
1034.27070178389
1811.46584871372
3322.46230693254
4868.96993046347
5748.74591437579
5551.48655288876
4371.87761259257
2749.75602809743
1429.4434189862
1019.14762377944
1708.23429224176
3171.23096635642
4747.32691518249
5709.95156518159
5609.34928833207
4507.98616599119
2895.06950245542
1518.20936825969
1007.31217164572
1601.71512391877
3019.34214315374
4618.45111043009
5661.95178270696
5667.21203254458
4640.14958501449
3045.64323489808
1615.52316327507
1011.91484745283
1508.34648442686
2874.68616205295
4487.60275672655
5610.00681946694
5715.8693470042
4765.73774765066
3195.55948332371
1718.09717908336
1017.83257353293
1415.63538348257
2727.40011242938
4350.17915148062
5537.67840140269
5750.71850850933
4884.75064856935
3341.53060961396
1827.90399619538
1040.18842804465
1338.7049050803
2585.37431648936
4212.75558919415
5469.95271318236
5780.30742175454
5003.1060536551
3495.39211317852
1946.25867077946
1069.77706006892
1265.06206200702
2447.29371621057
4067.441724777
5385.13123685684
5795.43064498076
5109.62594760272
3643.33591215872
2067.24347266149
1103.96836968829
1201.2821059773
2308.55562294966
3918.18273587028
5299.652248324
5807.26621140982
5214.83080877789
3793.9098699053
2194.14603538444
1154.59781191345
1148.6800847155
2179.02293064146
3774.84154947013
5202.33773006521
5805.29361697898
5306.88508509567
3940.53870469563
2327.62388971701
1207.19983361326
1100.68074369307
2048.83274039401
3621.63748547862
5098.4479327232
5793.4580506123
5396.96679058438
4089.14017215237
2465.04693435749
1276.23999304267
1068.46200973117
1929.16299417265
3472.37863737447
4988.64039119912
5777.01976461216
5478.50061492454
4232.48145676517
2607.07269962126
1347.91026101555
1036.90080233831
1812.12337460478
3321.80477926681
4869.62746037252
5746.7733202526
5548.19889772804
4367.93243776515
2747.12592032418
1427.47084246847
1017.17504841056
1706.26171489157
3172.54602129805
4747.32691518249
5709.29403387369
5615.26706858671
4507.98616599119
2898.35713807717
1519.52441944842
1011.91484745283
1601.71512391877
3021.31472498866
4619.76616946431
5660.63672025894
5666.55450131089
4638.17699637015
3041.04054374718
1613.55058620637
1007.96969675926
1505.05885651497
2872.71358076498
4487.60275672655
5606.06163267469
5716.52687832355
4767.05280714363
3194.90195582288
1718.75470487817
1022.43524940601
1421.55311294972
2729.37269318677
4353.46679703473
5542.93864952938
5749.40344575249
4886.72323837495
3342.84566499806
1825.93141847499
1038.21585261907
1337.38985424245
2582.08668275517
4209.46794468367
5466.66505871637
5778.33482746566
5001.13346328998
3494.73458528342
1948.23124887986
1069.77706006892
1268.34968876363
2446.63618962317
4068.09925347013
5389.73395215273
5798.71830228463
5112.91359909688
3644.65096835262
2067.90099882423
1103.96836968829
1201.2821059773
2309.87067581011
3920.15532131147
5296.3645952898
5807.26621140982
5212.85821737616
3791.93728499694
2194.14603538444
1154.59781191345
1148.0225594743
2177.7078780733
3773.5264929168
5202.33773006521
5807.92374288908
5310.83026884523
3943.82634726104
2330.2539955271
1210.48746009909
1101.99579408936
2048.83274039401
3622.95254161321
5095.81781162012
5794.77311352345
5396.96679058438
4086.5100572638
2461.75930132553
1272.9523662489
1065.83190906283
1928.50546815873
3471.72110951021
4987.98286109967
5778.33482746566
5478.50061492454
4231.16639889997
2607.07269962126
1349.22531187349
1038.21585261907
1815.41100407032
3324.4348899349
4868.31240055545
5748.08838300024
5548.85642875793
4369.24749603702
2747.7834472663
1428.78589347966
1015.85999816759
1702.974085988
3169.25838395031
4746.01185575142
5707.97897126132
5614.60953744278
4506.67110729991
2896.38455670169
1518.86689385373
1009.94227210339
1602.37264959582
3023.94483411344
4621.73875802326
5665.23943884693
5667.21203254458
4638.83452591725
3043.01312566402
1614.86563758484
1008.62722187338
1504.40133093453
2870.74099948428
4486.28769809733
5602.7739770456
5714.55428436894
4764.42268816182
3194.2444283229
1718.75470487817
1020.4626740283
1420.23806195256
2728.71516626685
4352.80926792194
5542.28111850961
5752.6911026532
4887.38076831225
3346.13330347346
1829.87657392193
1035.58575205992
1338.7049050803
2584.71678974097
4210.12547358383
5467.32258960733
5776.36223318715
4997.18828258837
3492.10447371184
1946.25867077946
1067.80448456319
1266.37711270781
2447.29371621057
4067.441724777
5387.10382911987
5800.69089668081
5114.22865970207
3646.62355265022
2070.53110348235
1105.94094529261
1202.59715655879
2307.89809652054
3918.84026434975
5297.67965650019
5803.97855403087
5211.5431564471
3791.93728499694
2194.80356168635
1151.96771093053
1147.36503423372
2177.0503517903
3773.5264929168
5200.36513872532
5807.92374288908
5309.51520759099
3943.16881874609
2329.59646907346
1211.1449853981
1101.33826889092
2051.46284496946
3622.95254161321
5094.502751075
5795.43064498076
5396.30925981233
4084.53747110736
2462.4168279304
1272.9523662489
1062.54428324078
1927.19041613298
3471.72110951021
4987.32533100128
5776.36223318715
5479.1581458356
4231.82392783209
2605.75764607404
1349.8828373034
1038.21585261907
1816.06852996548
3323.11983459913
4871.60005010596
5746.1157888805
5550.82902185437
4369.90502517443
2749.09850115292
1427.47084246847
1015.85999816759
1702.974085988
3169.25838395031
4743.38173690162
5707.97897126132
5613.2944751583
4505.35604861265
2896.38455670169
1519.52441944842
1009.94227210339
1603.68770095188
3023.94483411344
4622.39628754494
5663.92437638753
5667.86956377941
4636.20440773497
3042.35559835758
1612.89306051812
1009.28474698809
1504.40133093453
2872.71358076498
4487.60275672655
5605.4041015466
5713.89675305303
4767.05280714363
3194.90195582288
1720.06975646982
1021.77772427952
1420.23806195256
2729.37269318677
4352.80926792194
5542.93864952938
5750.06097713033
4885.4081785035
3344.16072038563
1827.24647028789
1037.5583274784
1337.38985424245
2585.37431648936
4209.46794468367
5466.66505871637
5777.01976461216
5001.79099341063
3492.76200160341
1947.57372284569
1069.11953489975
1267.69216341107
2445.97866303652
4069.41431085924
5387.10382911987
5798.71830228463
5110.28347789941
3645.96602455012
2064.61336801764
1105.28342009057
1201.93963126774
2308.55562294966
3918.18273587028
5297.67965650019
5804.63608550435
5214.83080877789
3795.22492651546
2197.43366690127
1153.28276142078
1149.33760995729
2177.7078780733
3772.8689646415
5202.33773006521
5810.55386881766
5308.20014634113
3941.19623320684
2326.30883681642
1208.51488420576
1099.36569329918
2049.4902665368
3621.63748547862
5096.47534189428
5794.1155820673
5396.96679058438
4087.16758598451
2465.70446096616
1274.9249423233
1067.80448456319
1928.50546815873
3474.35122097255
4989.9554514012
5778.33482746566
5477.18555310577
4229.19381210946
2604.44259252994
1345.93768473335
1033.61317664676
1812.78090049652
3320.48972393793
4868.31240055545
5745.45825750954
5548.19889772804
4369.90502517443
2749.09850115292
1428.78589347966
1020.4626740283
1705.60418910951
3171.88849382681
4747.98444489958
5710.60909649064
5614.60953744278
4506.01357795578
2893.7544482124
1515.57926589001
1007.31217164572
1601.05759824239
3020.65719770953
4618.45111043009
5660.63672025894
5665.23943884693
4637.51946682407
3043.67065297129
1614.86563758484
1010.59979721928
1508.34648442686
2872.71358076498
4490.23287399698
5608.69175719833
5715.8693470042
4765.08021790573
3194.2444283229
1717.43965328921
1017.83257353293
1417.60795996589
2728.71516626685
4348.86409326586
5539.65099444177
5749.40344575249
4883.43558870418
3340.8730819232
1827.90399619538
1040.18842804465
1339.36243050017
2584.71678974097
4210.78300248496
5469.95271318236
5779.64989032376
5003.1060536551
3495.39211317852
1948.23124887986
1067.14695939581
1264.40453665755
2445.32113645063
4066.78419608482
5383.81617535368
5795.43064498076
5109.62594760272
3643.99344025522
2065.92842033813
1104.62589488913
1203.25468185045
2309.87067581011
3922.12790676105
5298.99471771497
5809.23880585106
5216.1458697178
3797.19751143759
2196.77614059645
1154.59781191345
1146.70750899373
2175.07777294569
3770.23885154947
5199.05007783748
5805.29361697898
5307.54261571785
3939.88117618535
2326.96636326634
1209.17240950292
1101.33826889092
2050.14779268031
3622.95254161321
5099.10546300165
5797.40323935962
5398.2818521318
4087.16758598451
2466.36198757559
1276.23999304267
1063.85933356781
1929.82052018726
3471.72110951021
4986.01027080767
5775.04717034057
5474.55542948163
4227.87875425396
2603.78506575905
1343.30758303254
1035.58575205992
1815.41100407032
3321.80477926681
4872.91510993347
5749.40344575249
5551.48655288876
4372.53514173392
2749.75602809743
1428.78589347966
1019.80514890357
1704.94666332813
3170.57343888687
4744.69679632446
5708.63650256693
5610.66435060295
4504.04098992939
2893.09692109211
1516.23679148146
1007.31217164572
1601.71512391877
3022.6297795494
4620.42369898295
5664.58190761666
5669.84215749073
4638.83452591725
3046.30076220866
1616.18068896596
1011.91484745283
1509.00401001118
2875.34368915056
4486.28769809733
5606.06163267469
5713.89675305303
4763.76515841895
3192.92937332547
1717.43965328921
1016.51752328878
1416.95043447081
2726.08505859508
4350.17915148062
5540.30852545704
5752.6911026532
4886.0657084387
3344.81824808071
1828.56152210354
1041.50347833133
1340.67748134178
2586.68936998846
4210.12547358383
5469.29518228693
5778.33482746566
4999.81840305187
3493.41952949587
1944.94361871602
1065.83190906283
1264.40453665755
2442.69103011465
4066.78419608482
5386.44629836442
5798.71830228463
5109.62594760272
3648.59613695592
2070.53110348235
1108.57104610678
1205.2272577291
2309.87067581011
3920.15532131147
5299.652248324
5805.29361697898
5212.85821737616
3795.88245482192
2197.43366690127
1150.6526604427
1145.39245851558
2171.79014155251
3770.23885154947
5199.70760828086
5805.29361697898
5308.20014634113
3943.82634726104
2331.56904843662
1209.8299348007
1101.99579408936
2052.12037111511
3624.26759775138
5099.10546300165
5796.08817643923
5399.59691368365
4087.82511470618
2465.04693435749
1274.26741696455
1063.201808404
1926.53289012116
3469.09099806194
4985.35274071245
5775.70470176328
5477.18555310577
4231.82392783209
2607.07269962126
1349.22531187349
1038.21585261907
1814.75347817585
3321.80477926681
4871.60005010596
5750.06097713033
5550.82902185437
4371.87761259257
2747.12592032418
1427.47084246847
1016.51752328878
1701.65903443126
3168.60085648329
4744.69679632446
5706.66390865353
5611.32188174009
4506.67110729991
2896.38455670169
1518.86689385373
1011.25732233576
1604.3452266309
3022.6297795494
4620.42369898295
5663.26684515953
5669.18462625249
4640.80711456464
3044.98570758832
1615.52316327507
1008.62722187338
1504.40133093453
2871.39852657704
4486.28769809733
5604.74657041966
5712.58169042464
4763.76515841895
3191.61431833143
1718.09717908336
1021.12019915361
1420.89558745082
2730.03022010748
4351.49420969931
5542.93864952938
5752.6911026532
4885.4081785035
3348.10588656908
1829.87657392193
1038.87337776034
1336.73232882447
2585.37431648936
4210.12547358383
5467.32258960733
5776.36223318715
4998.503342818
3491.44694582115
1946.91619681223
1067.14695939581
1265.7195873571
2445.97866303652
4068.75678216421
5387.10382911987
5800.69089668081
5112.25606879591
3645.30849645092
2068.55852498769
1107.2559956985
1203.25468185045
2309.21314937951
3919.49779283014
5296.3645952898
5803.97855403087
5212.20068691109
3793.2523416016
2193.48850908326
1150.6526604427
1147.36503423372
2178.36540435702
3771.55390809366
5201.02266917087
5808.58127436949
5310.17273821756
3941.85376171899
2330.91152198149
1210.48746009909
1103.31084448805
2051.46284496946
3622.29501354546
5097.79040244582
5794.77311352345
5396.96679058438
4084.53747110736
2465.04693435749
1270.97979018007
1062.54428324078
1928.50546815873
3470.40605378431
4985.35274071245
5777.67729603834
5477.8430840146
4232.48145676517
2607.07269962126
1349.22531187349
1039.5309029022
1818.04110765507
3321.14725160194
4870.28499028262
5746.1157888805
5548.85642875793
4366.61737949723
2748.44097420922
1426.81331696384
1015.85999816759
1703.63161176737
3169.25838395031
4744.69679632446
5709.29403387369
5612.63694401777
4506.67110729991
2897.6996109512
1519.52441944842
1011.25732233576
1601.71512391877
3022.6297795494
4622.39628754494
5663.92437638753
5667.21203254458
4636.86193727901
3041.69807105197
1612.23553483053
1009.28474698809
1505.05885651497
2872.0560536706
4484.315110161
5604.08903929384
5714.55428436894
4765.08021790573
3193.58690082376
1721.38480806415
1020.4626740283
1418.92301095795
2724.77000476395
4350.17915148062
5541.62358749096
5752.03357127076
4885.4081785035
3342.18813730558
1827.24647028789
1036.90080233831
1336.07480340711
2584.71678974097
4209.46794468367
5465.34999693778
5777.01976461216
5000.4759331704
3496.04964107451
1948.23124887986
1067.80448456319
1267.69216341107
2445.32113645063
4068.09925347013
5387.76135987642
5798.71830228463
5112.25606879591
3645.96602455012
2067.90099882423
1103.96836968829
1201.2821059773
2309.21314937951
3918.18273587028
5298.33718710703
5804.63608550435
5212.20068691109
3792.59481329881
2195.46108798899
1153.94028666681
1149.33760995729
2177.0503517903
3772.21143636712
5201.02266917087
5807.92374288908
5310.17273821756
3944.48387577693
2328.93894262056
1209.17240950292
1101.33826889092
2050.14779268031
3622.29501354546
5096.47534189428
5794.1155820673
5396.96679058438
4085.85252854403
2463.07435453603
1272.9523662489
1063.85933356781
1928.50546815873
3471.72110951021
4987.32533100128
5778.99235889413
5479.81567674778
4232.48145676517
2607.07269962126
1348.56778644421
1038.87337776034
1815.41100407032
3321.14725160194
4870.28499028262
5746.7733202526
5547.54136669927
4367.93243776515
2749.09850115292
1427.47084246847
1016.51752328878
1701.65903443126
3167.94332901712
4746.01185575142
5708.63650256693
5613.95200629997
4508.64369533833
2897.04208382604
1519.52441944842
1009.94227210339
1603.68770095188
3023.94483411344
4621.0812285026
5661.95178270696
5666.55450131089
4637.51946682407
3043.01312566402
1614.86563758484
1007.31217164572
1505.05885651497
2870.08347239233
4486.28769809733
5606.06163267469
5715.211815686
4767.71033689167
3193.58690082376
1720.06975646982
1021.12019915361
1418.92301095795
2730.03022010748
4354.1243261485
5543.59618055028
5749.40344575249
4884.75064856935
3342.18813730558
1827.24647028789
1037.5583274784
1337.38985424245
2583.40173624652
4208.81041578448
5465.34999693778
5778.33482746566
5003.1060536551
3495.39211317852
1946.91619681223
1069.77706006892
1268.34968876363
2447.29371621057
4070.07183955522
5387.10382911987
5799.37583374887
5112.25606879591
3644.65096835262
2067.24347266149
1105.94094529261
1201.93963126774
2307.24057009217
3917.52520739175
5294.39200348243
5804.63608550435
5211.5431564471
3793.2523416016
2196.77614059645
1153.94028666681
1150.6526604427
2177.7078780733
3773.5264929168
5201.6801996175
5809.23880585106
5310.17273821756
3946.4564613302
2330.2539955271
1208.51488420576
1099.36569329918
2048.83274039401
3619.00737322022
5096.47534189428
5793.4580506123
5394.99419827156
4082.5648849595
2465.04693435749
1273.60989160641
1065.83190906283
1929.82052018726
3471.72110951021
4987.98286109967
5777.01976461216
-51.3025524694781
10.5047306919697
9.18968207102955
9.84720638126452
9.18968207102955
7.21710914314488
5.90206052690478
5.90206052690478
5.90206052690478
5.90206052690478
4.58701191254363
6.55958483478997
3.92948760606743
5.90206052690478
7.21710914314488
7.87463345196976
7.87463345196976
10.5047306919697
9.18968207102955
7.87463345196976
9.18968207102955
9.18968207102955
11.1622550031452
9.84720638126452
9.18968207102955
7.21710914314488
5.90206052690478
6.55958483478997
6.55958483478997
5.90206052690478
5.24453621948939
4.58701191254363
5.24453621948939
5.24453621948939
5.24453621948939
8.53215776126459
7.87463345196976
8.53215776126459
9.18968207102955
8.53215776126459
9.18968207102955
9.84720638126452
9.18968207102955
9.18968207102955
8.53215776126459
7.21710914314488
5.90206052690478
5.24453621948939
5.90206052690478
6.55958483478997
5.90206052690478
4.58701191254363
5.24453621948939
6.55958483478997
8.53215776126459
7.21710914314488
8.53215776126459
9.18968207102955
9.18968207102955
8.53215776126459
9.18968207102955
9.84720638126452
11.1622550031452
9.84720638126452
7.87463345196976
6.55958483478997
6.55958483478997
5.90206052690478
6.55958483478997
5.24453621948939
5.90206052690478
5.24453621948939
5.24453621948939
5.24453621948939
7.21710914314488
8.53215776126459
9.18968207102955
9.18968207102955
9.18968207102955
8.53215776126459
9.84720638126452
9.84720638126452
10.5047306919697
7.87463345196976
7.87463345196976
5.90206052690478
7.21710914314488
5.24453621948939
5.24453621948939
5.90206052690478
5.90206052690478
5.24453621948939
6.55958483478997
5.24453621948939
7.21710914314488
7.87463345196976
7.87463345196976
7.87463345196976
8.53215776126459
9.18968207102955
6018.33387604134
5275.98114708863
3177.80624109833
1507.68895884319
1030.98307610417
1971.24466051694
3885.96384151722
5909.18360453723
7101.94803233895
6922.44132474061
5449.56925594251
3361.25644073889
1612.23553483053
1010.59979721928
1829.87657392193
3691.33546557314
5745.45825750954
7049.34532410758
6998.05769160941
5624.47250472082
3553.91209938561
1738.48047903558
1009.94227210339
1706.91924067429
3503.93997589516
5581.73298168895
6981.61934953116
7062.49600038226
5785.56767324228
3745.2527779046
1864.06792216418
1014.54494792698
1583.96193088725
3312.59939203705
5401.56950601974
6901.40025177599
7114.44117677342
5949.95056962808
3939.88117618535
2006.09354263446
1036.24327719882
1481.38793602624
3127.17662775907
5227.98141837257
6812.63323966361
7156.52335098354
6100.52536700304
4131.87954123147
2148.77672230787
1066.48943422902
1378.81395684311
2942.41145737056
5039.27021204288
6710.05805458749
7182.8247125995
6245.18243636751
4327.16563328974
2307.24057009217
1113.17372255468
1294.65070337451
2766.19420196832
4855.16180261454
6602.88016966747
7204.52333752053
6384.57930395213
4521.79428249168
2467.67704079674
1166.43326645658
1216.40518781217
2592.60711077277
4663.16311987582
6477.94893465805
7204.52333752053
6508.85297283128
4711.82031198808
2636.00387844777
1234.15837124948
1157.22791290606
2428.22544548341
4469.84946556925
6350.3876143866
7201.89320108991
6630.49655400343
4903.81901708511
2811.56356443764
1314.37646498564
1098.70816810313
2265.81640659728
4277.19342649333
6210.33322798052
7178.22197416457
6734.38678159066
5087.26991815348
2989.09588928148
1400.51229730061
1061.22923291612
2115.24288442206
4082.5648849595
6066.99123645286
7149.94801090858
6837.61950738218
5273.35102481665
3177.80624109833
1505.05885651497
1030.32555097
1968.61455628637
3886.62136995109
5907.86854122205
7103.26310015189
6921.12625764172
5449.56925594251
3360.59891302217
1613.55058620637
1011.25732233576
1831.84915165465
3694.6231063942
5748.74591437579
7050.00285790894
6999.37275901067
5623.81497356102
3553.91209938561
1737.82295322056
1009.28474698809
1707.57676645769
3502.62492008288
5579.10285735072
6979.64674853616
7061.18093273133
5786.22520468344
3744.59524966859
1864.06792216418
1013.22989768873
1583.96193088725
3312.59939203705
5404.85715993536
6903.37285231048
7117.0713125041
5951.26563309306
3939.88117618535
2005.43601653844
1036.24327719882
1481.38793602624
3127.83415517308
5225.35129641886
6812.63323966361
7155.20828295803
6099.86783500174
4133.85212759418
2148.77672230787
1064.51685873222
1378.81395684311
2943.06898455191
5039.92774222516
6712.68818715308
7185.45484887704
6248.47009771101
4327.82316236421
2305.92551723766
1111.85867213799
1295.96575413114
2768.16678286624
4855.16180261454
6601.56510380175
7202.55073519558
6381.94917386818
4521.13675312448
2465.70446096616
1165.77574119903
1215.74766250826
2591.94958401586
4660.53300154275
6479.2640000566
7207.81100808854
6512.14063662762
4713.79290097582
2637.97645887727
1234.15837124948
1157.22791290606
2428.88297204962
4474.45217061421
6350.3876143866
7201.89320108991
6627.86642206676
4902.50395715917
2808.27592934815
1311.74636340506
1099.36569329918
2265.15888021624
4275.22083949869
6210.33322798052
7179.53704228224
6737.01691434335
5088.58497867503
2990.41094376142
1403.79992470288
1063.85933356781
2115.24288442206
4085.19499982522
6065.67617257266
7150.60554491016
6835.64690723212
5273.35102481665
3174.51860371682
1503.74380535474
1029.01050070343
1968.61455628637
3886.62136995109
5908.52607287906
7102.60556624476
6919.15365700303
5448.25419422187
3361.91396845647
1615.52316327507
1014.54494792698
1832.50667756693
3697.25321906736
5746.1157888805
7051.31792551555
6998.71522530939
5625.78756704384
3554.56962736044
1734.53532415559
1005.99712142041
1703.63161176737
3500.6523363711
5579.10285735072
6978.98921487376
7059.20833126471
5786.88273612575
3742.62266496603
1862.75287027431
1015.85999816759
1587.90708485285
3313.25691969072
5405.51469072181
6906.00298637446
7117.0713125041
5949.95056962808
3939.88117618535
2005.43601653844
1033.61317664676
1478.1003082467
3125.20404552206
5224.69376593315
6810.66063965902
7153.89321493778
6099.21030300164
4132.53707001808
2148.77672230787
1068.46200973117
1382.75910960228
2945.04156610087
5042.55786296496
6714.00325344346
7187.42745109904
6249.12762998334
4328.48069143967
2308.55562294966
1109.88609651746
1293.33565262036
2764.87914804035
4852.53168307645
6598.93497208531
7201.23566698555
6379.97657631806
4517.84910630354
2467.01951418579
1167.09079171474
1218.37776372755
2595.23721780819
4665.79323822522
6483.20919628187
7209.126076325
6512.79816939061
4713.79290097582
2639.29151250084
1232.84332060914
1153.94028666681
2426.25286578935
4470.5069948584
6348.41501701242
7198.60553058134
6625.89382312742
4900.53136727813
2808.27592934815
1314.37646498564
1100.68074369307
2268.44651212883
4278.50848449463
6213.62088900451
7181.50964446864
6738.33198072729
5093.18769053418
2994.35610722098
1403.14239922115
1059.91418259385
2113.27030578125
4081.90735624545
6064.36110869722
7147.97540891174
6832.35924034089
5270.06337200126
3174.51860371682
1503.74380535474
1030.98307610417
1971.24466051694
3888.59395525826
5913.12879451082
7105.23570188113
6921.78379119052
5452.8569102636
3362.57149617492
1614.20811189528
1012.57237257048
1830.53409983215
3693.30805006306
5744.80072613974
7047.37272271134
6994.11248943677
5621.18484893313
3551.28198749519
1735.85037577955
1009.28474698809
1706.91924067429
3503.28244798858
5581.0754506027
6980.30428219987
7063.15353420969
5789.51286190652
3745.91030614152
1863.4103962189
1014.54494792698
1583.96193088725
3311.94186438424
5400.91197523993
6901.40025177599
7112.46857498918
5947.32044271219
3936.593533648
2004.77849044313
1037.5583274784
1482.04546158408
3125.20404552206
5227.98141837257
6814.60583967968
7157.18088499827
6099.86783500174
4133.19459880565
2148.11919605677
1068.46200973117
1377.49890592845
2944.38403891707
5038.61268186166
6712.03065400979
7184.13978073563
6243.86737183856
4325.85057514372
2306.58304366455
1112.51619734603
1296.62327951039
2769.48183680217
4856.47686238984
6601.56510380175
7203.20826930258
6381.29164135025
4519.8216943931
2465.04693435749
1165.77574119903
1215.74766250826
2592.60711077277
4661.84806070724
6479.2640000566
7207.81100808854
6513.45570215483
4711.16278232756
2636.66140525682
1235.47342189228
1155.91286240855
2425.59533922617
4473.79464131908
6350.3876143866
7199.9205987808
6627.20888908573
4903.16148712162
2809.59098338154
1312.40388879927
1098.05064290768
2265.15888021624
4276.53589749414
6212.3058245913
7181.50964446864
6740.30458031269
5089.90003920086
2992.3835254875
1405.11497566823
1061.88675807815
2115.24288442206
4083.87994239046
6063.70357676127
7147.97540891174
6832.35924034089
5271.37843312414
3171.88849382681
1501.77122861925
1027.69545043922
1968.61455628637
3887.93642682161
5910.49866785709
7105.8932357935
6924.41392539861
5450.8843176676
3363.22902389424
1616.83821465751
1015.20247304699
1833.82172939354
3696.59569089771
5747.43085162585
7046.7151889152
6994.11248943677
5619.86978662599
3550.62445952481
1732.5627467247
1006.65464653277
1706.91924067429
3501.96739217807
5581.73298168895
6981.61934953116
7064.46860186845
5788.19779901383
3745.91030614152
1866.04050000417
1015.20247304699
1585.27698220649
3311.94186438424
5404.19962915002
6901.40025177599
7111.15350713956
5948.63550616779
3933.96341963493
2003.46343825463
1036.24327719882
1480.73041046904
3127.83415517308
5226.00882690566
6813.94830633971
7159.81102107034
6102.49796301409
4135.16718517411
2149.43424855969
1065.83190906283
1379.47148230139
2944.38403891707
5041.90033277841
6709.40052144925
7182.8247125995
6246.49750090129
4327.82316236421
2309.21314937951
1111.20114693055
1296.62327951039
2766.8517289335
4857.13439227906
6602.88016966747
7201.89320108991
6381.29164135025
4517.84910630354
2467.67704079674
1164.46069068574
1216.40518781217
2591.29205725972
4661.84806070724
6479.92153275772
7207.81100808854
6511.48310386587
4712.47784164963
2637.97645887727
1234.81589657057
1157.22791290606
2428.88297204962
4471.82205343968
6349.73008192732
7198.60553058134
6625.89382312742
4902.50395715917
2807.61840233266
1311.08883801148
1098.70816810313
2265.81640659728
4279.16601349674
6212.9633567973
7181.50964446864
6737.67444753468
5089.24250893741
2993.04105273117
1403.79992470288
1061.88675807815
2114.58535820774
4083.87994239046
6064.36110869722
7146.66034092041
6831.70170696647
5268.74831088275
3168.60085648329
1501.11370304204
1029.66802583642
1971.90218657634
3892.5391258977
5911.15619951877
7105.23570188113
6923.09885829199
5450.2267868045
3361.91396845647
1616.18068896596
1013.88742280756
1831.19162574306
3695.28063456113
5746.1157888805
7048.03025650878
6993.45495574587
5619.86978662599
3548.651875619
1735.19284996723
1008.62722187338
1708.23429224176
3503.28244798858
5581.73298168895
6982.27688319874
7062.49600038226
5787.54026756921
3743.2801931993
1862.75287027431
1014.54494792698
1583.96193088725
3312.59939203705
5403.54209836579
6902.0577852862
7111.81104106371
5946.66291098615
3936.593533648
2002.14838606895
1036.90080233831
1482.70298714257
3129.80673742014
5229.29647935595
6815.26337302092
7157.83841901432
6099.86783500174
4130.56448366112
2146.80414355674
1064.51685873222
1380.12900776031
2945.04156610087
5040.58527240852
6712.03065400979
7185.45484887704
6246.49750090129
4327.16563328974
2305.92551723766
1111.85867213799
1297.93833027076
2768.16678286624
4857.13439227906
6602.22263673399
7201.89320108991
6379.97657631806
4519.8216943931
2465.04693435749
1163.80316543001
1216.40518781217
2593.26463753046
4664.47817904848
6481.23659816367
7208.46854220611
6512.14063662762
4713.13537131221
2636.66140525682
1234.81589657057
1157.22791290606
2429.54049861657
4473.79464131908
6349.73008192732
7199.26306468041
6626.55135610595
4901.18889723743
2808.27592934815
1310.43131261852
1097.39311771283
2266.47393297906
4277.19342649333
6212.9633567973
7180.85211040519
6737.01691434335
5089.24250893741
2991.06847100262
1403.79992470288
1062.54428324078
2115.9004106371
4084.53747110736
6063.70357676127
7146.00280692671
6832.35924034089
5270.72090256215
3173.20354877013
1501.11370304204
1028.35297557103
1969.27208234296
3889.25148369584
5911.81373118162
7105.23570188113
6923.09885829199
5449.56925594251
3361.25644073889
1616.18068896596
1014.54494792698
1833.82172939354
3695.28063456113
5750.06097713033
7047.37272271134
6994.11248943677
5619.21225547412
3548.651875619
1733.22027253432
1006.65464653277
1704.28913754741
3502.62492008288
5581.0754506027
6980.96181586486
7062.49600038226
5789.51286190652
3744.59524966859
1865.38297405682
1016.51752328878
1584.61945654655
3313.25691969072
5404.85715993536
6904.03038582455
7112.46857498918
5946.66291098615
3935.27847663959
2001.49085997717
1032.95565151023
1480.07288491249
3128.49168258793
5227.98141837257
6814.60583967968
7157.18088499827
6101.84043100922
4133.19459880565
2154.03693234271
1069.77706006892
1380.78653321985
2943.72651173408
5042.55786296496
6709.40052144925
7184.13978073563
6246.49750090129
4324.53551700162
2302.63788511435
1109.88609651746
1295.30822875251
2766.19420196832
4857.79192216932
6602.88016966747
7203.20826930258
6383.9217714293
4523.10934122909
2468.99209402093
1169.06336749285
1218.37776372755
2593.26463753046
4663.82064946164
6480.57906546008
7205.83840574377
6508.85297283128
4711.16278232756
2633.37377121936
1232.18579528989
1153.94028666681
2426.25286578935
4471.16452414854
6350.3876143866
7201.89320108991
6629.18148803259
4904.47654704965
2812.87861847904
1315.03399038235
1100.68074369307
2267.13145936158
4277.85095549349
6210.99076018291
7178.87950822275
6735.04431477694
5087.92744841372
2988.43836204274
1399.85477182206
1060.57170775469
2114.58535820774
4084.53747110736
6064.36110869722
7149.94801090858
6834.98937385132
5272.69349425139
3176.49118614319
1504.40133093453
1031.64060123893
1969.27208234296
3887.93642682161
5909.84113619658
7103.26310015189
6917.83858991702
5447.59666336322
3357.31127445158
1612.23553483053
1013.22989768873
1835.1367812229
3696.59569089771
5748.08838300024
7051.97545932081
6998.71522530939
5621.18484893313
3552.59704343863
1735.85037577955
1008.62722187338
1705.60418910951
3501.30986427415
5579.10285735072
6979.64674853616
7057.89326362681
5786.88273612575
3741.30760850221
1862.75287027431
1015.20247304699
1587.24955919028
3314.57197500065
5404.85715993536
6902.7153187977
7115.75624463614
5951.26563309306
3941.85376171899
2004.12096434853
1035.58575205992
1478.75783380132
3125.20404552206
5227.98141837257
6811.31817299261
7153.23568092963
6099.86783500174
4130.56448366112
2150.09177481224
1065.83190906283
1382.10158414084
2944.38403891707
5043.87292334125
6712.68818715308
7186.11238294972
6248.47009771101
4330.45327867194
2306.58304366455
1111.85867213799
1292.67812724422
2766.8517289335
4853.84674284341
6600.90757087077
7200.57813288252
6381.29164135025
4518.50663566572
2465.70446096616
1166.43326645658
1220.35033964846
2595.89474456898
4667.10829740605
6482.55166357457
7208.46854220611
6511.48310386587
4713.13537131221
2635.34635163949
1232.84332060914
1152.62523617535
2426.25286578935
4469.84946556925
6349.73008192732
7198.60553058134
6625.89382312742
4901.84642719778
2810.24851039944
1314.37646498564
1100.68074369307
2264.50135383593
4279.82354249983
6212.9633567973
7181.50964446864
6736.35938115328
5087.26991815348
2987.12330756774
1401.82734825961
1057.94160711489
2111.29772714691
4080.59229882021
6063.70357676127
7146.00280692671
6832.35924034089
5270.06337200126
3175.83365866689
1501.77122861925
1030.98307610417
1971.24466051694
3888.59395525826
5910.49866785709
7107.20830362216
6923.09885829199
5450.2267868045
3359.28385759134
1612.89306051812
1011.25732233576
1832.50667756693
3693.96557822818
5748.08838300024
7047.37272271134
6994.77002312897
5620.527317779
3551.28198749519
1733.87779834462
1009.28474698809
1706.91924067429
3505.25503171096
5583.04804386484
6984.24948420927
7062.49600038226
5786.22520468344
3742.62266496603
1863.4103962189
1013.22989768873
1585.9345078671
3314.57197500065
5403.54209836579
6900.74271826707
7113.78364284403
5949.95056962808
3939.22364767601
2004.77849044313
1037.5583274784
1481.38793602624
3129.80673742014
5228.63894886372
6815.92090636343
7155.20828295803
6099.21030300164
4131.87954123147
2147.46166980639
1064.51685873222
1379.47148230139
2942.41145737056
5042.55786296496
6712.03065400979
7186.11238294972
6245.83996863379
4328.48069143967
2305.26799081152
1113.17372255468
1295.96575413114
2768.82430983381
4854.50427272845
6603.53770260221
7201.23566698555
6381.94917386818
4519.16416502891
2465.04693435749
1165.11821594208
1217.06271311668
2593.26463753046
4663.16311987582
6478.60646735671
7206.49593985738
6512.14063662762
4711.82031198808
2636.00387844777
1234.81589657057
1155.91286240855
2428.22544548341
4473.13711202495
6352.36021177176
7201.89320108991
6627.86642206676
4901.84642719778
2809.59098338154
1311.74636340506
1098.05064290768
2266.47393297906
4275.22083949869
6211.6482923865
7178.22197416457
6736.35938115328
5091.21509973097
2992.3835254875
1404.45745018524
1060.57170775469
2113.92783199413
4084.53747110736
6065.67617257266
7149.29047690832
6833.01677371658
5270.72090256215
3174.51860371682
1503.08627977559
1029.01050070343
1967.95703023049
3887.27889838588
5909.84113619658
7101.94803233895
6921.78379119052
5449.56925594251
3361.91396845647
1615.52316327507
1015.20247304699
1833.82172939354
3697.25321906736
5749.40344575249
7050.66039171159
6996.08509051726
5618.55472432339
3549.30940358672
1732.5627467247
1005.33959630864
1706.26171489157
3502.62492008288
5579.10285735072
6979.64674853616
7059.86586508561
5788.8553304596
3742.62266496603
1865.38297405682
1017.17504841056
1588.56461051609
3314.57197500065
5407.48728308781
6903.37285231048
7117.0713125041
5946.66291098615
3935.27847663959
2001.49085997717
1034.27070178389
1479.41535935658
3125.20404552206
5225.35129641886
6810.0031063267
7153.89321493778
6099.21030300164
4131.22201244582
2151.4068273195
1067.80448456319
1384.07416052707
2944.38403891707
5045.18798372179
6714.00325344346
7187.42745109904
6243.86737183856
4324.53551700162
2303.95293796145
1109.22857131182
1291.36307649381
2766.8517289335
4853.84674284341
6600.90757087077
7199.9205987808
6382.60670638733
4518.50663566572
2467.01951418579
1167.09079171474
1221.00786495665
2595.89474456898
4663.16311987582
6481.23659816367
7210.44114456674
6510.82557110537
4711.16278232756
2632.05871760984
1232.18579528989
1152.62523617535
2428.22544548341
4471.16452414854
6349.07254946926
7198.60553058134
6627.20888908573
4901.18889723743
2809.59098338154
1313.0614141941
1101.33826889092
2268.44651212883
4278.50848449463
6213.62088900451
7182.16717853341
6738.33198072729
5087.26991815348
2988.43836204274
1400.51229730061
1057.94160711489
2114.58535820774
4081.90735624545
6064.36110869722
7145.34527293434
1699.68645710118
6.55958483478997
7.87463345196976
7.87463345196976
11.1622550031452
7.87463345196976
9.84720638126452
8.53215776126459
9.84720638126452
7.87463345196976
8.53215776126459
7.21710914314488
7.87463345196976
5.90206052690478
4.58701191254363
7.21710914314488
5.90206052690478
5.24453621948939
7.21710914314488
6.55958483478997
7.87463345196976
5.90206052690478
10.5047306919697
9.84720638126452
9.84720638126452
9.84720638126452
9.84720638126452
9.84720638126452
10.5047306919697
9.18968207102955
9.18968207102955
7.21710914314488
5.24453621948939
6.55958483478997
5.90206052690478
4.58701191254363
6.55958483478997
3.92948760606743
5.24453621948939
7.21710914314488
7.21710914314488
7.21710914314488
10.5047306919697
8.53215776126459
10.5047306919697
9.84720638126452
9.84720638126452
8.53215776126459
8.53215776126459
7.87463345196976
6.55958483478997
7.21710914314488
3.92948760606743
5.24453621948939
4.58701191254363
5.24453621948939
5.90206052690478
6.55958483478997
6.55958483478997
9.18968207102955
7.87463345196976
9.18968207102955
8.53215776126459
9.18968207102955
8.53215776126459
10.5047306919697
7.21710914314488
9.18968207102955
7.87463345196976
6.55958483478997
6.55958483478997
5.90206052690478
7.21710914314488
5.24453621948939
6.55958483478997
5.90206052690478
6.55958483478997
7.21710914314488
7.21710914314488
9.84720638126452
7.87463345196976
8.53215776126459
7.87463345196976
8.53215776126459
9.84720638126452
9.18968207102955
8.53215776126459
7.87463345196976
8.53215776126459
6.55958483478997
6.55958483478997
4.58701191254363
5.24453621948939
4.58701191254363
5.90206052690478
3.92948760606743
6.55958483478997
5.24453621948939
9.18968207102955
9.18968207102955
